// list of all congruence groups with genus  12
// with  136 <= level < 144
//
// by c cummins and s pauli
// load "csg12-lev128.dat";
import "csg12-lev128.dat" : L12_128;
L12_136 := L12_128 cat 
[ PowerStructure(Rec) |
    rec<recformat<generators: SeqEnum, level: IntegerRing(), genus: 
    IntegerRing(), index: IntegerRing(), contains_minus_one: BoolElt, subgroups:
    SeqEnum, supergroups: SeqEnum, name: MonStgElt, label: MonStgElt, order: 
    IntegerRing(), GLZConj: IntegerRing(), matgens: SeqEnum, cusps: SeqEnum, c2:
    SeqEnum, c3: SeqEnum, gc: SeqEnum, projections: SeqEnum, special_name: 
    SeqEnum, special_name_html: SeqEnum, direct_subgroups: SeqEnum, 
    direct_supergroups: SeqEnum, length: IntegerRing(), treename: SeqEnum, 
    treesupergroups: SeqEnum> | generators := [ PowerSequence(IntegerRing()) |
        [ IntegerRing() | -1, 2, 2, 2, 2, 2, 2, 2, 2, 2, 2, 2, 2, 2, 2, 2, 2, 2,
        2, 2, 2, 2, 2, -1, -2, -2, 1, -2, -2, -1, -2, -2, -1, -2, -2, 1, -2, -2,
        -1, -2, -2, -1, -2, -2, 1, -2, -2, -1, -2, -2, -1, -2, -2, 1, -2, -2, 
        -1, -2, -2, -1, -2, -2, 1, -2, -2, -1, -2, -2, -1, -2, -2, 1, -2, -2, 
        -1, -2, -2, -1, -2, -2, 1, -2, -2, -1, -2, -2, -1, -2, -2, 1, -2, -2, 
        -1, -2, -2, -1, -2, -2, 1, -2, -2, -1, -2, -2, -1, -2, -2, 1, -2, -2, 
        -1, -2, -2, -1, -2, -2, 1, -2, -2, -1, -2, -2, -1, -2, -2, 1, -2, -2, 
        -1, -2, -2, -1, -2, -2, 1, -2, -2, -1, -2, -2, -1, -2, -2, 1, -2, -2, 
        -1, -2, -2, -1, -2, -2, 1, -2, -2, -1, -2, -2, -1, -2, -2, 1, -2, -2, 
        -1, -2, -2, -1, -2, -2, 1, -2, -2, -1, -2, -2, -1, -2, -2, 1, -2, -2, 
        -1, -2, -2, -1, -2, -2, 1, -2, -2, -1, -2, -2, -1, -2, -2, 1, -2, -2, 
        -1, -2, -2, -1, -2, -2, 1, -2, -2, -1, -2, -2, -2, -2, -2, -2, -2, -2, 
        -2, -2, -2, -2, -2, -2, -2, -2, -2, -2, -2, -2, -2, -2, -2, -2, -2, -2, 
        -2, -2, -2, -2, -2, -2, -2, -2, -2, -2, -2, -2, -2, -2, -2, -2, -2, -2, 
        -2, -2, -2, -2, -2, -2, -2, -2, -2, -2, -2, -2, -2, -2, -2, -2, -2, -2, 
        -2, -2, -2, -2, -2, -2, -2, -2, -2, -2, -2, -2, -2, -2, -2, -2, -2, -2, 
        -2, -2, -2, -2, -2, -2, -2, -2, -2, -2, -2, -2, -2, -2, -2, -2, -2, -2, 
        -2, -2, -2, -2, -2, -2, -2, -2, -2, -2, -2, -2, -2, -2, -2, -2, -2, -2, 
        -2, -2, -2, -2, -2, -2, -2, -2, -2, -2, -1, -2, -2, 1, -2, -2, -1, -1, 
        -2, -2, 1, -2, -2, -1, -2, -2, 1, -2, -2, 1 ],
        [ IntegerRing() | -1, 2, 2, 2, 2, 2, 2, 2, 2, 2, 2, 2, 2, 2, 2, 2, 2, 2,
        2, 2, 2, 2, 2, -1, -2, -2, 1, -2, -2, -1, -2, -2, -1, -2, -2, 1, -2, -2,
        -1, -2, -2, -1, -2, -2, 1, -2, -2, -1, -2, -2, -1, -2, -2, 1, -2, -2, 
        -1, -2, -2, -1, -2, -2, 1, -2, -2, -1, -2, -2, -1, -2, -2, 1, -2, -2, 
        -1, -2, -2, -1, -2, -2, 1, -2, -2, -1, -2, -2, -1, -2, -2, 1, -2, -2, 
        -1, -2, -2, -1, -2, -2, 1, -2, -2, -1, -2, -2, -1, -2, -2, 1, -2, -2, 
        -1, -2, -2, -1, -2, -2, 1, -2, -2, -1, -2, -2, -1, -2, -2, 1, -2, -2, 
        -1, -2, -2, -1, -2, -2, 1, -2, -2, -1, -2, -2, -1, -2, -2, 1, -2, -2, 
        -1, -2, -2, -1, -2, -2, 1, -2, -2, -1, -2, -2, -1, -2, -2, 1, -2, -2, 
        -1, -2, -2, -1, -2, -2, 1, -2, -2, -1, -2, -2, -1, -2, -2, 1, -2, -2, 
        -1, -2, -2, -1, -2, -2, 1, -2, -2, -1, -2, -2, -1, -2, -2, 1, -2, -2, 
        -1, -2, -2, -1, -2, -2, 1, -2, -2, -1, -2, -2, -1, -2, -2, 1, -2, -2, 
        -1, -2, -2, -1, -2, -2, 1, -2, -2, -1, -2, -2, -1, -2, -2, 1, -2, -2, 
        -1, -2, -2, -1, -2, -2, 1, -2, -2, -1, -2, -2, -1, -2, -2, 1, -2, -2, 
        -1, -2, -2, -1, -2, -2, 1, -2, -2, -1, -2, -2, -1, -2, -2, 1, -2, -2, 
        -1, -2, -2, -1, -2, -2, 1, -2, -2, -1, -2, -2, -1, -2, -2, 1, -2, -2, 
        -1, -2, -2, -1, -2, -2, 1, -2, -2, -1, -2, -2, -1, -2, -2, 1, -2, -2, 
        -1, -2, -2, -1, -2, -2, 1, -2, -2, -1, -2, -2, -1, -2, -2, 1, -2, -2, 
        -1, -2, -2, -1, -2, -2, 1, -2, -2, -1, -2, -2, -1, -2, -2, 1, -2, -2, 
        -1, -2, -2, -1, -2, -2, 1, -2, -2, -1, -2, -2, -2, -2, -2, -2, -2, -2, 
        -2, -2, -2, -2, -2, -2, -2, -2, -2, -2, -2, -2, -2, -2, -2, -2, -2, -2, 
        -2, -2, -2, -2, -2, -2, -2, -2, -1, -2, -2, 1, -2, -2, -1, -1, -2, -2, 
        1, -2, -2, -1, -2, -2, -1, -2, -2, 1, -2, -2, 1, 1 ],
        [ IntegerRing() | -1, 2, 2, 2, 2, 2, 2, 2, 2, 2, 2, 2, 2, 2, 2, 2, 2, 2,
        2, 2, 2, 2, 2, -1, -2, -2, 1, -2, -2, -1, -2, -2, -1, -2, -2, 1, -2, -2,
        -1, -2, -2, -1, -2, -2, 1, -2, -2, -1, -2, -2, -1, -2, -2, 1, -2, -2, 
        -1, -2, -2, -1, -2, -2, 1, -2, -2, -1, -2, -2, -1, -2, -2, 1, -2, -2, 
        -1, -2, -2, -1, -2, -2, 1, -2, -2, -1, -2, -2, -1, -2, -2, 1, -2, -2, 
        -1, -2, -2, -1, -2, -2, 1, -2, -2, -1, -2, -2, -1, -2, -2, 1, -2, -2, 
        -1, -2, -2, -1, -2, -2, 1, -2, -2, -1, -2, -2, -1, -2, -2, 1, -2, -2, 
        -1, -2, -2, -1, -2, -2, 1, -2, -2, -1, -2, -2, -1, -2, -2, 1, -2, -2, 
        -1, -2, -2, -1, -2, -2, 1, -2, -2, -1, -2, -2, -1, -2, -2, 1, -2, -2, 
        -1, -2, -2, -1, -2, -2, 1, -2, -2, -1, -2, -2, -1, -2, -2, 1, -2, -2, 
        -1, -2, -2, -1, -2, -2, 1, -2, -2, -1, -2, -2, -1, -2, -2, 1, -2, -2, 
        -1, -2, -2, -1, -2, -2, 1, -2, -2, -1, -2, -2, -1, -2, -2, 1, -2, -2, 
        -1, -2, -2, -1, -2, -2, 1, -2, -2, -1, -2, -2, -1, -2, -2, 1, -2, -2, 
        -1, -2, -2, -1, -2, -2, 1, -2, -2, -1, -2, -2, -1, -2, -2, 1, -2, -2, 
        -1, -2, -2, -1, -2, -2, 1, -2, -2, -1, -2, -2, -1, -2, -2, 1, -2, -2, 
        -1, -2, -2, -1, -2, -2, 1, -2, -2, -1, -2, -2, -1, -2, -2, 1, -2, -2, 
        -1, -2, -2, -1, -2, -2, 1, -2, -2, -1, -2, -2, -1, -2, -2, 1, -2, -2, 
        -1, -2, -2, -1, -2, -2, 1, -2, -2, -1, -2, -2, -1, -2, -2, 1, -2, -2, 
        -1, -2, -2, -1, -2, -2, 1, -2, -2, -1, -2, -2, -1, -2, -2, 1, -2, -2, 
        -1, -2, -2, -1, -2, -2, 1, -2, -2, -1, -2, -2, -1, -2, -2, 1, -2, -2, 
        -1, -2, -2, -1, -2, -2, 1, -2, -2, -1, -2, -2, -1, -2, -2, 1, -2, -2, 
        -1, -2, -2, -1, -2, -2, 1, -2, -2, -1, -2, -2, -1, -2, -2, 1, -2, -2, 
        -1, -2, -2, -1, -2, -2, 1, -2, -2, -1, -2, -2, -1, -2, -2, 1, -2, -2, 
        -1, -2, -2, -1, -2, -2, 1, -2, -2, -1, -2, -2, -2, -2, -2, -2, -2, -2, 
        -2, -2, -2, -2, -2, -2, -2, -2, -2, -2, -2, -2, -2, -2, -2, -2, -2, -2, 
        -2, -2, -2, -2, -2, -2, -2, -2, -2, -2, -2, -2, -2, -2, -2, -2, -2, -2, 
        -2, -2, -2, -2, -2, -2, -2, -2, -2, -2, -2, -2, -2, -2, -2, -2, -2, -2, 
        -2, -2, -2, -2, -2, -2, -2, -2, -2, -2, -2, -2, -2, 1 ],
        [ IntegerRing() | 1, 1 ],
        [ IntegerRing() | -1, 2, 2, 2, 2, 2, 2, 2, 2, 2, 2, 2, 2, 2, 2, 2, 2, 2,
        2, 2, 2, 2, 2, -1, -2, -2, 1, -2, -2, -1, -2, -2, -1, -2, -2, 1, -2, -2,
        -1, -2, -2, -1, -2, -2, 1, -2, -2, -1, -2, -2, -1, -2, -2, 1, -2, -2, 
        -1, -2, -2, -1, -2, -2, 1, -2, -2, -1, -2, -2, -1, -2, -2, 1, -2, -2, 
        -1, -2, -2, -1, -2, -2, 1, -2, -2, -1, -2, -2, -1, -2, -2, 1, -2, -2, 
        -1, -2, -2, -1, -2, -2, 1, -2, -2, -1, -2, -2, -1, -2, -2, 1, -2, -2, 
        -1, -2, -2, -1, -2, -2, 1, -2, -2, -1, -2, -2, -1, -2, -2, 1, -2, -2, 
        -1, -2, -2, -1, -2, -2, 1, -2, -2, -1, -2, -2, -1, -2, -2, 1, -2, -2, 
        -1, -2, -2, -1, -2, -2, 1, -2, -2, -1, -2, -2, -1, -2, -2, 1, -2, -2, 
        -1, -2, -2, -2, -2, -2, -2, -2, -2, -2, -2, -2, -2, -2, -2, -2, -2, -2, 
        -2, -2, -2, -2, -2, -2, -2, -2, -2, -2, -2, -2, -2, -2, -2, -2, -2, -2, 
        -2, -2, -2, -2, -2, -2, -2, -2, -2, -2, -2, -2, -2, -2, -2, -2, -2, -2, 
        -2, -2, -2, -2, -2, -2, -2, -2, -2, -2, -2, -2, -2, -2, -2, -2, -2, 1, 
        -2, -2 ],
        [ IntegerRing() | -1, 2, 2, 2, 2, 2, 2, 2, 2, 2, 2, 2, 2, 2, 2, 2, 2, 2,
        2, 2, 2, 2, 2, -1, -2, -2, 1, -2, -2, -1, -2, -2, -1, -2, -2, 1, -2, -2,
        -1, -2, -2, -1, -2, -2, 1, -2, -2, -1, -2, -2, -1, -2, -2, 1, -2, -2, 
        -1, -2, -2, -1, -2, -2, 1, -2, -2, -1, -2, -2, -1, -2, -2, 1, -2, -2, 
        -1, -2, -2, -1, -2, -2, 1, -2, -2, -1, -2, -2, -1, -2, -2, 1, -2, -2, 
        -1, -2, -2, -1, -2, -2, 1, -2, -2, -1, -2, -2, -1, -2, -2, 1, -2, -2, 
        -1, -2, -2, -1, -2, -2, 1, -2, -2, -1, -2, -2, -1, -2, -2, 1, -2, -2, 
        -1, -2, -2, -1, -2, -2, 1, -2, -2, -1, -2, -2, -1, -2, -2, 1, -2, -2, 
        -1, -2, -2, -1, -2, -2, 1, -2, -2, -1, -2, -2, -1, -2, -2, 1, -2, -2, 
        -1, -2, -2, -1, -2, -2, 1, -2, -2, -1, -2, -2, -1, -2, -2, 1, -2, -2, 
        -1, -2, -2, -1, -2, -2, 1, -2, -2, -1, -2, -2, -1, -2, -2, 1, -2, -2, 
        -1, -2, -2, -1, -2, -2, 1, -2, -2, -1, -2, -2, -1, -2, -2, 1, -2, -2, 
        -1, -2, -2, -1, -2, -2, 1, -2, -2, -1, -2, -2, -1, -2, -2, 1, -2, -2, 
        -1, -2, -2, -1, -2, -2, 1, -2, -2, -1, -2, -2, -1, -2, -2, 1, -2, -2, 
        -1, -2, -2, -1, -2, -2, 1, -2, -2, -1, -2, -2, -1, -2, -2, 1, -2, -2, 
        -1, -2, -2, -1, -2, -2, 1, -2, -2, -1, -2, -2, -1, -2, -2, 1, -2, -2, 
        -1, -2, -2, -1, -2, -2, 1, -2, -2, -1, -2, -2, -1, -2, -2, 1, -2, -2, 
        -1, -2, -2, -1, -2, -2, 1, -2, -2, -1, -2, -2, -1, -2, -2, 1, -2, -2, 
        -1, -2, -2, -1, -2, -2, 1, -2, -2, -1, -2, -2, -1, -2, -2, 1, -2, -2, 
        -1, -2, -2, -1, -2, -2, 1, -2, -2, -1, -2, -2, -1, -2, -2, 1, -2, -2, 
        -1, -2, -2, -2, -2, -2, -2, -2, -2, -2, -2, -2, -2, -2, -2, -2, -2, -2, 
        -2, -2, -2, -2, -2, -2, -2, -2, -2, -2, -2, -2, -2, -2, -2, -2, -2, -2, 
        -2, -2, -2, -2, -2, -2, -2, -2, -2, -2, -2, -2, -2, -2, -2, -2, -2, -2, 
        -2, -2, -2, -2, -2, -2, -2, -2, -2, -2, -2, -2, -2, -2, -2, -2, -2, -2, 
        -2, -2, -2, -2, -2, -2, -2, -1, -2, -2, 1, -2, -2, -1, -1, -2, -2, 1, 
        -2, -2, -1, -1, -2, -2, 1, -2, -2, -1, -2, -2, -1, -2, -2, 1, -2, -2 ],
        [ IntegerRing() | -1, 2, 2, 2, 2, 2, 2, 2, 2, 2, 2, 2, 2, 2, 2, 2, 2, 2,
        2, 2, 2, 2, 2, -1, -2, -2, 1, -2, -2, -1, -2, -2, -1, -2, -2, 1, -2, -2,
        -1, -2, -2, -1, -2, -2, 1, -2, -2, -1, -2, -2, -1, -2, -2, 1, -2, -2, 
        -1, -2, -2, -1, -2, -2, 1, -2, -2, -1, -2, -2, -1, -2, -2, 1, -2, -2, 
        -1, -2, -2, -1, -2, -2, 1, -2, -2, -1, -2, -2, -1, -2, -2, 1, -2, -2, 
        -1, -2, -2, -1, -2, -2, 1, -2, -2, -1, -2, -2, -1, -2, -2, 1, -2, -2, 
        -1, -2, -2, -1, -2, -2, 1, -2, -2, -1, -2, -2, -1, -2, -2, 1, -2, -2, 
        -1, -2, -2, -1, -2, -2, 1, -2, -2, -1, -2, -2, -1, -2, -2, 1, -2, -2, 
        -1, -2, -2, -1, -2, -2, 1, -2, -2, -1, -2, -2, -1, -2, -2, 1, -2, -2, 
        -1, -2, -2, -1, -2, -2, 1, -2, -2, -1, -2, -2, -1, -2, -2, 1, -2, -2, 
        -1, -2, -2, -1, -2, -2, 1, -2, -2, -1, -2, -2, -1, -2, -2, 1, -2, -2, 
        -1, -2, -2, -1, -2, -2, 1, -2, -2, -1, -2, -2, -1, -2, -2, 1, -2, -2, 
        -1, -2, -2, -1, -2, -2, 1, -2, -2, -1, -2, -2, -2, -2, -2, -2, -2, -2, 
        -2, -2, -2, -2, -2, -2, -2, -2, -2, -2, -2, -2, -2, -2, -2, -2, -2, -2, 
        -2, -2, -2, -2, -2, -2, -2, -2, -2, -2, -2, -2, -2, -2, -2, -2, -2, -2, 
        -2, -2, -2, -2, -2, -2, -2, -2, -2, -2, -2, -2, -2, -2, -2, -2, -2, -2, 
        -2, -2, -2, -2, -2, -2, -2, -2, -2, -2, -2, -2, -2, -2, -2, -2, -2, -2, 
        -2, -2, -2, -2, -2, -2, -2, -2, -2, -2, -2, -2, -2, 1 ]
    ], level := 138, genus := 12, index := 144, contains_minus_one := true, 
    subgroups := [ IntegerRing() | 7676, 8072, 8074 ], supergroups := [ 
    IntegerRing() | 2, 5, 122, 828, 1283 ], name := "138A12", label := "A", 
    order := 12144, GLZConj := 1, matgens := [ PowerSequence(IntegerRing(138)) |
        [ IntegerRing(138) | 1, 46, 46, 47 ],
        [ IntegerRing(138) | 1, 69, 69, 70 ],
        [ IntegerRing(138) | 47, 0, 0, 47 ],
        [ IntegerRing(138) | 47, 46, 46, 1 ],
        [ IntegerRing(138) | 55, 135, 51, 70 ],
        [ IntegerRing(138) | 73, 12, 120, 67 ],
        [ IntegerRing(138) | 137, 0, 0, 137 ]
    ], cusps := [ IntegerRing() | 6, 138 ], c2 := [ IntegerRing() | 2, 2, 2, 2, 
    2, 2, 2, 2, 2, 2, 2, 2, 2, 2, 2, 2, 2, 2, 2, 2, 2, 2, 2, 2, 2, 2, 2, 2, 2, 
    2, 2, 2, 2, 2, 2, 2, 2, 2, 2, 2, 2, 2, 2, 2, 2, 2, 2, 2, 2, 2, 2, 2, 2, 2, 
    2, 2, 2, 2, 2, 2, 2, 2, 2, 2, 2, 2, 2, 2, 2, 2, 2, 2 ], c3 := [ 
    IntegerRing() | 3, 3, 3, 3, 3, 3, 3, 3, 3, 3, 3, 3, 3, 3, 3, 3, 3, 3, 3, 3, 
    3, 3, 3, 3, 3, 3, 3, 3, 3, 3, 3, 3, 3, 3, 3, 3, 3, 3, 3, 3, 3, 3, 3, 3, 3, 
    3, 3, 3 ], gc := [ IntegerRing() | 1, 1, 22 ], special_name := [], 
    special_name_html := [], direct_subgroups := [ IntegerRing() | 7676, 8072, 
    8074 ], direct_supergroups := [ IntegerRing() | 122, 828, 1283 ], length := 
    24, treename := [ PowerSequence(IntegerRing()) |
        [ IntegerRing() | 414, 2, 5, 12 ],
        [ IntegerRing() | 414, 2, 8, 6 ],
        [ IntegerRing() | 552, 2, 5, 9 ],
        [ IntegerRing() | 552, 2, 8, 7 ]
    ], treesupergroups := [ PowerSequence(IntegerRing()) |
        [ IntegerRing() | 414, 2, 5 ],
        [ IntegerRing() | 414, 2, 8 ],
        [ IntegerRing() | 300, 6, 8 ],
        [ IntegerRing() | 300, 8 ],
        [ IntegerRing() | 300, 6 ],
        [ IntegerRing() | 552, 2, 5 ],
        [ IntegerRing() | 552, 2, 8 ]
    ]>,
    rec<recformat<generators: SeqEnum, level: IntegerRing(), genus: 
    IntegerRing(), index: IntegerRing(), contains_minus_one: BoolElt, subgroups:
    SeqEnum, supergroups: SeqEnum, name: MonStgElt, label: MonStgElt, order: 
    IntegerRing(), GLZConj: IntegerRing(), matgens: SeqEnum, cusps: SeqEnum, c2:
    SeqEnum, c3: SeqEnum, gc: SeqEnum, projections: SeqEnum, special_name: 
    SeqEnum, special_name_html: SeqEnum, direct_subgroups: SeqEnum, 
    direct_supergroups: SeqEnum, length: IntegerRing(), treename: SeqEnum, 
    treesupergroups: SeqEnum> | generators := [ PowerSequence(IntegerRing()) |
        [ IntegerRing() | -1, 2, 2, 2, 2, 2, 2, 2, 2, 2, 2, 2, 2, 2, 2, 2, 2, 2,
        2, 2, 2, 2, 2, -1, -2, -2, 1, -2, -2, -1, -2, -2, -1, -2, -2, 1, -2, -2,
        -1, -2, -2, -1, -2, -2, 1, -2, -2, -1, -2, -2, -1, -2, -2, 1, -2, -2, 
        -1, -2, -2, -1, -2, -2, 1, -2, -2, -1, -2, -2, -1, -2, -2, 1, -2, -2, 
        -1, -2, -2, -1, -2, -2, 1, -2, -2, -1, -2, -2, -1, -2, -2, 1, -2, -2, 
        -1, -2, -2, -1, -2, -2, 1, -2, -2, -1, -2, -2, -1, -2, -2, 1, -2, -2, 
        -1, -2, -2, -1, -2, -2, 1, -2, -2, -1, -2, -2, -1, -2, -2, 1, -2, -2, 
        -1, -2, -2, -1, -2, -2, 1, -2, -2, -1, -2, -2, -1, -2, -2, 1, -2, -2, 
        -1, -2, -2, -1, -2, -2, 1, -2, -2, -1, -2, -2, -1, -2, -2, 1, -2, -2, 
        -1, -2, -2, -2, -2, -2, -2, -2, -2, -2, -2, -2, -2, -2, -2, -2, -2, -2, 
        -2, -2, -2, -2, -2, -2, -2, -2, -2, -2, -2, -2, -2, -2, -2, -2, -2, -2, 
        -2, -2, -2, -2, -2, -2, -2, -2, -2, -2, -2, -2, -2, -2, -2, -2, -2, -2, 
        -2, -2, -2, -2, -2, -2, -2, -2, -2, -2, -2, -2, -2, -2, -2, -2, -2, 1, 
        -2, -2 ],
        [ IntegerRing() | -1, 2, 2, 2, 2, 2, 2, 2, 2, 2, 2, 2, 2, 2, 2, 2, 2, 2,
        2, 2, 2, 2, 2, -1, -2, -2, 1, -2, -2, -1, -2, -2, -1, -2, -2, 1, -2, -2,
        -1, -2, -2, -1, -2, -2, 1, -2, -2, -1, -2, -2, -1, -2, -2, 1, -2, -2, 
        -1, -2, -2, -1, -2, -2, 1, -2, -2, -1, -2, -2, -1, -2, -2, 1, -2, -2, 
        -1, -2, -2, -1, -2, -2, 1, -2, -2, -1, -2, -2, -1, -2, -2, 1, -2, -2, 
        -1, -2, -2, -1, -2, -2, 1, -2, -2, -1, -2, -2, -1, -2, -2, 1, -2, -2, 
        -1, -2, -2, -1, -2, -2, 1, -2, -2, -1, -2, -2, -1, -2, -2, 1, -2, -2, 
        -1, -2, -2, -1, -2, -2, 1, -2, -2, -1, -2, -2, -1, -2, -2, 1, -2, -2, 
        -1, -2, -2, -1, -2, -2, 1, -2, -2, -1, -2, -2, -1, -2, -2, 1, -2, -2, 
        -1, -2, -2, -1, -2, -2, 1, -2, -2, -1, -2, -2, -1, -2, -2, 1, -2, -2, 
        -1, -2, -2, -1, -2, -2, 1, -2, -2, -1, -2, -2, -1, -2, -2, 1, -2, -2, 
        -1, -2, -2, -1, -2, -2, 1, -2, -2, -1, -2, -2, -1, -2, -2, 1, -2, -2, 
        -1, -2, -2, -1, -2, -2, 1, -2, -2, -1, -2, -2, -1, -2, -2, 1, -2, -2, 
        -1, -2, -2, -2, -2, -2, -2, -2, -2, -2, -2, -2, -2, -2, -2, -2, -2, -2, 
        -2, -2, -2, -2, -2, -2, -2, -2, -2, -2, -2, -2, -2, -2, -2, -2, -2, -2, 
        -2, -2, -2, -2, -2, -2, -2, -2, -2, -2, -2, -2, -2, -2, -2, -2, -2, -2, 
        -2, -2, -2, -2, -2, -2, -2, -2, -2, -2, -2, -2, -2, -2, -2, -2, -2, -2, 
        -2, -2, -2, -2, -2, -2, -2, -2, -2, -2, -2, -2, -2, -2, -2, -2, -2, -2, 
        -2, -1, -2, -2, 1, -2, -2, -1, -1, -2, -2, 1, -2, -2, -1, -1, -2, -2, 1,
        -2, -2, 1 ],
        [ IntegerRing() | -1, 2, 2, 2, 2, 2, 2, 2, 2, 2, 2, 2, 2, 2, 2, 2, 2, 2,
        2, 2, 2, 2, 2, -1, -2, -2, 1, -2, -2, -1, -2, -2, -1, -2, -2, 1, -2, -2,
        -1, -2, -2, -1, -2, -2, 1, -2, -2, -1, -2, -2, -1, -2, -2, 1, -2, -2, 
        -1, -2, -2, -1, -2, -2, 1, -2, -2, -1, -2, -2, -1, -2, -2, 1, -2, -2, 
        -1, -2, -2, -1, -2, -2, 1, -2, -2, -1, -2, -2, -1, -2, -2, 1, -2, -2, 
        -1, -2, -2, -1, -2, -2, 1, -2, -2, -1, -2, -2, -1, -2, -2, 1, -2, -2, 
        -1, -2, -2, -1, -2, -2, 1, -2, -2, -1, -2, -2, -1, -2, -2, 1, -2, -2, 
        -1, -2, -2, -2, -2, -2, -2, -2, -2, -2, -2, -2, -2, -2, -2, -2, -2, -2, 
        -2, -2, -2, -2, -2, -2, -2, -2, -2, -2, -2, -2, -2, -2, -2, -2, -2, -2, 
        -2, -2, -2, -2, -2, -2, -2, -2, -2, -2, -2, -2, -2, -2, -2, -2, -2, -2, 
        -2, -2, -2, -2, -2, -2, -2, -2, -2, -2, -2, -2, -2, -2, -2, -2, -2, -2, 
        -2, -2, -2, -2, -2, -2, -2, -2, -2, -2, -2, -2, -2, -2, -2, -2, -2, -2, 
        -2, -2, -2, -2, -2, -2, -2, -2, -2, -2, -2, -2, -2, -2, -2, -2, -2, -2, 
        -2, -2, -2, -2, -2, -2, -2, -2, -2, -2, -2, -2, -2, -2, -2, -2, -2, -2, 
        -2, -1, -2, -2, 1, -2, -2, -1, -1, -2, -2, 1, -2, -2, -1, -2, -2, -1, 
        -2, -2, 1, -2, -2, -1, -1, -2, -2, 1, -2, -2 ],
        [ IntegerRing() | -1, 2, 2, 2, 2, 2, 2, 2, 2, 2, 2, 2, 2, 2, 2, 2, 2, 2,
        2, 2, 2, 2, 2, -1, -2, -2, 1, -2, -2, -1, -2, -2, -1, -2, -2, 1, -2, -2,
        -1, -2, -2, -1, -2, -2, 1, -2, -2, -1, -2, -2, -1, -2, -2, 1, -2, -2, 
        -1, -2, -2, -1, -2, -2, 1, -2, -2, -1, -2, -2, -1, -2, -2, 1, -2, -2, 
        -1, -2, -2, -1, -2, -2, 1, -2, -2, -1, -2, -2, -1, -2, -2, 1, -2, -2, 
        -1, -2, -2, -1, -2, -2, 1, -2, -2, -1, -2, -2, -1, -2, -2, 1, -2, -2, 
        -1, -2, -2, -1, -2, -2, 1, -2, -2, -1, -2, -2, -1, -2, -2, 1, -2, -2, 
        -1, -2, -2, -1, -2, -2, 1, -2, -2, -1, -2, -2, -1, -2, -2, 1, -2, -2, 
        -1, -2, -2, -1, -2, -2, 1, -2, -2, -1, -2, -2, -1, -2, -2, 1, -2, -2, 
        -1, -2, -2, -1, -2, -2, 1, -2, -2, -1, -2, -2, -1, -2, -2, 1, -2, -2, 
        -1, -2, -2, -1, -2, -2, 1, -2, -2, -1, -2, -2, -1, -2, -2, 1, -2, -2, 
        -1, -2, -2, -1, -2, -2, 1, -2, -2, -1, -2, -2, -1, -2, -2, 1, -2, -2, 
        -1, -2, -2, -1, -2, -2, 1, -2, -2, -1, -2, -2, -1, -2, -2, 1, -2, -2, 
        -1, -2, -2, -1, -2, -2, 1, -2, -2, -1, -2, -2, -1, -2, -2, 1, -2, -2, 
        -1, -2, -2, -1, -2, -2, 1, -2, -2, -1, -2, -2, -1, -2, -2, 1, -2, -2, 
        -1, -2, -2, -1, -2, -2, 1, -2, -2, -1, -2, -2, -1, -2, -2, 1, -2, -2, 
        -1, -2, -2, -1, -2, -2, 1, -2, -2, -1, -2, -2, -1, -2, -2, 1, -2, -2, 
        -1, -2, -2, -1, -2, -2, 1, -2, -2, -1, -2, -2, -1, -2, -2, 1, -2, -2, 
        -1, -2, -2, -1, -2, -2, 1, -2, -2, -1, -2, -2, -1, -2, -2, 1, -2, -2, 
        -1, -2, -2, -1, -2, -2, 1, -2, -2, -1, -2, -2, -1, -2, -2, 1, -2, -2, 
        -1, -2, -2, -1, -2, -2, 1, -2, -2, -1, -2, -2, -1, -2, -2, 1, -2, -2, 
        -1, -2, -2, -1, -2, -2, 1, -2, -2, -1, -2, -2, -1, -2, -2, 1, -2, -2, 
        -1, -2, -2, -1, -2, -2, 1, -2, -2, -1, -2, -2, -1, -2, -2, 1, -2, -2, 
        -1, -2, -2, -2, -2, -2, -2, -2, -2, -2, -2, -2, -2, -2, -2, -2, -2, -2, 
        -2, -2, -2, -2, -2, -2, -2, -2, -2, -2, -2, -2, -2, -2, -2, -2, -2, -2, 
        -2, -2, -2, -2, -2, -2, -2, 1 ],
        [ IntegerRing() | -1, 2, 2, 2, 2, 2, 2, 2, 2, 2, 2, 2, 2, 2, 2, 2, 2, 2,
        2, 2, 2, 2, 2, -1, -2, -2, 1, -2, -2, -1, -2, -2, -1, -2, -2, 1, -2, -2,
        -1, -2, -2, -1, -2, -2, 1, -2, -2, -1, -2, -2, -1, -2, -2, 1, -2, -2, 
        -1, -2, -2, -1, -2, -2, 1, -2, -2, -1, -2, -2, -1, -2, -2, 1, -2, -2, 
        -1, -2, -2, -1, -2, -2, 1, -2, -2, -1, -2, -2, -1, -2, -2, 1, -2, -2, 
        -1, -2, -2, -1, -2, -2, 1, -2, -2, -1, -2, -2, -1, -2, -2, 1, -2, -2, 
        -1, -2, -2, -1, -2, -2, 1, -2, -2, -1, -2, -2, -1, -2, -2, 1, -2, -2, 
        -1, -2, -2, -1, -2, -2, 1, -2, -2, -1, -2, -2, -1, -2, -2, 1, -2, -2, 
        -1, -2, -2, -1, -2, -2, 1, -2, -2, -1, -2, -2, -1, -2, -2, 1, -2, -2, 
        -1, -2, -2, -1, -2, -2, 1, -2, -2, -1, -2, -2, -1, -2, -2, 1, -2, -2, 
        -1, -2, -2, -1, -2, -2, 1, -2, -2, -1, -2, -2, -1, -2, -2, 1, -2, -2, 
        -1, -2, -2, -1, -2, -2, 1, -2, -2, -1, -2, -2, -1, -2, -2, 1, -2, -2, 
        -1, -2, -2, -1, -2, -2, 1, -2, -2, -1, -2, -2, -2, -2, -2, -2, -2, -2, 
        -2, -2, -2, -2, -2, -2, -2, -2, -2, -2, -2, -2, -2, -2, -2, -2, -2, -2, 
        -2, -2, -2, -2, -2, -2, -2, -2, -2, -2, -2, -2, -2, -2, -2, -2, -2, -2, 
        -2, -2, -2, 1 ],
        [ IntegerRing() | -1, 2, 2, 2, 2, 2, 2, 2, 2, 2, 2, 2, 2, 2, 2, 2, 2, 2,
        2, 2, 2, 2, 2, -1, -2, -2, 1, -2, -2, -1, -2, -2, -1, -2, -2, 1, -2, -2,
        -1, -2, -2, -1, -2, -2, 1, -2, -2, -1, -2, -2, -1, -2, -2, 1, -2, -2, 
        -1, -2, -2, -1, -2, -2, 1, -2, -2, -1, -2, -2, -1, -2, -2, 1, -2, -2, 
        -1, -2, -2, -1, -2, -2, 1, -2, -2, -1, -2, -2, -1, -2, -2, 1, -2, -2, 
        -1, -2, -2, -1, -2, -2, 1, -2, -2, -1, -2, -2, -1, -2, -2, 1, -2, -2, 
        -1, -2, -2, -1, -2, -2, 1, -2, -2, -1, -2, -2, -1, -2, -2, 1, -2, -2, 
        -1, -2, -2, -1, -2, -2, 1, -2, -2, -1, -2, -2, -1, -2, -2, 1, -2, -2, 
        -1, -2, -2, -1, -2, -2, 1, -2, -2, -1, -2, -2, -1, -2, -2, 1, -2, -2, 
        -1, -2, -2, -1, -2, -2, 1, -2, -2, -1, -2, -2, -1, -2, -2, 1, -2, -2, 
        -1, -2, -2, -1, -2, -2, 1, -2, -2, -1, -2, -2, -1, -2, -2, 1, -2, -2, 
        -1, -2, -2, -1, -2, -2, 1, -2, -2, -1, -2, -2, -1, -2, -2, 1, -2, -2, 
        -1, -2, -2, -1, -2, -2, 1, -2, -2, -1, -2, -2, -1, -2, -2, 1, -2, -2, 
        -1, -2, -2, -1, -2, -2, 1, -2, -2, -1, -2, -2, -1, -2, -2, 1, -2, -2, 
        -1, -2, -2, -1, -2, -2, 1, -2, -2, -1, -2, -2, -1, -2, -2, 1, -2, -2, 
        -1, -2, -2, -1, -2, -2, 1, -2, -2, -1, -2, -2, -1, -2, -2, 1, -2, -2, 
        -1, -2, -2, -1, -2, -2, 1, -2, -2, -1, -2, -2, -1, -2, -2, 1, -2, -2, 
        -1, -2, -2, -1, -2, -2, 1, -2, -2, -1, -2, -2, -1, -2, -2, 1, -2, -2, 
        -1, -2, -2, -1, -2, -2, 1, -2, -2, -1, -2, -2, -1, -2, -2, 1, -2, -2, 
        -1, -2, -2, -1, -2, -2, 1, -2, -2, -1, -2, -2, -1, -2, -2, 1, -2, -2, 
        -1, -2, -2, -2, -2, -2, -2, -2, -2, -2, -2, -2, -2, -2, -2, -2, -2, -2, 
        -2, -2, -2, -2, -2, -2, -2, -2, -2, -2, -2, -2, -2, -2, -2, -2, -2, -2, 
        -2, -2, -2, -2, -2, -2, -2, -2, -2, -2, -2, -2, -2, -2, -2, -2, -2, -2, 
        -2, -2, -2, -2, -2, -2, -2, -2, -2, -2, -2, -1, -2, -2, 1, -2, -2, -1, 
        -2, -2, -2, -2, -2, -2, -1, -2, -2, 1, -2, -2 ],
        [ IntegerRing() | -1, 2, 2, 2, 2, 2, 2, 2, 2, 2, 2, 2, 2, 2, 2, 2, 2, 2,
        2, 2, 2, 2, 2, -1, -2, -2, 1, -2, -2, -1, -2, -2, -1, -2, -2, 1, -2, -2,
        -1, -2, -2, -1, -2, -2, 1, -2, -2, -1, -2, -2, -1, -2, -2, 1, -2, -2, 
        -1, -2, -2, -1, -2, -2, 1, -2, -2, -1, -2, -2, -1, -2, -2, 1, -2, -2, 
        -1, -2, -2, -1, -2, -2, 1, -2, -2, -1, -2, -2, -1, -2, -2, 1, -2, -2, 
        -1, -2, -2, -1, -2, -2, 1, -2, -2, -1, -2, -2, -1, -2, -2, 1, -2, -2, 
        -1, -2, -2, -1, -2, -2, 1, -2, -2, -1, -2, -2, -1, -2, -2, 1, -2, -2, 
        -1, -2, -2, -1, -2, -2, 1, -2, -2, -1, -2, -2, -1, -2, -2, 1, -2, -2, 
        -1, -2, -2, -1, -2, -2, 1, -2, -2, -1, -2, -2, -1, -2, -2, 1, -2, -2, 
        -1, -2, -2, -1, -2, -2, 1, -2, -2, -1, -2, -2, -1, -2, -2, 1, -2, -2, 
        -1, -2, -2, -1, -2, -2, 1, -2, -2, -1, -2, -2, -1, -2, -2, 1, -2, -2, 
        -1, -2, -2, -1, -2, -2, 1, -2, -2, -1, -2, -2, -1, -2, -2, 1, -2, -2, 
        -1, -2, -2, -1, -2, -2, 1, -2, -2, -1, -2, -2, -1, -2, -2, 1, -2, -2, 
        -1, -2, -2, -1, -2, -2, 1, -2, -2, -1, -2, -2, -1, -2, -2, 1, -2, -2, 
        -1, -2, -2, -1, -2, -2, 1, -2, -2, -1, -2, -2, -1, -2, -2, 1, -2, -2, 
        -1, -2, -2, -1, -2, -2, 1, -2, -2, -1, -2, -2, -1, -2, -2, 1, -2, -2, 
        -1, -2, -2, -1, -2, -2, 1, -2, -2, -1, -2, -2, -1, -2, -2, 1, -2, -2, 
        -1, -2, -2, -1, -2, -2, 1, -2, -2, -1, -2, -2, -1, -2, -2, 1, -2, -2, 
        -1, -2, -2, -1, -2, -2, 1, -2, -2, -1, -2, -2, -1, -2, -2, 1, -2, -2, 
        -1, -2, -2, -1, -2, -2, 1, -2, -2, -1, -2, -2, -2, -2, -2, -2, -2, -2, 
        -2, -2, -2, -2, -2, -2, -2, -2, -2, -2, -2, -2, -2, -2, -2, -2, -2, -2, 
        -2, -2, -2, -2, -2, -2, -2, -2, -1, -2, -2, 1, -2, -2, -1, -1, -2, -2, 
        1, -2, -2, -1, -2, -2, -1, -2, -2, 1, -2, -2, 1, 1 ]
    ], level := 138, genus := 12, index := 144, contains_minus_one := true, 
    subgroups := [ IntegerRing() | 8073 ], supergroups := [ IntegerRing() | 2, 
    24, 828 ], name := "138B12", label := "B", order := 12144, GLZConj := 1, 
    matgens := [ PowerSequence(IntegerRing(138)) |
        [ IntegerRing(138) | 1, 46, 46, 47 ],
        [ IntegerRing(138) | 1, 69, 23, 70 ],
        [ IntegerRing(138) | 7, 24, 102, 133 ],
        [ IntegerRing(138) | 31, 54, 114, 25 ],
        [ IntegerRing(138) | 31, 132, 18, 1 ],
        [ IntegerRing(138) | 47, 0, 0, 47 ],
        [ IntegerRing(138) | 93, 46, 92, 93 ]
    ], cusps := [ IntegerRing() | 6, 138 ], c2 := [ IntegerRing() | 2, 2, 2, 2, 
    2, 2, 2, 2, 2, 2, 2, 2, 2, 2, 2, 2, 2, 2, 2, 2, 2, 2, 2, 2, 2, 2, 2, 2, 2, 
    2, 2, 2, 2, 2, 2, 2, 2, 2, 2, 2, 2, 2, 2, 2, 2, 2, 2, 2, 2, 2, 2, 2, 2, 2, 
    2, 2, 2, 2, 2, 2, 2, 2, 2, 2, 2, 2, 2, 2, 2, 2, 2, 2 ], c3 := [ 
    IntegerRing() | 3, 3, 3, 3, 3, 3, 3, 3, 3, 3, 3, 3, 3, 3, 3, 3, 3, 3, 3, 3, 
    3, 3, 3, 3, 3, 3, 3, 3, 3, 3, 3, 3, 3, 3, 3, 3, 3, 3, 3, 3, 3, 3, 3, 3, 3, 
    3, 3, 3 ], gc := [ IntegerRing() | 2, 2, 44 ], special_name := [], 
    special_name_html := [], direct_subgroups := [ IntegerRing() | 8073 ], 
    direct_supergroups := [ IntegerRing() | 24, 828 ], length := 48, treename :=
    [ PowerSequence(IntegerRing()) |
        [ IntegerRing() | 414, 2, 8, 7 ],
        [ IntegerRing() | 414, 2, 8, 8 ],
        [ IntegerRing() | 552, 2, 8, 5 ],
        [ IntegerRing() | 552, 2, 8, 6 ]
    ], treesupergroups := [ PowerSequence(IntegerRing()) |
        [ IntegerRing() | 414, 2, 8 ],
        [ IntegerRing() | 414, 2, 8 ],
        [ IntegerRing() | 300, 8, 6 ],
        [ IntegerRing() | 300, 8 ],
        [ IntegerRing() | 552, 2, 8 ],
        [ IntegerRing() | 552, 2, 8 ]
    ]>,
    rec<recformat<generators: SeqEnum, level: IntegerRing(), genus: 
    IntegerRing(), index: IntegerRing(), contains_minus_one: BoolElt, subgroups:
    SeqEnum, supergroups: SeqEnum, name: MonStgElt, label: MonStgElt, order: 
    IntegerRing(), GLZConj: IntegerRing(), matgens: SeqEnum, cusps: SeqEnum, c2:
    SeqEnum, c3: SeqEnum, gc: SeqEnum, projections: SeqEnum, special_name: 
    SeqEnum, special_name_html: SeqEnum, direct_subgroups: SeqEnum, 
    direct_supergroups: SeqEnum, length: IntegerRing(), treename: SeqEnum, 
    treesupergroups: SeqEnum> | generators := [ PowerSequence(IntegerRing()) |
        [ IntegerRing() | -1, 2, 2, 2, 2, 2, 2, 2, 2, 2, 2, 2, 2, 2, 2, 2, 2, 2,
        2, 2, 2, 2, 2, -1, -2, -2, 1, -2, -2, -1, -2, -2, -1, -2, -2, 1, -2, -2,
        -1, -2, -2, -1, -2, -2, 1, -2, -2, -1, -2, -2, -1, -2, -2, 1, -2, -2, 
        -1, -2, -2, -1, -2, -2, 1, -2, -2, -1, -2, -2, -1, -2, -2, 1, -2, -2, 
        -1, -2, -2, -1, -2, -2, 1, -2, -2, -1, -2, -2, -1, -2, -2, 1, -2, -2, 
        -1, -2, -2, -1, -2, -2, 1, -2, -2, -1, -2, -2, -1, -2, -2, 1, -2, -2, 
        -1, -2, -2, -1, -2, -2, 1, -2, -2, -1, -2, -2, -1, -2, -2, 1, -2, -2, 
        -1, -2, -2, -1, -2, -2, 1, -2, -2, -1, -2, -2, -1, -2, -2, 1, -2, -2, 
        -1, -2, -2, -1, -2, -2, 1, -2, -2, -1, -2, -2, -1, -2, -2, 1, -2, -2, 
        -1, -2, -2, -1, -2, -2, 1, -2, -2, -1, -2, -2, -1, -2, -2, 1, -2, -2, 
        -1, -2, -2, -1, -2, -2, 1, -2, -2, -1, -2, -2, -1, -2, -2, 1, -2, -2, 
        -1, -2, -2, -1, -2, -2, 1, -2, -2, -1, -2, -2, -1, -2, -2, 1, -2, -2, 
        -1, -2, -2, -1, -2, -2, 1, -2, -2, -1, -2, -2, -1, -2, -2, 1, -2, -2, 
        -1, -2, -2, -1, -2, -2, 1, -2, -2, -1, -2, -2, -1, -2, -2, 1, -2, -2, 
        -1, -2, -2, -1, -2, -2, 1, -2, -2, -1, -2, -2, -1, -2, -2, 1, -2, -2, 
        -1, -2, -2, -1, -2, -2, 1, -2, -2, -1, -2, -2, -1, -2, -2, 1, -2, -2, 
        -1, -2, -2, -1, -2, -2, 1, -2, -2, -1, -2, -2, -1, -2, -2, 1, -2, -2, 
        -1, -2, -2, -1, -2, -2, 1, -2, -2, -1, -2, -2, -1, -2, -2, 1, -2, -2, 
        -1, -2, -2, -1, -2, -2, 1, -2, -2, -1, -2, -2, -1, -2, -2, 1, -2, -2, 
        -1, -2, -2, -1, -2, -2, 1, -2, -2, -1, -2, -2, -1, -2, -2, 1, -2, -2, 
        -1, -2, -2, -1, -2, -2, 1, -2, -2, -1, -2, -2, -1, -2, -2, 1, -2, -2, 
        -1, -2, -2, -1, -2, -2, 1, -2, -2, -1, -2, -2, -1, -2, -2, 1, -2, -2, 
        -1, -2, -2, -1, -2, -2, 1, -2, -2, -1, -2, -2, -1, -2, -2, 1, -2, -2, 
        -1, -2, -2, -1, -2, -2, 1, -2, -2, -1, -2, -2, -2, -2, -2, -2, -2, -2, 
        -2, -2, -2, -2, -2, -2, -2, -2, -2, -2, -2, -2, -2, -2, -2, -2, -2, -2, 
        -2, -2, -2, -2, -2, -2, -2, -2, -2, -2, -2, -2, -2, -2, -2, -2, -2, -2, 
        -2, -2, -2, -2, -2, -2, -2, -2, -2, -2, -2, -2, -2, -2, -2, -2, -2, -2, 
        -2, -2, -2, -2, -2, -2, -2, -2, -2, -2, -2, -2, -2, 1 ],
        [ IntegerRing() | -1, 2, 2, 2, 2, 2, 2, 2, 2, 2, 2, 2, 2, 2, 2, 2, 2, 2,
        2, 2, 2, 2, 2, -1, -2, -2, 1, -2, -2, -1, -2, -2, -1, -2, -2, 1, -2, -2,
        -1, -2, -2, -2, -2, -2, -2, -2, -2, -2, -2, -2, -2, -2, -2, -2, -2, -2, 
        -2, -2, -2, -2, -2, -2, -2, -2, -2, -2, -2, -2, -2, -2, -2, -2, -2, -2, 
        -2, -2, -2, -2, -2, -2, -2, -2, -2, -2, -2, -2, -2, -2, -2, -2, -2, -2, 
        -2, -2, -2, -2, -2, -1, -2, -2, 1, -2, -2, -1, -1, -2, -2, 1, -2, -2, 
        -1, -1, -2, -2, 1, -2, -2, -1, -1, -2, -2, 1, -2, -2, -2, -2, 1, 2, 1 ],
        [ IntegerRing() | 1, 1 ],
        [ IntegerRing() | -1, 2, 2, 2, 2, 2, 2, 2, 2, 2, 2, 2, 2, 2, 2, 2, 2, 2,
        2, 2, 2, 2, 2, -1, -2, -2, 1, -2, -2, -1, -2, -2, -1, -2, -2, 1, -2, -2,
        -1, -2, -2, -1, -2, -2, 1, -2, -2, -1, -2, -2, -1, -2, -2, 1, -2, -2, 
        -1, -2, -2, -1, -2, -2, 1, -2, -2, -1, -2, -2, -1, -2, -2, 1, -2, -2, 
        -1, -2, -2, -1, -2, -2, 1, -2, -2, -1, -2, -2, -1, -2, -2, 1, -2, -2, 
        -1, -2, -2, -1, -2, -2, 1, -2, -2, -1, -2, -2, -1, -2, -2, 1, -2, -2, 
        -1, -2, -2, -1, -2, -2, 1, -2, -2, -1, -2, -2, -1, -2, -2, 1, -2, -2, 
        -1, -2, -2, -1, -2, -2, 1, -2, -2, -1, -2, -2, -1, -2, -2, 1, -2, -2, 
        -1, -2, -2, -1, -2, -2, 1, -2, -2, -1, -2, -2, -1, -2, -2, 1, -2, -2, 
        -1, -2, -2, -1, -2, -2, 1, -2, -2, -1, -2, -2, -1, -2, -2, 1, -2, -2, 
        -1, -2, -2, -1, -2, -2, 1, -2, -2, -1, -2, -2, -1, -2, -2, 1, -2, -2, 
        -1, -2, -2, -1, -2, -2, 1, -2, -2, -1, -2, -2, -1, -2, -2, 1, -2, -2, 
        -1, -2, -2, -1, -2, -2, 1, -2, -2, -1, -2, -2, -2, -2, -2, -2, -2, -2, 
        -2, -2, -2, -2, -2, -2, -2, -2, -2, -2, -2, -2, -2, -2, -2, -2, -2, -2, 
        -2, -2, -2, -2, -2, -2, -2, -2, -2, -2, -2, -2, -2, -2, -2, -2, -2, -2, 
        -2, -2, -2, -2, -2, -2, -2, -2, -2, -2, -2, -2, -2, -2, -2, -2, -2, -2, 
        -2, -2, -2, -2, -2, -2, -2, -2, -2, -2, -2, -2, -2, -2, -2, -2, -2, -2, 
        -2, -2, -2, -2, -2, -2, -2, -2, -2, -2, -2, -2, -2, 1 ],
        [ IntegerRing() | -1, 2, 2, 2, 2, 2, 2, 2, 2, 2, 2, 2, 2, 2, 2, 2, 2, 2,
        2, 2, 2, 2, 2, -1, -2, -2, 1, -2, -2, -1, -2, -2, -1, -2, -2, 1, -2, -2,
        -1, -2, -2, -1, -2, -2, 1, -2, -2, -1, -2, -2, -1, -2, -2, 1, -2, -2, 
        -1, -2, -2, -1, -2, -2, 1, -2, -2, -1, -2, -2, -1, -2, -2, 1, -2, -2, 
        -1, -2, -2, -1, -2, -2, 1, -2, -2, -1, -2, -2, -1, -2, -2, 1, -2, -2, 
        -1, -2, -2, -1, -2, -2, 1, -2, -2, -1, -2, -2, -1, -2, -2, 1, -2, -2, 
        -1, -2, -2, -1, -2, -2, 1, -2, -2, -1, -2, -2, -1, -2, -2, 1, -2, -2, 
        -1, -2, -2, -1, -2, -2, 1, -2, -2, -1, -2, -2, -1, -2, -2, 1, -2, -2, 
        -1, -2, -2, -1, -2, -2, 1, -2, -2, -1, -2, -2, -1, -2, -2, 1, -2, -2, 
        -1, -2, -2, -1, -2, -2, 1, -2, -2, -1, -2, -2, -1, -2, -2, 1, -2, -2, 
        -1, -2, -2, -1, -2, -2, 1, -2, -2, -1, -2, -2, -1, -2, -2, 1, -2, -2, 
        -1, -2, -2, -1, -2, -2, 1, -2, -2, -1, -2, -2, -1, -2, -2, 1, -2, -2, 
        -1, -2, -2, -1, -2, -2, 1, -2, -2, -1, -2, -2, -1, -2, -2, 1, -2, -2, 
        -1, -2, -2, -1, -2, -2, 1, -2, -2, -1, -2, -2, -1, -2, -2, 1, -2, -2, 
        -1, -2, -2, -1, -2, -2, 1, -2, -2, -1, -2, -2, -1, -2, -2, 1, -2, -2, 
        -1, -2, -2, -1, -2, -2, 1, -2, -2, -1, -2, -2, -1, -2, -2, 1, -2, -2, 
        -1, -2, -2, -1, -2, -2, 1, -2, -2, -1, -2, -2, -1, -2, -2, 1, -2, -2, 
        -1, -2, -2, -1, -2, -2, 1, -2, -2, -1, -2, -2, -1, -2, -2, 1, -2, -2, 
        -1, -2, -2, -1, -2, -2, 1, -2, -2, -1, -2, -2, -1, -2, -2, 1, -2, -2, 
        -1, -2, -2, -1, -2, -2, 1, -2, -2, -1, -2, -2, -1, -2, -2, 1, -2, -2, 
        -1, -2, -2, -2, -2, -2, -2, -2, -2, -2, -2, -2, -2, -2, -2, -2, -2, -2, 
        -2, -2, -2, -2, -2, -2, -2, -2, -2, -2, -2, -2, -2, -2, -2, -2, -2, -2, 
        -2, -2, -2, -2, -2, -2, -2, -2, -2, -2, -2, -2, -2, -2, -2, -2, -2, -2, 
        -2, -2, -2, -2, -2, -2, -2, -2, -2, -2, -2, -2, -2, -2, -2, -2, -2, -2, 
        -2, -2, -2, -2, -2, -2, -2, -1, -2, -2, 1, -2, -2, -1, -1, -2, -2, 1, 
        -2, -2, -1, -1, -2, -2, 1, -2, -2, -1, -2, -2, -1, -2, -2, 1, -2, -2 ],
        [ IntegerRing() | -1, 2, 2, 2, 2, 2, 2, 2, 2, 2, 2, 2, 2, 2, 2, 2, 2, 2,
        2, 2, 2, 2, 2, -1, -2, -2, 1, -2, -2, -1, -2, -2, -1, -2, -2, 1, -2, -2,
        -1, -2, -2, -1, -2, -2, 1, -2, -2, -1, -2, -2, -1, -2, -2, 1, -2, -2, 
        -1, -2, -2, -1, -2, -2, 1, -2, -2, -1, -2, -2, -1, -2, -2, 1, -2, -2, 
        -1, -2, -2, -1, -2, -2, 1, -2, -2, -1, -2, -2, -1, -2, -2, 1, -2, -2, 
        -1, -2, -2, -1, -2, -2, 1, -2, -2, -1, -2, -2, -1, -2, -2, 1, -2, -2, 
        -1, -2, -2, -1, -2, -2, 1, -2, -2, -1, -2, -2, -1, -2, -2, 1, -2, -2, 
        -1, -2, -2, -1, -2, -2, 1, -2, -2, -1, -2, -2, -1, -2, -2, 1, -2, -2, 
        -1, -2, -2, -1, -2, -2, 1, -2, -2, -1, -2, -2, -1, -2, -2, 1, -2, -2, 
        -1, -2, -2, -1, -2, -2, 1, -2, -2, -1, -2, -2, -1, -2, -2, 1, -2, -2, 
        -1, -2, -2, -1, -2, -2, 1, -2, -2, -1, -2, -2, -1, -2, -2, 1, -2, -2, 
        -1, -2, -2, -1, -2, -2, 1, -2, -2, -1, -2, -2, -2, -2, -2, -2, -2, -2, 
        -2, -2, -2, -2, -2, -2, -2, -2, -2, -2, -2, -2, -2, -2, -2, -2, -2, -2, 
        -2, -2, -2, -2, -2, -2, -2, -2, -2, -2, -2, -2, -2, -2, -2, -2, -2, -2, 
        -2, -2, -2, -2, -2, -2, -2, -2, -2, -2, -2, -2, -2, -2, -2, -2, -2, -2, 
        -2, -2, -2, -2, -2, -2, -2, -2, -2, -2, -2, -2, -2, -2, -2, -2, -2, -2, 
        -2, -2, -2, -2, -2, -2, -2, -2, -2, -2, -2, -2, -2, -2, -2, -2, -2, -2, 
        -2, -2, -2, -2, -2, -2, -2, -2, -2, -2, -2, -2, -2, -2, -2, -2, -2, -2, 
        -2, -2, -2, -2, -2, -2, -2, -2, -2, -2, -1, -2, -2, 1, -2, -2, -1, -1, 
        -2, -2, 1, -2, -2, -1, -2, -2, 1, -2, -2, 1 ],
        [ IntegerRing() | -1, 2, 2, 2, 2, 2, 2, 2, 2, 2, 2, 2, 2, 2, 2, 2, 2, 2,
        2, 2, 2, 2, 2, -1, -2, -2, 1, -2, -2, -1, -2, -2, -1, -2, -2, 1, -2, -2,
        -1, -2, -2, -1, -2, -2, 1, -2, -2, -1, -2, -2, -1, -2, -2, 1, -2, -2, 
        -1, -2, -2, -1, -2, -2, 1, -2, -2, -1, -2, -2, -1, -2, -2, 1, -2, -2, 
        -1, -2, -2, -1, -2, -2, 1, -2, -2, -1, -2, -2, -1, -2, -2, 1, -2, -2, 
        -1, -2, -2, -1, -2, -2, 1, -2, -2, -1, -2, -2, -1, -2, -2, 1, -2, -2, 
        -1, -2, -2, -1, -2, -2, 1, -2, -2, -1, -2, -2, -1, -2, -2, 1, -2, -2, 
        -1, -2, -2, -1, -2, -2, 1, -2, -2, -1, -2, -2, -1, -2, -2, 1, -2, -2, 
        -1, -2, -2, -1, -2, -2, 1, -2, -2, -1, -2, -2, -1, -2, -2, 1, -2, -2, 
        -1, -2, -2, -1, -2, -2, 1, -2, -2, -1, -2, -2, -1, -2, -2, 1, -2, -2, 
        -1, -2, -2, -1, -2, -2, 1, -2, -2, -1, -2, -2, -1, -2, -2, 1, -2, -2, 
        -1, -2, -2, -1, -2, -2, 1, -2, -2, -1, -2, -2, -1, -2, -2, 1, -2, -2, 
        -1, -2, -2, -1, -2, -2, 1, -2, -2, -1, -2, -2, -1, -2, -2, 1, -2, -2, 
        -1, -2, -2, -1, -2, -2, 1, -2, -2, -1, -2, -2, -1, -2, -2, 1, -2, -2, 
        -1, -2, -2, -1, -2, -2, 1, -2, -2, -1, -2, -2, -1, -2, -2, 1, -2, -2, 
        -1, -2, -2, -1, -2, -2, 1, -2, -2, -1, -2, -2, -1, -2, -2, 1, -2, -2, 
        -1, -2, -2, -1, -2, -2, 1, -2, -2, -1, -2, -2, -1, -2, -2, 1, -2, -2, 
        -1, -2, -2, -1, -2, -2, 1, -2, -2, -1, -2, -2, -1, -2, -2, 1, -2, -2, 
        -1, -2, -2, -1, -2, -2, 1, -2, -2, -1, -2, -2, -1, -2, -2, 1, -2, -2, 
        -1, -2, -2, -1, -2, -2, 1, -2, -2, -1, -2, -2, -2, -2, -2, -2, -2, -2, 
        -2, -2, -2, -2, -2, -2, -2, -2, -2, -2, -2, -2, -2, -2, -2, -2, -2, -2, 
        -2, -2, -2, -2, -2, -2, -2, -2, -1, -2, -2, 1, -2, -2, -1, -1, -2, -2, 
        1, -2, -2, -1, -2, -2, -1, -2, -2, 1, -2, -2, 1, 1 ]
    ], level := 138, genus := 12, index := 144, contains_minus_one := true, 
    subgroups := [ IntegerRing() | 7675, 7676 ], supergroups := [ IntegerRing() 
    | 5, 25, 1283 ], name := "138C12", label := "C", order := 12144, GLZConj := 
    1, matgens := [ PowerSequence(IntegerRing(138)) |
        [ IntegerRing(138) | 1, 69, 69, 70 ],
        [ IntegerRing(138) | 47, 0, 0, 47 ],
        [ IntegerRing(138) | 47, 46, 46, 1 ],
        [ IntegerRing(138) | 55, 135, 51, 70 ],
        [ IntegerRing(138) | 73, 12, 120, 67 ],
        [ IntegerRing(138) | 93, 92, 115, 93 ],
        [ IntegerRing(138) | 137, 0, 0, 137 ]
    ], cusps := [ IntegerRing() | 6, 138 ], c2 := [ IntegerRing() | 2, 2, 2, 2, 
    2, 2, 2, 2, 2, 2, 2, 2, 2, 2, 2, 2, 2, 2, 2, 2, 2, 2, 2, 2, 2, 2, 2, 2, 2, 
    2, 2, 2, 2, 2, 2, 2, 2, 2, 2, 2, 2, 2, 2, 2, 2, 2, 2, 2, 2, 2, 2, 2, 2, 2, 
    2, 2, 2, 2, 2, 2, 2, 2, 2, 2, 2, 2, 2, 2, 2, 2, 2, 2 ], c3 := [ 
    IntegerRing() | 3, 3, 3, 3, 3, 3, 3, 3, 3, 3, 3, 3, 3, 3, 3, 3, 3, 3, 3, 3, 
    3, 3, 3, 3, 3, 3, 3, 3, 3, 3, 3, 3, 3, 3, 3, 3, 3, 3, 3, 3, 3, 3, 3, 3, 3, 
    3, 3, 3 ], gc := [ IntegerRing() | 1, 1, 2, 2, 22, 44 ], special_name := [],
    special_name_html := [], direct_subgroups := [ IntegerRing() | 7675, 7676 ],
    direct_supergroups := [ IntegerRing() | 25, 1283 ], length := 72, treename 
    := [ PowerSequence(IntegerRing()) |
        [ IntegerRing() | 414, 2, 5, 10 ],
        [ IntegerRing() | 414, 2, 5, 14 ],
        [ IntegerRing() | 414, 2, 5, 15 ],
        [ IntegerRing() | 552, 2, 5, 5 ],
        [ IntegerRing() | 552, 2, 5, 11 ],
        [ IntegerRing() | 552, 2, 5, 12 ]
    ], treesupergroups := [ PowerSequence(IntegerRing()) |
        [ IntegerRing() | 414, 2, 5 ],
        [ IntegerRing() | 414, 2, 5 ],
        [ IntegerRing() | 414, 2, 5 ],
        [ IntegerRing() | 300, 6, 7 ],
        [ IntegerRing() | 300, 6 ],
        [ IntegerRing() | 552, 2, 5 ],
        [ IntegerRing() | 552, 2, 5 ],
        [ IntegerRing() | 552, 2, 5 ]
    ]>,
    rec<recformat<generators: SeqEnum, level: IntegerRing(), genus: 
    IntegerRing(), index: IntegerRing(), contains_minus_one: BoolElt, subgroups:
    SeqEnum, supergroups: SeqEnum, name: MonStgElt, label: MonStgElt, order: 
    IntegerRing(), GLZConj: IntegerRing(), matgens: SeqEnum, cusps: SeqEnum, c2:
    SeqEnum, c3: SeqEnum, gc: SeqEnum, projections: SeqEnum, special_name: 
    SeqEnum, special_name_html: SeqEnum, direct_subgroups: SeqEnum, 
    direct_supergroups: SeqEnum, length: IntegerRing(), treename: SeqEnum, 
    treesupergroups: SeqEnum> | generators := [ PowerSequence(IntegerRing()) |
        [ IntegerRing() | 2, 2, 2, 2, 2, 2, 2, 2, 2, 2, 2, 2, 2, 2, 2, 2, 2, 2, 
        2, 2, 2, 2, 2, 2, 2, 2, 2, 2, 2, 2, 2, 2, 2, 2, 2, 2, 2, 2, 2, 2, 2, 2, 
        2, 2, 1, 2, 2, 2, 2, 2, 2, 2, 2, 2, 2, 2, 2, 2, 2, 2, 2, 2, 2, 2, 2, -1,
        2, 2, 2, 2, 2, 2, 2, 2, 2, 2, 2, 2, 2, 2, 2, 2 ],
        [ IntegerRing() | 2, 2, 2, 2, 2, 2, 2, 2, 2, 2, 2, 2, 2, 2, 2, 2, 2, 2, 
        2, 2, 2, 2, 2, 2, 2, 2, 2, 2, 2, 2, 2, 2, 2, 2, 2, 2, 2, 2, 2, 2, 2, 2, 
        2, 2, 2, 2, 2, 2, 2, 2, 2, 2, 2, 2, 2, 2, 2, 2, 2, 2, 2, 2, 2, 2, 2, 2, 
        2, 2, 2, 2, 2, 2, 2, 2, 2, 2, 2, 2, 2, 2, 2, 2, 2, 2, 2, 2, 2, 2, 2, 2, 
        2, 2, 2, 2, 2, 2, 2, 2, 2, 2, 2, 2, 2, 2, 2, 2, 2, 2, 2, 2, 2, 2, 2, 2, 
        2, 2, 2, 2, 2, 2, 1, 2, 2, 2, 2, 2, 2, 2, 2, 2, 2, 2, 2, 2, 2, 2, 2, 2, 
        2, 2, 2, 2, 2, 2, 2, 2, 2, 2, 2, 2, 2, 2, 2, 2, 2, 2, 2, 2, 2, 2, 2, 2, 
        2, 2, 2, 2, 2, 2, 2, 2, 2, 2, 2, 2, 2, 2, 2, 2, 2, 2, 2, -1, 2, 2, 2, 2,
        2, 2, 2, 2, 2, 2, 2, 2, 2, 2, 2, 2, 2, 2, 2, 2 ],
        [ IntegerRing() | 2, 2, 2, 2, 2, 2, 2, 2, 2, 2, 2, 2, 2, 2, 2, 2, 2, 2, 
        2, 2, 2, 2, 2, 2, 2, 2, 2, 2, 2, 2, 2, 2, 2, 2, 2, 2, 2, 2, 2, 2, 2, 2, 
        2, 2, 2, 2, 2, 2, 2, 2, 2, 2, 2, 2, 2, 2, 2, 2, 2, 2, 2, 2, 2, 2, 2, 2, 
        2, 2, 2, 2, 2, 2, 2, 2, 2, 2, 2, 2, 2, 2, 2, 2, 2, 2, 2, 2, 2, 2, 2, 2, 
        2, 2, 2, 2, 2, 2, 2, 2, 2, 2, 2, 2, 2, 2, 2, 2, 2, 2, 1, 2, 2, 2, 2, 2, 
        2, 2, 2, 2, 2, 2, 2, 2, 2, 2, 2, 2, 2, 2, 2, 2, 2, 2, 2, 2, 2, 2, 2, 2, 
        2, 2, 2, 2, 2, 2, 2, 2, 2, 2, 2, 2, 2, 2, 2, 2, 2, 2, 2, 2, 2, 2, 2, 2, 
        2, 2, 2, 2, 2, 2, 2, 2, 2, 2, 2, 2, 2, 2, 2, 2, 2, 2, 2, 2, 2, 2, 2, 2, 
        2, 2, 2, 2, 2, 2, 2, 2, 2, 2, 2, 2, 2, 2, 2, 2, 2, 2, 2, 2, 2, 2, 2, 2, 
        2, 2, 2, 2, 2, 2, 2, 2, 2, 2, 2, 2, 2, 2, 2, 2, 2, 2, 2, 2, 2, 2, 2, 2, 
        2, -1, 2, 2, 2, 2, 1, 2, 2, 2, 2, 2, 2, 2, 2, 2, 2, 2, 2, 2, 2, -1 ],
        [ IntegerRing() | 2, 2, 2, 2, 2, 2, 2, 2, 2, 2, 2, 2, 2, 2, 2, 2, 2, 2, 
        2, 2, 2, 2, 2, 2, 2, 2, 2, 2, 2, 2, 2, 2, 2, 2, 2, 2, 2, 2, 2, 2, 2, 2, 
        2, 2, 2, 2, 2, 2, 2, 2, 2, 2, 2, 2, 2, 2, 2, 2, 2, 2, 2, 2, 2, 2, 2, 2, 
        2, 2, 2, 2, 2, 2, 2, 2, 2, 2, 2, 2, 2, 2, 2, 2, 2, 2, 2, 2, 2, 2, 2, 2, 
        2, 2, 2, 2, 2, 2, 2, 2, 2, 2, 2, 2, 2, 2, 2, 2, 2, 2, 2, 2, 2, 2, 2, 2, 
        2, 2, 2, 2, 2, 2, 2, 2, 2, 2, 2, 2, 2, 2, 2, 2, 2, 2, 2, 2, 2, 2, 1, 2, 
        2, 2, 2, 2, 2, 2, 2, 2, 2, 2, 2, 2, 2, 2, 2, 2, 2, 2, 2, 2, 2, 2, 2, 2, 
        2, 2, 2, -1, 2, 2, 2, 2, 2, 2, 2, 2, 2, 2, 2, 2, 1, 2, 2, 2, 2, 2, 2, 
        -1, 2, 2, 2, 2, 2, 2, 2, 2, 1, 2, 2, -1 ],
        [ IntegerRing() | 2, 2, 2, 2, 2, 2, 2, 2, 2, 2, 2, 2, 2, 2, 2, 2, 2, 2, 
        2, 2, 2, 2, 2, 2, 2, 2, 2, 2, 2, 2, 2, 2, 2, 2, 2, 2, 2, 2, 2, 2, 2, 2, 
        2, 2, 2, 2, 2, 2, 1, 2, 2, 2, 2, 2, 2, 2, 2, 2, 2, 2, 2, 2, 2, -1, 2, 2,
        2, 2, 2, 2, 2, 2, 1, 2, 2, 2, 2, 2, 2, 2, 2, 2, 2, 2, 2, 2, 2, -1 ],
        [ IntegerRing() | 1, 2, 2, 2, 2, 2, 2, 2, 2, 2, 2, 2, 2, 2, 2, 2, 2, 2, 
        2, 2, 2, 2, 2, 2, 2, 2, 2, 2, 2, 2, 2, 2, 2, 2, 2, 2, 2, 2, 2, 2, 2, 2, 
        2, 2, 2, 2, 2, 2, 2, 2, 2, 2, 2, 2, 2, 2, 2, 2, 2, 2, 2, 2, 2, 2, 2, 2, 
        2, 2, 2, 2, 2, 2, 2, 2, 2, 2, 2, 2, 2, 2, 2, 2, 2, 2, 2, 2, 2, 2, 2, 2, 
        2, -1, 2, 2, 2, 2, 2, 2, 2, 2, 2, 2, 2, 2, 2, 2, 2, 2, 2, 2, 1, 2, 1 ],
        [ IntegerRing() | 2, 2, 2, 2, 2, 2, 2, 2, 2, 2, 2, 2, 2, 2, 2, 2, 2, 2, 
        2, 2, 1, 2, 2, 2, 2, 2, 2, 2, 2, 2, 2, 2, 2, 2, 2, 2, 2, 2, 2, 2, 2, 2, 
        2, 2, 2, 2, 2, 2, 2, 2, 2, 2, 2, 2, 2, 2, 2, 2, 2, 2, 2, 2, 2, 2, 2, 2, 
        2, 2, 2, 2, 2, 2, 2, 2, 2, 2, 2, -1, 2, 2, 2, 2, 1, 2, 2, 2, 2, 2, 2, 2,
        2, -1, 2, 2, 2, 2, 2, 2, 2, 2, 1, 1 ],
        [ IntegerRing() | 2, 2, 2, 2, 2, 2, 2, 2, 2, 2, 2, 2, 2, 2, 2, 2, 2, 2, 
        2, 2, 2, 2, 2, 2, 2, 2, 2, 2, 2, 2, 2, 2, 2, 2, 2, 2, 2, 2, 2, 2, 2, 2, 
        2, 2, 2, 2, 2, 2, 2, 2, 2, 2, 2, 2, 2, 2, 2, 2, 2, 2, 1, 2, 2, 2, 2, 2, 
        2, 2, 2, 2, 2, 2, 2, 2, 2, 2, 2, 2, 2, 2, 2, 2, 2, 2, 2, 2, 2, 2, 2, 2, 
        2, 2, 2, 2, 2, 2, 2, 2, 2, 2, 2, 2, 2, -1, 2, 2, 2, 2, 2, 2, 2, 2, 1, 2,
        2, -1, 2, 2, 2, 2, 2, 2, 2, 2, 1, 2, 2, 1, 2, 2, 2 ],
        [ IntegerRing() | 2, 2, 2, 2, 2, 2, 2, 2, 2, 2, 2, 2, 2, 2, 2, 2, 2, 2, 
        2, 2, 2, 2, 2, 2, 2, 2, 2, 2, 1, 2, 2, 2, 2, 2, 2, 2, 2, 2, 2, 2, 2, 2, 
        2, 2, 2, 2, 2, 2, 2, 2, 2, 2, 2, 2, 2, 2, 2, 2, 2, 2, 2, 2, 2, 2, 2, 2, 
        2, 2, 2, 2, 2, 2, 2, 2, 2, 2, 2, 2, 2, 2, 2, 2, 2, 2, 2, 2, 2, 2, 2, 2, 
        2, 2, 2, 2, 2, 2, 2, 2, 2, 2, 2, 2, 2, 2, 2, 2, 2, 2, 2, 2, 2, 2, 2, 2, 
        2, 2, 2, 2, 2, 2, 2, 2, 2, 2, 2, 2, 2, 2, 2, 2, 2, 2, 2, 2, 2, 2, 2, 2, 
        2, 2, 2, -1, 2, 2, 2, 2, 2, 2, 2, 2, 1, 2, 2, -1, 2, 2, 2, 2, 2, 2, 2, 
        2, 1, 2, 2, 1 ],
        [ IntegerRing() | 2, 2, 2, 2, 2, 2, 2, 2, 2, 2, 2, 2, 2, 2, 2, 2, 2, 2, 
        2, 2, 2, 2, 2, 2, 2, 2, 2, 2, 2, 2, 2, 2, 2, 2, 2, 2, 1, 2, 2, 2, 2, 2, 
        2, 2, 2, 2, 2, 2, 2, 2, 2, 2, 2, 2, 2, 2, 2, 2, 2, 2, 2, 2, 2, 2, 2, 2, 
        2, 2, 2, 2, 2, 2, 2, 2, 2, 2, 2, 2, 2, 2, 2, 2, 2, 2, 2, 2, 2, 2, 2, 2, 
        2, 2, 2, 2, 2, 2, 2, 2, 2, 2, 2, 2, 2, 2, 2, 2, 2, 2, 2, 2, 2, 2, 2, 2, 
        2, 2, 2, 2, 2, 2, 2, 2, 2, 2, 2, 2, 2, 2, 2, 2, 2, 2, 2, 2, 2, 2, 2, 2, 
        2, 2, 2, 2, 2, 2, 2, 2, 2, 2, 2, 2, 2, 2, 2, 2, 2, 2, 2, 2, 2, 2, 2, 2, 
        2, -1, 2, 2, 2, 2, 2, 2, 2, 2, 2, 2, 2, 2, 2, 2, 2, 2, 1, 2, 2, 2, 2, 
        -1, 2, 2, 2, 2, 2, 2, 2, 2, 1, 2, 2, 2, 2, -1, 2, 2, 2, 1 ]
    ], level := 140, genus := 12, index := 160, contains_minus_one := true, 
    subgroups := [ IntegerRing() | 7679, 8077 ], supergroups := [ IntegerRing() 
    | 9, 16, 233, 389, 407 ], name := "140A12", label := "A", order := 12096, 
    GLZConj := 1, matgens := [ PowerSequence(IntegerRing(140)) |
        [ IntegerRing(140) | 1, 105, 105, 106 ],
        [ IntegerRing(140) | 17, 122, 11, 79 ],
        [ IntegerRing(140) | 29, 0, 0, 29 ],
        [ IntegerRing(140) | 51, 104, 92, 119 ],
        [ IntegerRing(140) | 71, 0, 0, 71 ],
        [ IntegerRing(140) | 71, 105, 70, 1 ],
        [ IntegerRing(140) | 81, 60, 80, 61 ],
        [ IntegerRing(140) | 101, 80, 60, 121 ],
        [ IntegerRing(140) | 101, 120, 120, 101 ],
        [ IntegerRing(140) | 113, 0, 56, 57 ]
    ], cusps := [ IntegerRing() | 20, 140 ], c2 := [ IntegerRing() | 2, 2, 2, 2,
    2, 2, 2, 2, 2, 2, 2, 2, 2, 2, 2, 2, 2, 2, 2, 2, 2, 2, 2, 2, 2, 2, 2, 2, 2, 
    2, 2, 2, 2, 2, 2, 2, 2, 2, 2, 2, 2, 2, 2, 2, 2, 2, 2, 2, 2, 2, 2, 2, 2, 2, 
    2, 2, 2, 2, 2, 2, 2, 2, 2, 2, 2, 2, 2, 2, 2, 2, 2, 2, 2, 2, 2, 2, 2, 2, 2, 2
    ], c3 := [ IntegerRing() | 1, 1, 1, 1, 3, 3, 3, 3, 3, 3, 3, 3, 3, 3, 3, 3, 
    3, 3, 3, 3, 3, 3, 3, 3, 3, 3, 3, 3, 3, 3, 3, 3, 3, 3, 3, 3, 3, 3, 3, 3, 3, 
    3, 3, 3, 3, 3, 3, 3, 3, 3, 3, 3, 3, 3, 3, 3 ], gc := [ IntegerRing() | 2, 2,
    2, 2, 8, 8, 8, 8, 12, 12, 48, 48 ], special_name := [], special_name_html :=
    [], direct_subgroups := [ IntegerRing() | 7679, 8077 ], direct_supergroups 
    := [ IntegerRing() | 233, 389, 407 ], length := 160, treename := [ 
        PowerSequence(IntegerRing()) |
        [ IntegerRing() | 420, 1, 3, 5 ],
        [ IntegerRing() | 420, 1, 6, 1 ],
        [ IntegerRing() | 560, 1, 3, 5 ],
        [ IntegerRing() | 560, 1, 5, 1 ]
    ], treesupergroups := [ PowerSequence(IntegerRing()) |
        [ IntegerRing() | 420, 1, 3 ],
        [ IntegerRing() | 420, 1, 6 ],
        [ IntegerRing() | 300, 3, 4 ],
        [ IntegerRing() | 300, 5 ],
        [ IntegerRing() | 300, 3 ],
        [ IntegerRing() | 560, 1, 3 ],
        [ IntegerRing() | 560, 1, 5 ]
    ]>,
    rec<recformat<generators: SeqEnum, level: IntegerRing(), genus: 
    IntegerRing(), index: IntegerRing(), contains_minus_one: BoolElt, subgroups:
    SeqEnum, supergroups: SeqEnum, name: MonStgElt, label: MonStgElt, order: 
    IntegerRing(), GLZConj: IntegerRing(), matgens: SeqEnum, cusps: SeqEnum, c2:
    SeqEnum, c3: SeqEnum, gc: SeqEnum, projections: SeqEnum, special_name: 
    SeqEnum, special_name_html: SeqEnum, direct_subgroups: SeqEnum, 
    direct_supergroups: SeqEnum, length: IntegerRing(), treename: SeqEnum, 
    treesupergroups: SeqEnum> | generators := [ PowerSequence(IntegerRing()) |
        [ IntegerRing() | -1, 2, 2, 2, 2, 2, 2, 2, 2, 2, 2, 2, 2, 2, 2, 2, 2, 2,
        2, 2, 2, 2, 2, 2, 2, 2, 2, 2, 2, 2, 2, 2, 2, 2, 2, 2, 2, 2, 2, 2, 2, 2, 
        2, 2, 2, 2, 2, 2, 2, 2, 2, 2, 2, 2, 2, 2, 2, 2, 2, 2, 2, 2, 2, 2, 2, 2, 
        2, 2, 2, 2, 2, 2, 2, 2, 2, 2, 2, 2, 2, 2, 2, 2, 2, 2, 2, 2, 2, 2, 2, 2, 
        2, 2, 2, 2, 2, 2, 2, 2, 2, 2, 2, 2, 2, 2, 2, 2, 2, 2, 2, 2, 2, 2, 2, 2, 
        2, 2, 2, 2, 2, 2, 2, 2, 2, 2, 2, 2, 2, 2, 2, 2, 2, 2, 2, 2, 2, 2, 2, 2, 
        2, 2, 2, 2, 2, 2, 2, 2, 2, 2, 2, 2, 2, 2, 2, 2, 2, 2, 2, 2, 2, 2, 2, 2, 
        2, 2, 2, 2, 2, 2, 2, 2, 2, 2, 2, 2, 2, 2, 2, 2, 2, 2, 2, 2, 2, 2, 2, 2, 
        2, 2, 2, 2, 2, 2, 2, 2, 2, 2, 2, 2, 2, 2, 2, 2, 2, 2, 2, 2, 2, 2, 2, 2, 
        2, 2, 2, 2, 2, 2, 2, 2, 2, 2, 2, 2, 2, 2, 2, 2, 2, 2, 2, 2, 2, 2, 2, 2, 
        2, 2, 2, 2, 2, 2, 2, 2, 2, 2, 2, 2, 2, 2, 2, 2, 2, 2, 2, 2, 2, 2, 2, 2, 
        2, 2, 2, 2, 2, 2, 2, 2, 2, 2, 2, 2, 2, 2, 2, 2, 2, 2, 2, 2, 2, 2, 2, 2, 
        2, 2, 2, 2, 2, 2, 2, 2, 2, 2, 2, 2, 2, 2, 2, 2, 2, 2, 2, 2, 2, 2, 2, 2, 
        2, 2, 2, 2, 2, 2, 2, 2, 2, 2, 2, 2, 2, 2, 2, 2, 2, 2, 2, 2, 2, 2, 2, 2, 
        2, 2, 2, 2, 2, 2, 2, 2, 2, 2, 2, 2, 2, 2, 2, 2, 2, 2, 2, 2, 2, 2, 2, 2, 
        2, 2, 2, 2, 2, 2, 2, 2, 2, 2, 2, 2, 2, 2, 2, 2, 2, 2, 2, 2, 2, 2, 2, 2, 
        2, 2, 2, 2, 2, 2, 2, 2, 2, 2, 2, 2, 2, 2, 2, 2, 2, 2, 2, 2, 2, 2, 2, 2, 
        2, 2, 2, 2, 2, 2, 2, 2, 2, 2, 2, 2, 2, 2, 2, 2, 2, 2, 2, 2, 2, 2, 2, 2, 
        2, 2, 2, 2, 2, 2, 2, 2, 2, 2, 2, 2, 2, 2, 2, 2, 2, 2, 2, 2, 2, 2, 2, 2, 
        2, 2, 2, 2, 2, 2, 2, 2, 2, 2, 2, 2, 2, 2, 2, 2, 2, 2, 2, 2, 2, 2, 2, 2, 
        2, 2, 2, 2, 2, 2, 2, 2, 2, 2, 2, 2, 2, 2, 2, 2, 2, 2, 2, 2, 2, 2, 2, 2, 
        2, 2, 2, 2, 2, 2, 2, 2, 2, 2, 2, 2, 2, 2, 2, 2, 2, 2, 2, 2, 2, 2, 2, 2, 
        2, 2, 2, 2, 2, 2, 2, 2, 2, 2, 2, 2, 2, 2, 2, 2, 2, 2, 2, 2, 2, 2, 2, 2, 
        2, 2, 2, 2, 2, 2, 2, 2, 2, 2, 2, 2, 2, 2, 2, 2, 2, 2, 2, 2, 2, 2, 2, 2, 
        2, 2, 2, 2, 2, 2, 2, 2, 2, 2, 2, 2, 2, 2, 2, 2, 2, 2, 2, 2, 2, 2, 2, 2, 
        2, 2, 2, 2, 2, 2, 2, 2, 2, 2, 2, 2, 2, 2, 2, 2, 2, 2, 2, 2, 2, 2, 2, 2, 
        2, 2, 2, 2, 2, 2, 2, 2, 2, 2, 2, 2, 2, 2, 2, 2, 2, 2, 2, 2, 2, 2, 2, 2, 
        2, 2, 2, 2, 2, 2, 2, 2, 2, 2, 2, 2, 2, 2, 2, 2, 2, 2, 2, 2, 2, 2, 2, 2, 
        2, 2, 2, 2, 2, 2, 2, 2, 2, 2, 2, 2, 2, 2, 2, 2, 2, 2, 2, 2, 2, 2, 2, 2, 
        2, 2, 2, 2, 2, 2, 2, 2, 2, 2, 2, 2, 2, 2, 2, 2, 2, 2, 2, 2, 2, 2, 2, 2, 
        2, 2, 2, 2, 2, 2, 2, 2, 2, 2, 2, 2, 2, 2, 2, 2, 2, 2, 2, 2, 2, 2, 2, 2, 
        2, 2, 2, 2, 2, 2, 2, 2, 2, 2, 2, 2, 2, 2, 2, 2, 2, 2, 2, 2, 2, 2, 2, 2, 
        2, 2, 2, 2, 2, 2, 2, 2, 2, 2, 2, 2, 2, 2, 2, 2, 2, 2, 2, 2, 2, 2, 2, 2, 
        2, 2, 2, 2, 2, 2, 2, 2, 2, 2, 2, 2, 2, 2, 2, 2, 2, 2, 2, 2, 2, 2, 2, 2, 
        2, 2, 2, 2, 2, 2, 2, 2, 2, 2, 2, 2, 2, 2, 2, 2, 2, 2, 2, 2, 2, 2, 2, 2, 
        2, 2, 2, 2, 2, 2, 2, 2, 2, 2, 2, 2, 2, 2, 2, 2, 2, 2, 2, 2, 2, 2, 2, 2, 
        2, 2, 2, 2, 2, 2, 2, 2, 2, 2, 2, 2, 2, 2, 2, 2, 2, 2, 2, 2, 2, 2, 2, 2, 
        2, 2, 2, 2, 2, 2, 2, 2, 2, 2, 2, 2, 2, 2, 2, 2, 2, 2, 2, 2, 2, 2, 2, 2, 
        2, 2, 2, 2, 2, 2, 2, 2, 2, 2, 2, 2, 2, 2, 2, 2, 2, 2, 2, 2, 2, 2, 2, 2, 
        2, 2, 2, 2, 2, 2, 2, 2, 2, 2, 2, 2, 2, 2, 2, 2, 2, 2, 2, 2, 2, 2, 2, 2, 
        2, 2, 2, 2, 2, 2, 2, 2, 2, 2, 2, 2, 2, 2, 2, 2, 2, 2, 2, 2, 2, 2, 2, 2, 
        2, 2, 2, 2, 2, 2, 2, 2, 2, 2, 2, 2, 2, 1, 2, 2, 2, 2, 2, 2, 2, 2, 2, 2, 
        2, 2, 2, 2, 2, 2, 2, 2, 2, 2, 2, 2, 2, 2, 2, 2, 2, 2, 2, 2, 2, 2, 2, 2, 
        2, 2, 2, 2, 2, 2, 2, 2, 2, 2, 2, 2, 2, 2, 2, 2, 2, 2, 2, 2, 2, 2, 2, 2, 
        2, 2, 2, 2, 2, 2, 2, 2, 2, 2, 2, 2, 2, 2, 2, 2, 2, 2, 2, 2, 2, 2, 2, 2, 
        2, 2, 2, 2, 2, 2, 2, -1, 2, 2, 2, 2, 2, 2, 2, 2, 2, 2, 2, 2, 2, 2, 2, 2,
        2, 2, 2, 2, 2, 2, 2, 2, 2, 2, 2, 2, 2, 2, 2, 2, 2, 2, 2, 2, 2, 2, 2, 2, 
        2, 2, 2, 2, 2, 2, 2, 2, 2, 2, 2, 2, 2, 2, 2, 2, 2, 2, 2, 2, 2, 2, 2, 2, 
        2, 2, 2, 2, 2, 2, 2, 2, 2, 2, 2, 2, 2, 2, 2, 2, 2, 2, 2, 2, 2, 2, 2, 2, 
        2, 2, 1, 2, 2, -1, 2, 2, 2, 2, 2, 2, 2, 2, 2, 2, 2, 2, 2, 2, 2, 2, 2, 2,
        2, 2, 2, 2, 2, 2, 2, 2, 2, 2, 2, 2, 2, 2, 2, 2, 2, 2, 2, 2, 2, 2, 2, 2, 
        2, 2, 2, 2, 2, 2, 2, 2, 2, 2, 2, 2, 2, 2, 2, 2, 2, 2, 2, 2, 2, 2, 2, 2, 
        2, 2, 2, 2, 2, 2, 2, 2, 2, 2, 2, 2, 2, 2, 2, 2, 2, 2, 2, 2, 2, 2, 2, 2, 
        1, 2, -1, 2, 2, 2, 2, 2, 2, 2, 2, 2, 2, 2, 2, 2, 2, 2, 2, 2, 2, 2, 2, 2,
        2, 2, 2, 2, 2, 2, 2, 2, 2, 2, 2, 2, 2, 2, 2, 2, 2, 2, 2, 2, 2, 2, 2, 2, 
        1, 2, 1, 1 ],
        [ IntegerRing() | -1, 2, 2, 2, 2, 2, 2, 2, 2, 2, 2, 2, 2, 2, 2, 2, 2, 2,
        2, 2, 2, 2, 2, 2, 2, 2, 2, 2, 2, 2, 2, 2, 2, 2, 2, 2, 2, 2, 2, 2, 2, 2, 
        2, 2, 2, 2, 2, 2, 2, 2, 2, 2, 2, 2, 2, 2, 2, 2, 2, 2, 2, 2, 2, 2, 2, 2, 
        2, 2, 2, 2, 2, 2, 2, 2, 2, 2, 2, 2, 2, 2, 2, 2, 2, 2, 2, 2, 2, 2, 2, 2, 
        2, 2, 2, 2, 2, 2, 2, 2, 2, 2, 2, 2, 2, 2, 2, 2, 2, 2, 2, 2, 2, 2, 2, 2, 
        2, 2, 2, 2, 2, 2, 2, 2, 2, 2, 2, 2, 2, 2, 2, 2, 2, 2, 2, 2, 2, 2, 2, 2, 
        2, 2, 2, 2, 2, 2, 2, 2, 2, 2, 2, 2, 2, 2, 2, 2, 2, 2, 2, 2, 2, 2, 2, 2, 
        2, 2, 2, 2, 2, 2, 2, 2, 2, 2, 2, 2, 2, 2, 2, 2, 2, 2, 2, 2, 2, 2, 2, 2, 
        2, 2, 2, 2, 2, 2, 2, 2, 2, 2, 2, 2, 2, 2, 2, 2, 2, 2, 2, 2, 2, 2, 2, 2, 
        2, 2, 2, 2, 2, 2, 2, 2, 2, 2, 2, 2, 2, 2, 2, 2, 2, 2, 2, 2, 2, 2, 2, 2, 
        2, 2, 2, 2, 2, 2, 2, 2, 2, 2, 2, 2, 2, 2, 2, 2, 2, 2, 2, 2, 2, 2, 2, 2, 
        2, 2, 2, 2, 2, 2, 2, 2, 2, 2, 2, 2, 2, 2, 2, 2, 2, 2, 2, 2, 2, 2, 2, 2, 
        2, 2, 2, 2, 2, 2, 2, 2, 2, 2, 2, 2, 2, 2, 2, 2, 2, 2, 2, 2, 2, 2, 2, 2, 
        2, 2, 2, 2, 2, 2, 2, 2, 2, 2, 2, 2, 2, 2, 2, 2, 2, 2, 2, 2, 2, 2, 2, 2, 
        2, 2, 2, 2, 2, 2, 2, 2, 2, 2, 2, 2, 2, 2, 2, 2, 2, 2, 2, 2, 2, 2, 2, 2, 
        2, 2, 2, 2, 2, 2, 2, 2, 2, 2, 2, 2, 2, 2, 2, 2, 2, 2, 2, 2, 2, 2, 2, 2, 
        2, 2, 2, 2, 2, 2, 2, 2, 2, 2, 2, 2, 2, 2, 2, 2, 2, 2, 2, 2, 2, 2, 2, 2, 
        2, 2, 2, 2, 2, 2, 2, 2, 2, 2, 2, 2, 2, 2, 2, 2, 2, 2, 2, 2, 2, 2, 2, 2, 
        2, 2, 2, 2, 2, 2, 2, 2, 2, 2, 2, 2, 2, 2, 2, 2, 2, 2, 2, 2, 2, 2, 2, 2, 
        2, 2, 2, 2, 2, 2, 2, 2, 2, 2, 2, 2, 2, 2, 2, 2, 2, 2, 2, 2, 2, 2, 2, 2, 
        2, 2, 2, 2, 2, 2, 2, 2, 2, 2, 2, 2, 2, 2, 2, 2, 2, 2, 2, 2, 2, 2, 2, 2, 
        2, 2, 2, 2, 2, 2, 2, 2, 2, 2, 2, 2, 2, 2, 2, 2, 2, 2, 2, 2, 2, 2, 2, 2, 
        2, 2, 2, 2, 2, 2, 2, 2, 2, 2, 2, 2, 2, 2, 2, 2, 2, 2, 2, 2, 2, 2, 2, 2, 
        2, 2, 2, 2, 2, 2, 2, 2, 2, 2, 2, 2, 2, 2, 2, 2, 2, 2, 2, 2, 2, 2, 2, 2, 
        2, 2, 2, 2, 2, 2, 2, 2, 2, 2, 2, 2, 2, 2, 2, 2, 2, 2, 2, 2, 2, 2, 2, 2, 
        2, 2, 2, 2, 2, 2, 2, 2, 2, 2, 2, 2, 2, 2, 2, 2, 2, 2, 2, 2, 2, 2, 2, 2, 
        2, 2, 2, 2, 2, 2, 2, 2, 2, 2, 2, 2, 2, 2, 2, 2, 2, 2, 2, 2, 2, 2, 2, 2, 
        2, 2, 2, 2, 2, 2, 2, 2, 2, 2, 2, 2, 2, 2, 2, 2, 2, 2, 2, 2, 2, 2, 2, 2, 
        2, 2, 2, 2, 2, 2, 2, 2, 2, 2, 2, 2, 2, 2, 2, 2, 2, 2, 2, 2, 2, 2, 2, 2, 
        2, 2, 2, 2, 2, 2, 2, 2, 2, 2, 2, 2, 2, 2, 2, 2, 2, 2, 2, 2, 2, 2, 2, 2, 
        2, 2, 2, 2, 2, 2, 2, 2, 2, 2, 2, 2, 2, 2, 2, 2, 2, 2, 2, 2, 2, 2, 2, 2, 
        2, 2, 2, 2, 2, 2, 2, 2, 2, 2, 2, 2, 2, 2, 2, 2, 2, 2, 2, 2, 2, 2, 2, 2, 
        2, 2, 2, 2, 2, 2, 2, 2, 2, 2, 2, 2, 2, 2, 2, 2, 2, 2, 2, 2, 2, 2, 2, 2, 
        2, 2, 2, 2, 2, 2, 2, 2, 2, 2, 2, 2, 2, 2, 2, 2, 2, 2, 2, 2, 2, 2, 2, 2, 
        2, 2, 2, 2, 2, 2, 2, 2, 2, 2, 2, 2, 2, 2, 2, 2, 2, 2, 2, 2, 2, 2, 2, 2, 
        2, 2, 2, 2, 2, 2, 2, 2, 2, 2, 2, 2, 2, 2, 2, 2, 2, 2, 2, 2, 2, 2, 2, 2, 
        2, 2, 2, 2, 2, 2, 2, 2, 2, 2, 2, 2, 2, 2, 2, 2, 2, 2, 2, 2, 2, 2, 2, 2, 
        2, 2, 2, 2, 2, 2, 2, 2, 2, 2, 2, 2, 2, 2, 2, 2, 2, 2, 2, 2, 2, 2, 2, 2, 
        2, 2, 2, 2, 2, 2, 2, 2, 2, 2, 2, 2, 2, 2, 2, 2, 2, 2, 2, 2, 2, 2, 2, 2, 
        2, 2, 2, 2, 2, 2, 2, 2, 2, 2, 2, 2, 2, 2, 2, 2, 2, 2, 2, 2, 2, 2, 2, 2, 
        2, 2, 2, 2, 2, 2, 2, 2, 2, 2, 2, 2, 2, 2, 2, 2, 2, 2, 2, 2, 2, 2, 2, 2, 
        2, 2, 2, 2, 2, 2, 2, 2, 2, 2, 2, 2, 2, 2, 2, 2, 2, 2, 2, 2, 2, 2, 2, 2, 
        2, 2, 2, 2, 2, 2, 2, 2, 2, 2, 2, 2, 2, 2, 2, 2, 2, 2, 2, 2, 2, 2, 2, 2, 
        2, 2, 2, 2, 2, 2, 2, 2, 2, 2, 2, 2, 2, 2, 2, 2, 2, 2, 2, 2, 2, 2, 2, 2, 
        2, 2, 2, 2, 2, 2, 2, 2, 2, 2, 2, 2, 2, 2, 2, 2, 2, 2, 2, 2, 2, 2, 2, 2, 
        2, 2, 2, 2, 2, 2, 2, 1, -2, -1, 2, 2, 2, 2, 2, 2, 2, 2, 2, 2, 2, 2, 2, 
        2, 2, 2, 2, 2, 2, 2, 2, 2, 2, 2, 2, 2, 2, 2, 2, 2, 2, 2, 2, 2, 2, 2, 2, 
        2, 2, 2, 2, 2, 2, 2, 2, 1, 1, 2 ],
        [ IntegerRing() | -1, 2, 2, 2, 2, 2, 2, 2, 2, 2, 2, 2, 2, 2, 2, 2, 2, 2,
        2, 2, 2, 2, 2, 2, 2, 2, 2, 2, 2, 2, 2, 2, 2, 2, 2, 2, 2, 2, 2, 2, 2, 2, 
        2, 2, 2, 2, 2, 2, 2, 2, 2, 2, 2, 2, 2, 2, 2, 2, 2, 2, 2, 2, 2, 2, 2, 2, 
        2, 2, 2, 2, 2, 2, 2, 2, 2, 2, 2, 2, 2, 2, 2, 2, 2, 2, 2, 2, 2, 2, 2, 2, 
        2, 2, 2, 2, 2, 2, 2, 2, 2, 2, 2, 2, 2, 2, 2, 2, 2, 2, 2, 2, 2, 2, 2, 2, 
        2, 2, 2, 2, 2, 2, 2, 2, 2, 2, 2, 2, 2, 2, 2, 2, 2, 2, 2, 2, 2, 2, 2, 2, 
        2, 2, 2, 2, 2, 2, 2, 2, 2, 2, 2, 2, 2, 2, 2, 2, 2, 2, 2, 2, 2, 2, 2, 2, 
        2, 2, 2, 2, 2, 2, 2, 2, 2, 2, 2, 2, 2, 2, 2, 2, 2, 2, 2, 2, 2, 2, 2, 2, 
        2, 2, 2, 2, 2, 2, 2, 2, 2, 2, 2, 2, 2, 2, 2, 2, 2, 2, 2, 2, 2, 2, 2, 2, 
        2, 2, 2, 2, 2, 2, 2, 2, 2, 2, 2, 2, 2, 2, 2, 2, 2, 2, 2, 2, 2, 2, 2, 2, 
        2, 2, 2, 2, 2, 2, 2, 2, 2, 2, 2, 2, 2, 2, 2, 2, 2, 2, 2, 2, 2, 2, 2, 2, 
        2, 2, 2, 2, 2, 2, 2, 2, 2, 2, 2, 2, 2, 2, 2, 2, 2, 2, 2, 2, 2, 2, 2, 2, 
        2, 2, 2, 2, 2, 2, 2, 2, 2, 2, 2, 2, 2, 2, 2, 2, 2, 2, 2, 2, 2, 2, 2, 2, 
        2, 2, 2, 2, 2, 2, 2, 2, 2, 2, 2, 2, 2, 2, 2, 2, 2, 2, 2, 2, 2, 2, 2, 2, 
        2, 2, 2, 2, 2, 2, 2, 2, 2, 2, 2, 2, 2, 2, 2, 2, 2, 2, 2, 2, 2, 2, 2, 2, 
        2, 2, 2, 2, 2, 2, 2, 2, 2, 2, 2, 2, 2, 2, 2, 2, 2, 2, 2, 2, 2, 2, 2, 2, 
        2, 2, 2, 2, 2, 2, 2, 2, 2, 2, 2, 2, 2, 2, 2, 2, 2, 2, 2, 2, 2, 2, 2, 2, 
        2, 2, 2, 2, 2, 2, 2, 2, 2, 2, 2, 2, 2, 2, 2, 2, 2, 2, 2, 2, 2, 2, 2, 2, 
        2, 2, 2, 2, 2, 2, 2, 2, 2, 2, 2, 2, 2, 2, 2, 2, 2, 2, 2, 2, 2, 2, 2, 2, 
        2, 2, 2, 2, 2, 2, 2, 2, 2, 2, 2, 2, 2, 2, 2, 2, 2, 2, 2, 2, 2, 2, 2, 2, 
        2, 2, 2, 2, 2, 2, 2, 2, 2, 2, 2, 2, 2, 2, 2, 2, 2, 2, 2, 2, 2, 2, 2, 2, 
        2, 2, 2, 2, 2, 2, 2, 2, 2, 2, 2, 2, 2, 2, 2, 2, 2, 2, 2, 2, 2, 2, 2, 2, 
        2, 2, 2, 2, 2, 2, 2, 2, 2, 2, 2, 2, 2, 2, 2, 2, 2, 2, 2, 2, 2, 2, 2, 2, 
        2, 2, 2, 2, 2, 2, 2, 2, 2, 2, 2, 2, 2, 2, 2, 2, 2, 2, 2, 2, 2, 2, 2, 2, 
        2, 2, 2, 2, 2, 2, 2, 2, 2, 2, 2, 2, 2, 2, 2, 2, 2, 2, 2, 2, 2, 2, 2, 2, 
        2, 2, 2, 2, 2, 2, 2, 2, 2, 2, 2, 2, 2, 2, 2, 2, 2, 2, 2, 2, 2, 2, 2, 2, 
        2, 2, 2, 2, 2, 2, 2, 2, 2, 2, 2, 2, 2, 2, 2, 2, 2, 2, 2, 2, 2, 2, 2, 2, 
        2, 2, 2, 2, 2, 2, 2, 2, 2, 2, 2, 2, 2, 2, 2, 2, 2, 2, 2, 2, 2, 2, 2, 2, 
        2, 2, 2, 2, 2, 2, 2, 2, 2, 2, 2, 2, 2, 2, 2, 2, 2, 2, 2, 2, 2, 2, 2, 2, 
        2, 2, 2, 2, 2, 2, 2, 2, 2, 2, 2, 2, 2, 2, 2, 2, 2, 2, 2, 2, 2, 2, 2, 2, 
        2, 2, 2, 2, 2, 2, 2, 2, 2, 2, 2, 2, 2, 2, 2, 2, 2, 2, 2, 2, 2, 2, 2, 2, 
        2, 2, 2, 2, 2, 2, 2, 2, 2, 2, 2, 2, 2, 2, 2, 2, 2, 2, 2, 2, 2, 2, 2, 2, 
        2, 2, 2, 2, 2, 2, 2, 2, 2, 2, 2, 2, 2, 2, 2, 2, 2, 2, 2, 2, 2, 2, 2, 2, 
        2, 2, 2, 2, 2, 2, 2, 2, 2, 2, 2, 2, 2, 2, 2, 2, 2, 2, 2, 2, 2, 2, 2, 2, 
        2, 2, 2, 2, 2, 2, 2, 2, 2, 2, 2, 2, 2, 2, 2, 2, 2, 2, 2, 2, 2, 2, 2, 2, 
        2, 2, 2, 2, 2, 2, 2, 2, 2, 2, 2, 2, 2, 2, 2, 2, 2, 2, 2, 2, 2, 2, 2, 2, 
        2, 2, 2, 2, 2, 2, 2, 2, 2, 2, 2, 2, 2, 2, 2, 2, 2, 2, 2, 2, 2, 2, 2, 2, 
        2, 2, 2, 2, 2, 2, 2, 2, 2, 2, 2, 2, 2, 2, 2, 2, 2, 2, 2, 2, 2, 2, 2, 2, 
        2, 2, 2, 2, 2, 2, 2, 2, 2, 2, 2, 2, 2, 2, 2, 2, 2, 2, 2, 2, 2, 2, 2, 2, 
        2, 2, 2, 2, 2, 2, 2, 2, 2, 2, 2, 2, 2, 2, 2, 2, 2, 2, 2, 2, 2, 2, 2, 2, 
        2, 2, 2, 2, 2, 2, 2, 2, 2, 2, 2, 2, 2, 2, 2, 2, 2, 2, 2, 2, 2, 2, 2, 2, 
        2, 2, 2, 2, 2, 2, 2, 2, 2, 2, 2, 2, 2, 2, 2, 2, 2, 2, 2, 2, 2, 2, 2, 2, 
        2, 2, 2, 2, 2, 2, 2, 2, 2, 2, 2, 2, 2, 2, 2, 2, 2, 2, 2, 2, 2, 2, 2, 2, 
        2, 2, 2, 2, 2, 2, 2, 2, 2, 2, 2, 2, 2, 2, 2, 2, 2, 2, 2, 2, 2, 2, 2, 2, 
        2, 2, 2, 2, 2, 2, 2, 2, 2, 2, 2, 2, 2, 2, 2, 2, 2, 2, 2, 2, 2, 2, 2, 2, 
        2, 2, 2, 2, 2, 2, 2, 2, 2, 2, 2, 2, 2, 2, 2, 2, 2, 2, 2, 2, 2, 2, 2, 2, 
        2, 2, 2, 2, 2, 2, 2, 2, 2, 2, 2, 2, 2, 2, 2, 2, 2, 2, 2, 2, 2, 2, 2, 2, 
        2, 2, 2, 2, 2, 2, 2, 2, 2, 2, 2, 2, 2, 2, 2, 2, 2, 2, 2, 2, 2, 2, 2, 2, 
        2, 2, 2, 2, 2, 2, 2, 2, 2, 2, 2, 2, 2, 2, 2, 2, 2, 2, 2, 2, 2, 2, 2, 2, 
        2, 2, 2, 2, 2, 2, 2, 2, 2, 2, 2, 2, 2, 2, 2, 2, 2, 2, 2, 2, 2, 2, 2, 2, 
        2, 2, 2, 2, 2, 2, 2, 2, 2, 2, 2, 2, 2, 2, 2, 2, 2, 2, 2, 2, 2, 2, 2, 2, 
        2, 2, 2, 2, 2, 2, 2, 2, 2, 2, 2, 2, 2, 2, 2, 2, 2, 2, 2, 2, 2, 2, 2, 2, 
        2, 2, 2, 2, 2, 2, 2, 2, 2, 2, 2, 2, 2, 2, 2, 2, 2, 2, 2, 2, 2, 2, 2, 2, 
        2, 2, 2, 2, 2, 2, 2, 2, 2, 2, 2, 2, 2, 2, 2, 2, 2, 2, 2, 2, 2, 2, 2, 2, 
        2, 2, 2, 2, 2, 2, 2, 2, 2, 2, 2, 2, 2, 2, 2, 2, 2, 2, 2, 2, 2, 2, 2, 2, 
        2, 2, 2, 2, 2, 2, 2, 2, 2, 2, 2, 2, 2, 2, 2, 2, 2, 2, 2, 2, 2, 2, 2, 2, 
        2, 2, 2, 2, 2, 2, 2, 2, 2, 2, 2, 2, 2, 2, 2, 2, 2, 2, 2, 2, 2, 2, 2, 2, 
        2, 2, 2, 2, 2, 2, 2, 2, 2, 2, 2, 2, 2, 2, 2, 2, 2, 2, 2, 2, 2, 2, 2, 2, 
        2, 2, 2, 2, 2, 2, 2, 2, 2, 2, 2, 2, 2, 2, 2, 2, 2, 2, 2, 2, 2, 2, 2, 2, 
        2, 2, 2, 2, 2, 2, 2, 2, 2, 2, 2, 2, 2, 2, 2, 2, 2, 2, 2, 2, 2, 2, 2, 2, 
        2, 2, 2, 2, 2, 2, 2, 1, -2, -2, -2, -2, -2, -2, -2, -2, -2, -2, -2, -2, 
        -2, -2, -2, -2, -2, -1, 2, 2, 2, 2, 2, 2, 2, 2, 2, 2, 2, 2, 2, 2, 2, 2, 
        2, 2, 2, 2, 2, 2, 2, 2, 2, 2, 2, 2, 2, 2, 2, 2, 2, 2, 2, 2, 2, 2, 2, 2, 
        2, 2, 2, 2, 2, 1, 2, -1, 2, 2, 2, 2, 2, 2, 2, 2, 2, 2, 2, 2, 2, 2, 2, 2,
        2, 2, 2, 2, 2, 2, 2, 2, 2, 2, 2, 2, 2, 2, 2, 2, 2, 2, 2, 2, 2, 2, 2, 2, 
        2, 2, 2, 2, 2, 2, 2, 2, 2, 2, 2, 2, 2, 2, 2, 2, 2, 2, 2, 2, 2, 2, 2, 2, 
        2, 2, 2, 2, 2, 2, 2, 2, 2, 2, 2, 2, 2, 2, 2, 2, 2, 2, 2, 2, 2, 2, 2, 2, 
        2, 2, 1, 2, -1, 2, 2, 2, 2, 2, 2, 2, 2, 2, 2, 2, 2, 2, 2, 2, 2, 2, 2, 2,
        2, 2, 2, 2, 2, 2, 2, 2, 2, 2, 2, 2, 2, 2, 2, 2, 2, 2, 2, 2, 2, 2, 2, 2, 
        2, 2 ],
        [ IntegerRing() | -1, 2, 2, 2, 2, 2, 2, 2, 2, 2, 2, 2, 2, 2, 2, 2, 2, 2,
        2, 2, 2, 2, 2, 2, 2, 2, 2, 2, 2, 2, 2, 2, 2, 2, 2, 2, 2, 2, 2, 2, 2, 2, 
        2, 2, 2, 2, 2, 2, 2, 2, 2, 2, 2, 2, 2, 2, 2, 2, 2, 2, 2, 2, 2, 2, 2, 2, 
        2, 2, 2, 2, 2, 2, 2, 2, 2, 2, 2, 2, 2, 2, 2, 2, 2, 2, 2, 2, 2, 2, 2, 2, 
        2, 2, 2, 2, 2, 2, 2, 2, 2, 2, 2, 2, 2, 2, 2, 2, 2, 2, 2, 2, 2, 2, 2, 2, 
        2, 2, 2, 2, 2, 2, 2, 2, 2, 2, 2, 2, 2, 2, 2, 2, 2, 2, 2, 2, 2, 2, 2, 2, 
        2, 2, 2, 2, 2, 2, 2, 2, 2, 2, 2, 2, 2, 2, 2, 2, 2, 2, 2, 2, 2, 2, 2, 2, 
        2, 2, 2, 2, 2, 2, 2, 2, 2, 2, 2, 2, 2, 2, 2, 2, 2, 2, 2, 2, 2, 2, 2, 2, 
        2, 2, 2, 2, 2, 2, 2, 2, 2, 2, 2, 2, 2, 2, 2, 2, 2, 2, 2, 2, 2, 2, 2, 2, 
        2, 2, 2, 2, 2, 2, 2, 2, 2, 2, 2, 2, 2, 2, 2, 2, 2, 2, 2, 2, 2, 2, 2, 2, 
        2, 2, 2, 2, 2, 2, 2, 2, 2, 2, 2, 2, 2, 2, 2, 2, 2, 2, 2, 2, 2, 2, 2, 2, 
        2, 2, 2, 2, 2, 2, 2, 2, 2, 2, 2, 2, 2, 2, 2, 2, 2, 2, 2, 2, 2, 2, 2, 2, 
        2, 2, 2, 2, 2, 2, 2, 2, 2, 2, 2, 2, 2, 2, 2, 2, 2, 2, 2, 2, 2, 2, 2, 2, 
        2, 2, 2, 2, 2, 2, 2, 2, 2, 2, 2, 2, 2, 2, 2, 2, 2, 2, 2, 2, 2, 2, 2, 2, 
        2, 2, 2, 2, 2, 2, 2, 2, 2, 2, 2, 2, 2, 2, 2, 2, 2, 2, 2, 2, 2, 2, 2, 2, 
        2, 2, 2, 2, 2, 2, 2, 2, 2, 2, 2, 2, 2, 2, 2, 2, 2, 2, 2, 2, 2, 2, 2, 2, 
        2, 2, 2, 2, 2, 2, 2, 2, 2, 2, 2, 2, 2, 2, 2, 2, 2, 2, 2, 2, 2, 2, 2, 2, 
        2, 2, 2, 2, 2, 2, 2, 2, 2, 2, 2, 2, 2, 2, 2, 2, 2, 2, 2, 2, 2, 2, 2, 2, 
        2, 2, 2, 2, 2, 2, 2, 2, 2, 2, 2, 2, 2, 2, 2, 2, 2, 2, 2, 2, 2, 2, 2, 2, 
        2, 2, 2, 2, 2, 2, 2, 2, 2, 2, 2, 2, 2, 2, 2, 2, 2, 2, 2, 2, 2, 2, 2, 2, 
        2, 2, 2, 2, 2, 2, 2, 2, 2, 2, 2, 2, 2, 2, 2, 2, 2, 2, 2, 2, 2, 2, 2, 2, 
        2, 2, 2, 2, 2, 2, 2, 2, 2, 2, 2, 2, 2, 2, 2, 2, 2, 2, 2, 2, 2, 2, 2, 2, 
        2, 2, 2, 2, 2, 2, 2, 2, 2, 2, 2, 2, 2, 2, 2, 2, 2, 2, 2, 2, 2, 2, 2, 2, 
        2, 2, 2, 2, 2, 2, 2, 2, 2, 2, 2, 2, 2, 2, 2, 2, 2, 2, 2, 2, 2, 2, 2, 2, 
        2, 2, 2, 2, 2, 2, 2, 2, 2, 2, 2, 2, 2, 2, 2, 2, 2, 2, 2, 2, 2, 2, 2, 2, 
        2, 2, 2, 2, 2, 2, 2, 2, 2, 2, 2, 2, 2, 2, 2, 2, 2, 2, 2, 2, 2, 2, 2, 2, 
        2, 2, 2, 2, 2, 2, 2, 2, 2, 2, 2, 2, 2, 2, 2, 2, 2, 2, 2, 2, 2, 2, 2, 2, 
        2, 2, 2, 2, 2, 2, 2, 2, 2, 2, 2, 2, 2, 2, 2, 2, 2, 2, 2, 2, 2, 2, 2, 2, 
        2, 2, 2, 2, 2, 2, 2, 2, 2, 2, 2, 2, 2, 2, 2, 2, 2, 2, 2, 2, 2, 2, 2, 2, 
        2, 2, 2, 2, 2, 2, 2, 2, 2, 2, 2, 2, 2, 2, 2, 2, 2, 2, 2, 2, 2, 2, 2, 2, 
        2, 2, 2, 2, 2, 2, 2, 2, 2, 2, 2, 2, 2, 2, 2, 2, 2, 2, 2, 2, 2, 2, 2, 2, 
        2, 2, 2, 2, 2, 2, 2, 2, 2, 2, 2, 2, 2, 2, 2, 2, 2, 2, 2, 2, 2, 2, 2, 2, 
        2, 2, 2, 2, 2, 2, 2, 2, 2, 2, 2, 2, 2, 2, 2, 2, 2, 2, 2, 2, 2, 2, 2, 2, 
        2, 2, 2, 2, 2, 2, 2, 2, 2, 2, 2, 2, 2, 2, 2, 2, 2, 2, 2, 2, 2, 2, 2, 2, 
        2, 2, 2, 2, 2, 2, 2, 2, 2, 2, 2, 2, 2, 2, 2, 2, 2, 2, 2, 2, 2, 2, 2, 2, 
        2, 2, 2, 2, 2, 2, 2, 2, 2, 2, 2, 2, 2, 2, 2, 2, 2, 2, 2, 2, 2, 2, 2, 2, 
        2, 2, 2, 2, 2, 2, 2, 2, 2, 2, 2, 2, 2, 2, 2, 2, 2, 2, 2, 2, 2, 2, 2, 2, 
        2, 2, 2, 2, 2, 2, 2, 2, 2, 2, 2, 2, 2, 2, 2, 2, 2, 2, 2, 2, 2, 2, 2, 2, 
        2, 2, 2, 2, 2, 2, 2, 2, 2, 2, 2, 2, 2, 2, 2, 2, 2, 2, 2, 2, 2, 2, 2, 2, 
        2, 2, 2, 2, 2, 2, 2, 2, 2, 2, 2, 2, 2, 2, 2, 2, 2, 2, 2, 2, 2, 2, 2, 2, 
        2, 2, 2, 2, 2, 2, 2, 2, 2, 2, 2, 2, 2, 2, 2, 2, 2, 2, 2, 2, 2, 2, 2, 2, 
        2, 2, 2, 2, 2, 2, 2, 2, 2, 2, 2, 2, 2, 2, 2, 2, 2, 2, 2, 2, 2, 2, 2, 2, 
        2, 2, 2, 2, 2, 2, 2, 2, 2, 2, 2, 2, 2, 2, 2, 2, 2, 2, 2, 2, 2, 2, 2, 2, 
        2, 2, 2, 2, 2, 2, 2, 2, 2, 2, 2, 2, 2, 2, 2, 2, 2, 2, 2, 2, 2, 2, 2, 2, 
        2, 2, 2, 2, 2, 2, 2, 2, 2, 2, 2, 2, 2, 2, 2, 2, 2, 2, 2, 2, 2, 2, 2, 2, 
        2, 2, 2, 2, 2, 2, 2, 1, 2, 2, 2, 2, 2, 2, 2, 2, 2, 2, 2, 2, 2, 2, 2, 2, 
        2, 2, 2, 2, 2, 2, 2, 2, 2, 2, 2, 2, 2, 2, 2, 2, 2, 2, 2, 2, 2, 2, 2, 2, 
        2, 2, 2, 2, 2, 2, 1, -2 ],
        [ IntegerRing() | -1, 2, 2, 2, 2, 2, 2, 2, 2, 2, 2, 2, 2, 2, 2, 2, 2, 2,
        2, 2, 2, 2, 2, 2, 2, 2, 2, 2, 2, 2, 2, 2, 2, 2, 2, 2, 2, 2, 2, 2, 2, 2, 
        2, 2, 2, 2, 2, 2, 2, 2, 2, 2, 2, 2, 2, 2, 2, 2, 2, 2, 2, 2, 2, 2, 2, 2, 
        2, 2, 2, 2, 2, 2, 2, 2, 2, 2, 2, 2, 2, 2, 2, 2, 2, 2, 2, 2, 2, 2, 2, 2, 
        2, 2, 2, 2, 2, 2, 2, 2, 2, 2, 2, 2, 2, 2, 2, 2, 2, 2, 2, 2, 2, 2, 2, 2, 
        2, 2, 2, 2, 2, 2, 2, 2, 2, 2, 2, 2, 2, 2, 2, 2, 2, 2, 2, 2, 2, 2, 2, 2, 
        2, 2, 2, 2, 2, 2, 2, 2, 2, 2, 2, 2, 2, 2, 2, 2, 2, 2, 2, 2, 2, 2, 2, 2, 
        2, 2, 2, 2, 2, 2, 2, 2, 2, 2, 2, 2, 2, 2, 2, 2, 2, 2, 2, 2, 2, 2, 2, 2, 
        2, 2, 2, 2, 2, 2, 2, 2, 2, 2, 2, 2, 2, 2, 2, 2, 2, 2, 2, 2, 2, 2, 2, 2, 
        2, 2, 2, 2, 2, 2, 2, 2, 2, 2, 2, 2, 2, 2, 2, 2, 2, 2, 2, 2, 2, 2, 2, 2, 
        2, 2, 2, 2, 2, 2, 2, 2, 2, 2, 2, 2, 2, 2, 2, 2, 2, 2, 2, 2, 2, 2, 2, 2, 
        2, 2, 2, 2, 2, 2, 2, 2, 2, 2, 2, 2, 2, 2, 2, 2, 2, 2, 2, 2, 2, 2, 2, 2, 
        2, 2, 2, 2, 2, 2, 2, 2, 2, 2, 2, 2, 2, 2, 2, 2, 2, 2, 2, 2, 2, 2, 2, 2, 
        2, 2, 2, 2, 2, 2, 2, 2, 2, 2, 2, 2, 2, 2, 2, 2, 2, 2, 2, 2, 2, 2, 2, 2, 
        2, 2, 2, 2, 2, 2, 2, 2, 2, 2, 2, 2, 2, 2, 2, 2, 2, 2, 2, 2, 2, 2, 2, 2, 
        2, 2, 2, 2, 2, 2, 2, 2, 2, 2, 2, 2, 2, 2, 2, 2, 2, 2, 2, 2, 2, 2, 2, 2, 
        2, 2, 2, 2, 2, 2, 2, 2, 2, 2, 2, 2, 2, 2, 2, 2, 2, 2, 2, 2, 2, 2, 2, 2, 
        2, 2, 2, 2, 2, 2, 2, 2, 2, 2, 2, 2, 2, 2, 2, 2, 2, 2, 2, 2, 2, 2, 2, 2, 
        2, 2, 2, 2, 2, 2, 2, 2, 2, 2, 2, 2, 2, 2, 2, 2, 2, 2, 2, 2, 2, 2, 2, 2, 
        2, 2, 2, 2, 2, 2, 2, 2, 2, 2, 2, 2, 2, 2, 2, 2, 2, 2, 2, 2, 2, 2, 2, 2, 
        2, 2, 2, 2, 2, 2, 2, 2, 2, 2, 2, 2, 2, 2, 2, 2, 2, 2, 2, 2, 2, 2, 2, 2, 
        2, 2, 2, 2, 2, 2, 2, 2, 2, 2, 2, 2, 2, 2, 2, 2, 2, 2, 2, 2, 2, 2, 2, 2, 
        2, 2, 2, 2, 2, 2, 2, 2, 2, 2, 2, 2, 2, 2, 2, 2, 2, 2, 2, 2, 2, 2, 2, 2, 
        2, 2, 2, 2, 2, 2, 2, 2, 2, 2, 2, 2, 2, 2, 2, 2, 2, 2, 2, 2, 2, 2, 2, 2, 
        2, 2, 2, 2, 2, 2, 2, 2, 2, 2, 2, 2, 2, 2, 2, 2, 2, 2, 2, 2, 2, 2, 2, 2, 
        2, 2, 2, 2, 2, 2, 2, 2, 2, 2, 2, 2, 2, 2, 2, 2, 2, 2, 2, 2, 2, 2, 2, 2, 
        2, 2, 2, 2, 2, 2, 2, 2, 2, 2, 2, 2, 2, 2, 2, 2, 2, 2, 2, 2, 2, 2, 2, 2, 
        2, 2, 2, 2, 2, 2, 2, 2, 2, 2, 2, 2, 2, 2, 2, 2, 2, 2, 2, 2, 2, 2, 2, 2, 
        2, 2, 2, 2, 2, 2, 2, 2, 2, 2, 2, 2, 2, 2, 2, 2, 2, 2, 2, 2, 2, 2, 2, 2, 
        2, 2, 2, 2, 2, 2, 2, 2, 2, 2, 2, 2, 2, 2, 2, 2, 2, 2, 2, 2, 2, 2, 2, 2, 
        2, 2, 2, 2, 2, 2, 2, 2, 2, 2, 2, 2, 2, 2, 2, 2, 2, 2, 2, 2, 2, 2, 2, 2, 
        2, 2, 2, 2, 2, 2, 2, 2, 2, 2, 2, 2, 2, 2, 2, 2, 2, 2, 2, 2, 2, 2, 2, 2, 
        2, 2, 2, 2, 2, 2, 2, 2, 2, 2, 2, 2, 2, 2, 2, 2, 2, 2, 2, 2, 2, 2, 2, 2, 
        2, 2, 2, 2, 2, 2, 2, 2, 2, 2, 2, 2, 2, 2, 2, 2, 2, 2, 2, 2, 2, 2, 2, 2, 
        2, 2, 2, 2, 2, 2, 2, 2, 2, 2, 2, 2, 2, 2, 2, 2, 2, 2, 2, 2, 2, 2, 2, 2, 
        2, 2, 2, 2, 2, 2, 2, 2, 2, 2, 2, 2, 2, 2, 2, 2, 2, 2, 2, 2, 2, 2, 2, 2, 
        2, 2, 2, 2, 2, 2, 2, 2, 2, 2, 2, 2, 2, 2, 2, 2, 2, 2, 2, 2, 2, 2, 2, 2, 
        2, 2, 2, 2, 2, 2, 2, 2, 2, 2, 2, 2, 2, 2, 2, 2, 2, 2, 2, 2, 2, 2, 2, 2, 
        2, 2, 2, 2, 2, 2, 2, 2, 2, 2, 2, 2, 2, 2, 2, 2, 2, 2, 2, 2, 2, 2, 2, 2, 
        2, 2, 2, 2, 2, 2, 2, 2, 2, 2, 2, 2, 2, 2, 2, 2, 2, 2, 2, 2, 2, 2, 2, 2, 
        2, 2, 2, 2, 2, 2, 2, 2, 2, 2, 2, 2, 2, 2, 2, 2, 2, 2, 2, 2, 2, 2, 2, 2, 
        2, 2, 2, 2, 2, 2, 2, 2, 2, 2, 2, 2, 2, 2, 2, 2, 2, 2, 2, 2, 2, 2, 2, 2, 
        2, 2, 2, 2, 2, 2, 2, 2, 2, 2, 2, 2, 2, 2, 2, 2, 2, 2, 2, 2, 2, 2, 2, 2, 
        2, 2, 2, 2, 2, 2, 2, 2, 2, 2, 2, 2, 2, 2, 2, 2, 2, 2, 2, 2, 2, 2, 2, 2, 
        2, 2, 2, 2, 2, 2, 2, 2, 2, 2, 2, 2, 2, 2, 2, 2, 2, 2, 2, 2, 2, 2, 2, 2, 
        2, 2, 2, 2, 2, 2, 2, 2, 2, 2, 2, 2, 2, 2, 2, 2, 2, 2, 2, 2, 2, 2, 2, 2, 
        2, 2, 2, 2, 2, 2, 2, 2, 2, 2, 2, 2, 2, 2, 2, 2, 2, 2, 2, 2, 2, 2, 2, 2, 
        2, 2, 2, 2, 2, 2, 2, 2, 2, 2, 2, 2, 2, 2, 2, 2, 2, 2, 2, 2, 2, 2, 2, 2, 
        2, 2, 2, 2, 2, 2, 2, 2, 2, 2, 2, 2, 2, 2, 2, 2, 2, 2, 2, 2, 2, 2, 2, 2, 
        2, 2, 2, 2, 2, 2, 2, 2, 2, 2, 2, 2, 2, 2, 2, 2, 2, 2, 2, 2, 2, 2, 2, 2, 
        2, 2, 2, 2, 2, 2, 2, 2, 2, 2, 2, 2, 2, 2, 2, 2, 2, 2, 2, 2, 2, 2, 2, 2, 
        2, 2, 2, 2, 2, 2, 2, 2, 2, 2, 2, 2, 2, 2, 2, 2, 2, 2, 2, 2, 2, 2, 2, 2, 
        2, 2, 2, 2, 2, 2, 2, 2, 2, 2, 2, 2, 2, 2, 2, 2, 2, 2, 2, 2, 2, 2, 2, 2, 
        2, 2, 2, 2, 2, 2, 2, 2, 2, 2, 2, 2, 2, 2, 2, 2, 2, 2, 2, 2, 2, 2, 2, 2, 
        2, 2, 2, 2, 2, 2, 2, 2, 2, 2, 2, 2, 2, 2, 2, 2, 2, 2, 2, 2, 2, 2, 2, 2, 
        2, 2, 2, 2, 2, 2, 2, 2, 2, 2, 2, 2, 2, 2, 2, 2, 2, 2, 2, 2, 2, 2, 2, 2, 
        2, 2, 2, 2, 2, 2, 2, 2, 2, 2, 2, 2, 2, 1, 2, 2, 2, 2, 2, 2, 2, 2, 2, 2, 
        2, 2, 2, 2, 2, 2, 2, 2, 2, 2, 2, 2, 2, 2, 2, 2, 2, 2, 2, 2, 2, 2, 2, 2, 
        2, 2, 2, 2, 2, 2, 2, 2, 2, 2, 2, 2, 2, 2, 2, 2, 2, 2, 2, 2, 2, 2, 2, 2, 
        2, 2, 2, 2, 2, 2, 2, 2, 2, 2, 2, 2, 2, 2, 2, 2, -1, 2, 2, 2, 2, 2, 2, 2,
        2, 2, 2, 2, 2, 2, 2, 2, 2, 2, 2, 2, 2, 2, 2, 2, 2, 2, 2, 2, 2, 2, 2, 2, 
        2, 2, 2, 2, 2, 2, 2, 2, 2, 2, 2, 2, 2, 2, 2, 2, 2, 2, 2, 2, 2, 2, 2, 2, 
        2, 2, 2, 2, 2, 2, 2, 2, 2, 2, 2, 2, 2, 2, 2, 2, 2, 2, 2, 2, 2, 2, 2, 2, 
        2, 2, 2, 2, 2, 2, 2, 2, 2, 2, 2, 1, 2 ],
        [ IntegerRing() | -1, 2, 2, 2, 2, 2, 2, 2, 2, 2, 2, 2, 2, 2, 2, 2, 2, 2,
        2, 2, 2, 2, 2, 2, 2, 2, 2, 2, 2, 2, 2, 2, 2, 2, 2, 2, 2, 2, 2, 2, 2, 2, 
        2, 2, 2, 2, 2, 2, 2, 2, 2, 2, 2, 2, 2, 2, 2, 2, 2, 2, 2, 2, 2, 2, 2, 2, 
        2, 2, 2, 2, 2, 2, 2, 2, 2, 2, 2, 2, 2, 2, 2, 2, 2, 2, 2, 2, 2, 2, 2, 2, 
        2, 2, 2, 2, 2, 2, 2, 2, 2, 2, 2, 2, 2, 2, 2, 2, 2, 2, 2, 2, 2, 2, 2, 2, 
        2, 2, 2, 2, 2, 2, 2, 2, 2, 2, 2, 2, 2, 2, 2, 2, 2, 2, 2, 2, 2, 2, 2, 2, 
        2, 2, 2, 2, 2, 2, 2, 2, 2, 2, 2, 2, 2, 2, 2, 2, 2, 2, 2, 2, 2, 2, 2, 2, 
        2, 2, 2, 2, 2, 2, 2, 2, 2, 2, 2, 2, 2, 2, 2, 2, 2, 2, 2, 2, 2, 2, 2, 2, 
        2, 2, 2, 2, 2, 2, 2, 2, 2, 2, 2, 2, 2, 2, 2, 2, 2, 2, 2, 2, 2, 2, 2, 2, 
        2, 2, 2, 2, 2, 2, 2, 2, 2, 2, 2, 2, 2, 2, 2, 2, 2, 2, 2, 2, 2, 2, 2, 2, 
        2, 2, 2, 2, 2, 2, 2, 2, 2, 2, 2, 2, 2, 2, 2, 2, 2, 2, 2, 2, 2, 2, 2, 2, 
        2, 2, 2, 2, 2, 2, 2, 2, 2, 2, 2, 2, 2, 2, 2, 2, 2, 2, 2, 2, 2, 2, 2, 2, 
        2, 2, 2, 2, 2, 2, 2, 2, 2, 2, 2, 2, 2, 2, 2, 2, 2, 2, 2, 2, 2, 2, 2, 2, 
        2, 2, 2, 2, 2, 2, 2, 2, 2, 2, 2, 2, 2, 2, 2, 2, 2, 2, 2, 2, 2, 2, 2, 2, 
        2, 2, 2, 2, 2, 2, 2, 2, 2, 2, 2, 2, 2, 2, 2, 2, 2, 2, 2, 2, 2, 2, 2, 2, 
        2, 2, 2, 2, 2, 2, 2, 2, 2, 2, 2, 2, 2, 2, 2, 2, 2, 2, 2, 2, 2, 2, 2, 2, 
        2, 2, 2, 2, 2, 2, 2, 2, 2, 2, 2, 2, 2, 2, 2, 2, 2, 2, 2, 2, 2, 2, 2, 2, 
        2, 2, 2, 2, 2, 2, 2, 2, 2, 2, 2, 2, 2, 2, 2, 2, 2, 2, 2, 2, 2, 2, 2, 2, 
        2, 2, 2, 2, 2, 2, 2, 2, 2, 2, 2, 2, 2, 2, 2, 2, 2, 2, 2, 2, 2, 2, 2, 2, 
        2, 2, 2, 2, 2, 2, 2, 2, 2, 2, 2, 2, 2, 2, 2, 2, 2, 2, 2, 2, 2, 2, 2, 2, 
        2, 2, 2, 2, 2, 2, 2, 2, 2, 2, 2, 2, 2, 2, 2, 2, 2, 2, 2, 2, 2, 2, 2, 2, 
        2, 2, 2, 2, 2, 2, 2, 2, 2, 2, 2, 2, 2, 2, 2, 2, 2, 2, 2, 2, 2, 2, 2, 2, 
        2, 2, 2, 2, 2, 2, 2, 2, 2, 2, 2, 2, 2, 2, 2, 2, 2, 2, 2, 2, 2, 2, 2, 2, 
        2, 2, 2, 2, 2, 2, 2, 2, 2, 2, 2, 2, 2, 2, 2, 2, 2, 2, 2, 2, 2, 2, 2, 2, 
        2, 2, 2, 2, 2, 2, 2, 2, 2, 2, 2, 2, 2, 2, 2, 2, 2, 2, 2, 2, 2, 2, 2, 2, 
        2, 2, 2, 2, 2, 2, 2, 2, 2, 2, 2, 2, 2, 2, 2, 2, 2, 2, 2, 2, 2, 2, 2, 2, 
        2, 2, 2, 2, 2, 2, 2, 2, 2, 2, 2, 2, 2, 2, 2, 2, 2, 2, 2, 2, 2, 2, 2, 2, 
        2, 2, 2, 2, 2, 2, 2, 2, 2, 2, 2, 2, 2, 2, 2, 2, 2, 2, 2, 2, 2, 2, 2, 2, 
        2, 2, 2, 2, 2, 2, 2, 2, 2, 2, 2, 2, 2, 2, 2, 2, 2, 2, 2, 2, 2, 2, 2, 2, 
        2, 2, 2, 2, 2, 2, 2, 2, 2, 2, 2, 2, 2, 2, 2, 2, 2, 2, 2, 2, 2, 2, 2, 2, 
        2, 2, 2, 2, 2, 2, 2, 2, 2, 2, 2, 2, 2, 2, 2, 2, 2, 2, 2, 2, 2, 2, 2, 2, 
        2, 2, 2, 2, 2, 2, 2, 2, 2, 2, 2, 2, 2, 2, 2, 2, 2, 2, 2, 2, 2, 2, 2, 2, 
        2, 2, 2, 2, 2, 2, 2, 2, 2, 2, 2, 2, 2, 2, 2, 2, 2, 2, 2, 2, 2, 2, 2, 2, 
        2, 2, 2, 2, 2, 2, 2, 2, 2, 2, 2, 2, 2, 2, 2, 2, 2, 2, 2, 2, 2, 2, 2, 2, 
        2, 2, 2, 2, 2, 2, 2, 2, 2, 2, 2, 2, 2, 2, 2, 2, 2, 2, 2, 2, 2, 2, 2, 2, 
        2, 2, 2, 2, 2, 2, 2, 2, 2, 2, 2, 2, 2, 2, 2, 2, 2, 2, 2, 2, 2, 2, 2, 2, 
        2, 2, 2, 2, 2, 2, 2, 2, 2, 2, 2, 2, 2, 2, 2, 2, 2, 2, 2, 2, 2, 2, 2, 2, 
        2, 2, 2, 2, 2, 2, 2, 2, 2, 2, 2, 2, 2, 2, 2, 2, 2, 2, 2, 2, 2, 2, 2, 2, 
        2, 2, 2, 2, 2, 2, 2, 2, 2, 2, 2, 2, 2, 2, 2, 2, 2, 2, 2, 2, 2, 2, 2, 2, 
        2, 2, 2, 2, 2, 2, 2, 2, 2, 2, 2, 2, 2, 2, 2, 2, 2, 2, 2, 2, 2, 2, 2, 2, 
        2, 2, 2, 2, 2, 2, 2, 2, 2, 2, 2, 2, 2, 2, 2, 2, 2, 2, 2, 2, 2, 2, 2, 2, 
        2, 2, 2, 2, 2, 2, 2, 2, 2, 2, 2, 2, 2, 2, 2, 2, 2, 2, 2, 2, 2, 2, 2, 2, 
        2, 2, 2, 2, 2, 2, 2, 2, 2, 2, 2, 2, 2, 2, 2, 2, 2, 2, 2, 2, 2, 2, 2, 2, 
        2, 2, 2, 2, 2, 2, 2, 2, 2, 2, 2, 2, 2, 2, 2, 2, 2, 2, 2, 2, 2, 2, 2, 2, 
        2, 2, 2, 2, 2, 2, 2, 2, 2, 2, 2, 2, 2, 2, 2, 2, 2, 2, 2, 2, 2, 2, 2, 2, 
        2, 2, 2, 2, 2, 2, 2, 2, 2, 2, 2, 2, 2, 2, 2, 2, 2, 2, 2, 2, 2, 2, 2, 2, 
        2, 2, 2, 2, 2, 2, 2, 2, 2, 2, 2, 2, 2, 2, 2, 2, 2, 2, 2, 2, 2, 2, 2, 2, 
        2, 2, 2, 2, 2, 2, 2, 2, 2, 2, 2, 2, 2, 2, 2, 2, 2, 2, 2, 2, 2, 2, 2, 2, 
        2, 2, 2, 2, 2, 2, 2, 2, 2, 2, 2, 2, 2, 2, 2, 2, 2, 2, 2, 2, 2, 2, 2, 2, 
        2, 2, 2, 2, 2, 2, 2, 2, 2, 2, 2, 2, 2, 2, 2, 2, 2, 2, 2, 2, 2, 2, 2, 2, 
        2, 2, 2, 2, 2, 2, 2, 2, 2, 2, 2, 2, 2, 2, 2, 2, 2, 2, 2, 2, 2, 2, 2, 2, 
        2, 2, 2, 2, 2, 2, 2, 2, 2, 2, 2, 2, 2, 2, 2, 2, 2, 2, 2, 2, 2, 2, 2, 2, 
        2, 2, 2, 2, 2, 2, 2, 2, 2, 2, 2, 2, 2, 2, 2, 2, 2, 2, 2, 2, 2, 2, 2, 2, 
        2, 2, 2, 2, 2, 2, 2, 2, 2, 2, 2, 2, 2, 2, 2, 2, 2, 2, 2, 2, 2, 2, 2, 2, 
        2, 2, 2, 2, 2, 2, 2, 2, 2, 2, 2, 2, 2, 2, 2, 2, 2, 2, 2, 2, 2, 2, 2, 2, 
        2, 2, 2, 2, 2, 2, 2, 2, 2, 2, 2, 2, 2, 2, 2, 2, 2, 2, 2, 2, 2, 2, 2, 2, 
        2, 2, 2, 2, 2, 2, 2, 2, 2, 2, 2, 2, 2, 2, 2, 2, 2, 2, 2, 2, 2, 2, 2, 2, 
        2, 2, 2, 2, 2, 2, 2, 2, 2, 2, 2, 2, 2, 2, 2, 2, 2, 2, 2, 2, 2, 2, 2, 2, 
        2, 2, 2, 2, 2, 2, 2, 2, 2, 2, 2, 2, 2, 2, 2, 2, 2, 2, 2, 2, 2, 2, 2, 2, 
        2, 2, 2, 2, 2, 2, 2, 2, 2, 2, 2, 2, 2, 2, 2, 2, 2, 2, 2, 2, 2, 2, 2, 2, 
        2, 2, 2, 2, 2, 2, 2, 2, 2, 2, 2, 2, 2, 2, 2, 2, 2, 2, 2, 2, 2, 2, 2, 2, 
        2, 2, 2, 2, 2, 2, 2, 2, 2, 2, 2, 2, 2, 2, 2, 2, 2, 2, 2, 2, 2, 2, 2, 2, 
        2, 2, 2, 2, 2, 2, 2, 2, 2, 2, 2, 2, 2, 2, 2, 2, 2, 2, 2, 2, 2, 2, 2, 2, 
        2, 2, 2, 2, 2, 2, 2, 2, 2, 2, 2, 2, 2, 2, 2, 2, 2, 2, 2, 2, 2, 2, 2, 2, 
        2, 2, 2, 2, 2, 2, 2, 2, 2, 2, 2, 2, 2, 2, 2, 2, 2, 2, 2, 2, 2, 2, 2, 2, 
        2, 2, 2, 2, 2, 2, 2, 2, 2, 2, 2, 2, 2, 2, 2, 2, 2, 2, 2, 2, 2, 2, 2, 2, 
        2, 2, 2, 2, 2, 2, 2, 2, 2, 2, 2, 2, 2, 2, 2, 2, 2, 2, 2, 2, 2, 2, 2, 2, 
        2, 2, 2, 2, 2, 2, 2, 2, 2, 2, 2, 2, 2, 2, 2, 2, 2, 2, 2, 2, 2, 2, 2, 2, 
        2, 2, 2, 2, 2, 2, 2, 2, 2, 2, 2, 2, 2, 2, 2, 2, 2, 2, 2, 2, 2, 2, 2, 2, 
        2, 2, 2, 2, 2, 2, 2, 2, 2, 2, 2, 2, 2, 2, 2, 2, 2, 2, 2, 2, 2, 2, 2, 2, 
        2, 2, 2, 2, 2, 2, 2, 2, 2, 2, 2, 2, 2, 2, 2, 2, 2, 2, 2, 2, 2, 2, 2, 2, 
        2, 2, 2, 2, 2, 2, 2, 2, 2, 2, 2, 2, 2, 2, 2, 2, 2, 2, 2, 2, 2, 2, 2, 2, 
        2, 2, 2, 2, 2, 2, 2, 2, 2, 2, 2, 2, 2, 2, 2, 2, 2, 2, 2, 2, 2, 2, 2, 2, 
        2, 2, 2, 2, 2, 2, 2, 2, 2, 2, 2, 2, 2, 2, 2, 2, 2, 2, 2, 2, 2, 2, 2, 2, 
        2, 2, 2, 2, 2, 2, 2, 2, 2, 2, 2, 2, 2, 2, 2, 2, 2, 2, 2, 2, 2, 2, 2, 2, 
        2, 2, 2, 2, 2, 2, 2, 2, 2, 2, 2, 2, 2, 2, 2, 2, 2, 2, 2, 2, 2, 2, 2, 2, 
        2, 2, 2, 2, 2, 2, 2, 2, 2, 2, 2, 2, 2, 2, 2, 2, 2, 2, 2, 2, 2, 2, 2, 2, 
        2, 2, 2, 2, 2, 2, 2, 2, 2, 2, 2, 2, 2, 2, 2, 2, 2, 2, 2, 2, 2, 2, 2, 2, 
        2, 2, 2, 2, 2, 2, 2, 2, 2, 2, 2, 2, 2, 2, 2, 2, 2, 2, 2, 2, 2, 2, 2, 2, 
        2, 2, 2, 2, 2, 2, 2, 2, 2, 2, 2, 2, 2, 2, 2, 2, 2, 2, 2, 2, 2, 2, 2, 2, 
        2, 2, 2, 2, 2, 2, 2, 2, 2, 2, 2, 2, 2, 2, 2, 2, 2, 2, 2, 2, 2, 2, 1, 2, 
        2, 2, 2, 2, 2, 2, 2, 2, 2, 2, 2, 2, 2, 2, 2, 2, 2, 2, 2, 2, 2, 2, 2, 2, 
        2, 2, 2, 2, 2, 2, 2, 2, 2, 2, 2, 2, 2, 2, 2, 2, 2, 2, 2, 2, -1, 2, 2, 2,
        2, 2, 2, 2, 2, 2, 2, 2, 2, 2, 2, 2, 2, 2, 2, 2, 2, 2, 2, 2, 2, 2, 2, 2, 
        2, 2, 2, 2, 2, 2, 2, 2, 2, 2, 2, 2, 2, 2, 2, 2, 2, 2, 2, 2, 2, 2, 2, 2, 
        2, 2, 2, 2, 2, 2, 2, 2, 2, 2, 2, 2, 2, 2, 2, 2, 2, 2, 2, 2, 2, 2, 2, 2, 
        2, 2, 2, 2, 2, 2, 2, 2, 2, 2, 2, 2, 2, 2, 2, 1 ]
    ], level := 141, genus := 12, index := 144, contains_minus_one := true, 
    subgroups := [ IntegerRing() | 7685, 8078, 8080 ], supergroups := [ 
    IntegerRing() | 5, 829 ], name := "141A12", label := "A", order := 17296, 
    GLZConj := 1, matgens := [ PowerSequence(IntegerRing(141)) |
        [ IntegerRing(141) | 1, 47, 47, 95 ],
        [ IntegerRing(141) | 40, 45, 60, 64 ],
        [ IntegerRing(141) | 93, 47, 94, 93 ],
        [ IntegerRing(141) | 95, 0, 0, 95 ],
        [ IntegerRing(141) | 95, 47, 47, 1 ],
        [ IntegerRing(141) | 109, 42, 105, 34 ]
    ], cusps := [ IntegerRing() | 3, 141 ], c2 := [ IntegerRing() | 2, 2, 2, 2, 
    2, 2, 2, 2, 2, 2, 2, 2, 2, 2, 2, 2, 2, 2, 2, 2, 2, 2, 2, 2, 2, 2, 2, 2, 2, 
    2, 2, 2, 2, 2, 2, 2, 2, 2, 2, 2, 2, 2, 2, 2, 2, 2, 2, 2, 2, 2, 2, 2, 2, 2, 
    2, 2, 2, 2, 2, 2, 2, 2, 2, 2, 2, 2, 2, 2, 2, 2, 2, 2 ], c3 := [ 
    IntegerRing() | 3, 3, 3, 3, 3, 3, 3, 3, 3, 3, 3, 3, 3, 3, 3, 3, 3, 3, 3, 3, 
    3, 3, 3, 3, 3, 3, 3, 3, 3, 3, 3, 3, 3, 3, 3, 3, 3, 3, 3, 3, 3, 3, 3, 3, 3, 
    3, 3, 3 ], gc := [ IntegerRing() | 1, 1, 46 ], special_name := [], 
    special_name_html := [], direct_subgroups := [ IntegerRing() | 7685, 8078, 
    8080 ], direct_supergroups := [ IntegerRing() | 5, 829 ], length := 48, 
    treename := [ PowerSequence(IntegerRing()) |
        [ IntegerRing() | 423, 2, 5 ],
        [ IntegerRing() | 564, 2, 5 ]
    ], treesupergroups := [ PowerSequence(IntegerRing()) |
        [ IntegerRing() | 423, 2 ],
        [ IntegerRing() | 300, 6 ],
        [ IntegerRing() | 564, 2 ]
    ]>,
    rec<recformat<generators: SeqEnum, level: IntegerRing(), genus: 
    IntegerRing(), index: IntegerRing(), contains_minus_one: BoolElt, subgroups:
    SeqEnum, supergroups: SeqEnum, name: MonStgElt, label: MonStgElt, order: 
    IntegerRing(), GLZConj: IntegerRing(), matgens: SeqEnum, cusps: SeqEnum, c2:
    SeqEnum, c3: SeqEnum, gc: SeqEnum, projections: SeqEnum, special_name: 
    SeqEnum, special_name_html: SeqEnum, direct_subgroups: SeqEnum, 
    direct_supergroups: SeqEnum, length: IntegerRing(), treename: SeqEnum, 
    treesupergroups: SeqEnum> | generators := [ PowerSequence(IntegerRing()) |
        [ IntegerRing() | 2, 2, 2, 1, 2, 1, 2, 1, 1, 1, 1, 2, 2, 1, 2, 1, 2, 2, 
        2, 2, 1, 2, 1, 2, 1, 1, 1, 1, 2, 1, 1, 2, 1, 2, 1, 1, 2, 2, 1, 1, 2, 2, 
        2, 2, -1, -2, 1, 2, 2, -1, -2, -2, -2, -2, -2, -2, -1, -2, -2, -2, -2, 
        -2, -2, -1, -2, -2, -2, -2, -2, -2, 1, 2, 2, 1, 2, 2, 1, -2, -2, -1, 2, 
        1, -2, -1, -1, -1, -1, -2, -1, -2, -1, -2, -2, -1, -2, -1, -2, -2, -2, 
        -1, -2, -1, -2, -2, -2, -2, -1, -1, -2, -1, -1, -1, -1, -2, -1, -2, -1, 
        -2, -2, -1, -1, -2, -1, -1, -1, -1, -2, -1, -2, -1, -2, -2, -1, -2, -1, 
        -2, -2, -2, -1, -2, -1, -2, -2, -2, -2, -2, -2, 1, 2, 2, 1, 2, 2, 1, -2,
        -2, -1, 2, 1, -2, -1, -1, -1, -1, -2, -1, -2, -1, -2, -2, -1, -2, -1, 
        -2, -2, -2, -1, -2, -1, -2, -2, -2, -2, -1, -1, -2, -1, -1, -1, -1, -2, 
        -1, -2, -1, -2, -2, -1, -1, -2, -1, -1, -1, -1, -2, -1, -2, -1, -2, -2, 
        -1, -2, -1, -2, -2, -2, -1, -2, -1, -2, -2, -2, -2, -2, -2, 1, 2, 2, 1, 
        2, 2, 1, -2, -2, -1, 2, 1, -2, -1, -1, -1, -1, -2, -1, -2, -1, -2, -2, 
        -1, -2, -1, -2, -2, -2, -1, -2, -1, -2, -2, -2, -2, -1, -1, -2, -1, -1, 
        -1, -1, -2, -1, -2, -1, -2, -2, -1, -1, -2, -1, -1, -1, -1, -2, -1, -2, 
        -1, -2, -2, -1, -2, -1, -2, -2, -2, -1, -2, -1, -2, -2, -2, -2, -1, -2, 
        -2, -2, -2, 1, -2, -2, 1, 2, 2, 1, 2, 2, 1, -2, -2, -1, 2, 1, -2, -1, 
        -1, -1, -1, -2, -1, -2, -1, -2, -2, -1, -2, -1, -2, -2, -2, -1, -2, -1, 
        -2, -2, -2, -2, -1, -1, -2, -1, -1, -1, -1, -2, -1, -2, -1, -2, -2, -1, 
        -1, -2, -1, -1, -1, -1, -2, -1, -2, -1, -2, -2, -1, -2, -1, -2, -2, -2, 
        -1, 2, 1, 2, 2, 2, 2, 1, 2, 2, 2, 2, -1 ],
        [ IntegerRing() | 1, 1 ],
        [ IntegerRing() | 1, 2, 2, 2, 2, 2, 2, 2, 2, 2, 2, 1, 2, 2, 2, 2, 1, 2, 
        1, 2, 2, 2, 1, 2, 1, 2, 2, 1, 2, 1, 2, 1, 1, 1, 1, 2, 1, 1, 2, 2, 1, 2, 
        1, 2, 1, 1, 1, 1, 2, 1, 1, 2, 2, 2, 2, 1, 2, 1, 2, 2, 2, 1, 2, 1, 2, 2, 
        1, 2, 1, 2, 1, 1, 1, 1, 2, -1, -2, 1, 2, 2, -1, -2, -2, -1, -2, -2, -1, 
        2, 2, 2, 2, 2, 2, 1, 2, 1, 2, 2, 2, 1, 2, 1, 2, 2, 1, 2, 1, 2, 1, 1, 1, 
        1, 2, 1, 1, 2, 2, 1, 2, 1, 2, 1, 1, 1, 1, 2, 1, 1, 2, 2, 2, 2, 1, 2, 1, 
        2, 2, 2, 1, 2, 1, 2, 2, 1, 2, 1, 2, 1, 1, 1, 1, 2, -1, -2, 1, 2, 2, -1, 
        -2, -2, -1, -2, -2, -1, 2, 2, 2, 2, 2, 2, 1, 2, 1, 2, 2, 2, 1, 2, 1, 2, 
        2, 1, 2, 1, 2, 1, 1, 1, 1, 2, 1, 1, 2, 2, 1, 2, 1, 2, 1, 1, 1, 1, 2, 1, 
        1, 2, 2, 2, 2, 1, 2, 1, 2, 2, 2, 1, 2, 1, 2, 2, 1, 2, 1, 2, 1, 1, 1, 1, 
        2, -1, -2, 1, 2, 2, -1, -2, -2, -1, -2, -2, -1, 2, 2, 2, 2, 1, 2, 2, 2, 
        2, 1, -2, -2, -2, -2, -2, -2, -2, -2, -2, -2, -1, -2, -2, -2, -2, -2, 
        -2, -1, 2 ],
        [ IntegerRing() | 2, 2, 2, 1, 2, 1, 2, 1, 1, 1, 1, 2, 2, 1, 2, 1, 2, 2, 
        2, 2, 1, 2, 1, 2, 1, 1, 1, 1, 2, 1, 1, 2, 1, 2, 1, 1, 2, 2, 1, 1, 2, 2, 
        2, 2, -1, -2, 1, 2, 2, -1, -2, -2, -2, -2, -2, -2, -1, -2, -2, -2, -2, 
        -2, -2, -1, -2, -2, -2, -2, -2, -2, 1, 2, 2, 1, 2, 2, 1, -2, -2, -1, 2, 
        1, -2, -1, -1, -1, -1, -2, -1, -2, -1, -2, -2, -1, -2, -1, -2, -2, -2, 
        -1, -2, -1, -2, -2, -2, -2, -1, -1, -2, -1, -1, -1, -1, -2, -1, -2, -1, 
        -2, -2, -1, -1, -2, -1, -1, -1, -1, -2, -1, -2, -1, -2, -2, -1, -2, -1, 
        -2, -2, -2, -1, -2, -1, -2, -2, -2, -2, -2, -2, 1, 2, 2, 1, 2, 2, 1, -2,
        -2, -1, 2, 1, -2, -1, -1, -1, -1, -2, -1, -2, -1, -2, -2, -1, -2, -1, 
        -2, -2, -2, -1, -2, -1, -2, -2, -2, -2, -1, -1, -2, -1, -1, -1, -1, -2, 
        -1, -2, -1, -2, -2, -1, -1, -2, -1, -1, -1, -1, -2, -1, -2, -1, -2, -2, 
        -1, -2, -1, -2, -2, -2, -1, -2, -1, -2, -2, -2, -2, -2, -2, 1, 2, 2, 1, 
        2, 2, 1, -2, -2, -1, 2, 1, -2, -1, -1, -1, -1, -2, -1, -2, -1, -2, -2, 
        -1, -2, -1, -2, -2, -2, -1, -2, -1, -2, -2, -2, -2, -1, -1, -2, -1, -1, 
        -1, -1, -2, -1, -2, -1, -2, -2, -1, -1, -2, -1, -1, -1, -1, -2, -1, -2, 
        -1, -2, -2, -1, -2, -1, -2, -2, -2, -1, -2, -1, -2, -2, -2, -2, -1, 2, 
        2, 2, 2, 1, 2, 2, 2, 2, 1, 2, 1, 2, 2, 2, 1, 2, 1, 2, 2, 1, 2, 1, 2, 1, 
        1, 1, 1, 2, 1, 1, 2, 2, 1, 2, 1, 2, 1, 1, 1, 1, 2, 1, 1, 2, 2, 2, 2, 1, 
        2, 1, 2, 2, 2, 1, 2, 1, 2, 2, 1, 2, 1, 2, 1, 1, 1, 1, 2, -1, -2, 1, 2, 
        2, -1, -2, -2, -1, -2, -2, -1, 2, 2, 2, 2, 2, 2, 1, 2, 2, 1, 2, 2, 1, 
        -2, -2, -2, -2, -1 ],
        [ IntegerRing() | 1, 2, 2, 2, 2, 2, 2, 2, 2, 2, 2, 1, 2, 2, 2, 2, 1, 2, 
        1, 2, 2, 2, 1, 2, 1, 2, 2, 1, 2, 1, 2, 1, 1, 1, 1, 2, 1, 1, 2, 2, 1, 2, 
        1, 2, 1, 1, 1, 1, 2, 1, 1, 2, 2, 2, 2, 1, 2, 1, 2, 2, 2, 1, 2, 1, 2, 2, 
        1, 2, 1, 2, 1, 1, 1, 1, 2, -1, -2, 1, 2, 2, -1, -2, -2, -1, -2, -2, -1, 
        2, 2, 2, 2, 2, 2, 1, 2, 1, 2, 2, 2, 1, 2, 1, 2, 2, 1, 2, 1, 2, 1, 1, 1, 
        1, 2, 1, 1, 2, 2, 1, 2, 1, 2, 1, 1, 1, 1, 2, 1, 1, 2, 2, 2, 2, 1, 2, 1, 
        2, 2, 2, 1, 2, 1, 2, 2, 1, 2, 1, 2, 1, 1, 1, 1, 2, -1, -2, 1, 2, 2, -1, 
        -2, -2, -1, -2, -2, -1, 2, 2, 2, 2, 1, -2, -2, 1, -2, -2, 1, -2, -2, 1, 
        -2, -2, -2, -2, 1, 2, 2, -1 ]
    ], level := 142, genus := 12, index := 144, contains_minus_one := true, 
    subgroups := [ IntegerRing() | 8081 ], supergroups := [ IntegerRing() | 2, 
    1285 ], name := "142A12", label := "A", order := 14910, GLZConj := 1, 
    matgens := [ PowerSequence(IntegerRing(142)) |
        [ IntegerRing(142) | 72, 71, 71, 1 ],
        [ IntegerRing(142) | 83, 106, 80, 121 ],
        [ IntegerRing(142) | 89, 118, 6, 67 ],
        [ IntegerRing(142) | 95, 132, 60, 49 ],
        [ IntegerRing(142) | 141, 0, 0, 141 ]
    ], cusps := [ IntegerRing() | 2, 142 ], c2 := [ IntegerRing() | 2, 2, 2, 2, 
    2, 2, 2, 2, 2, 2, 2, 2, 2, 2, 2, 2, 2, 2, 2, 2, 2, 2, 2, 2, 2, 2, 2, 2, 2, 
    2, 2, 2, 2, 2, 2, 2, 2, 2, 2, 2, 2, 2, 2, 2, 2, 2, 2, 2, 2, 2, 2, 2, 2, 2, 
    2, 2, 2, 2, 2, 2, 2, 2, 2, 2, 2, 2, 2, 2, 2, 2, 2, 2 ], c3 := [ 
    IntegerRing() | 3, 3, 3, 3, 3, 3, 3, 3, 3, 3, 3, 3, 3, 3, 3, 3, 3, 3, 3, 3, 
    3, 3, 3, 3, 3, 3, 3, 3, 3, 3, 3, 3, 3, 3, 3, 3, 3, 3, 3, 3, 3, 3, 3, 3, 3, 
    3, 3, 3 ], gc := [ IntegerRing() | 1, 1, 70 ], special_name := [], 
    special_name_html := [], direct_subgroups := [ IntegerRing() | 8081 ], 
    direct_supergroups := [ IntegerRing() | 2, 1285 ], length := 72, treename :=
    [ PowerSequence(IntegerRing()) |
        [ IntegerRing() | 426, 2, 7 ],
        [ IntegerRing() | 568, 2, 8 ]
    ], treesupergroups := [ PowerSequence(IntegerRing()) |
        [ IntegerRing() | 426, 2 ],
        [ IntegerRing() | 300, 8 ],
        [ IntegerRing() | 568, 2 ]
    ]>
]
;

