// list of all congruence groups with genus  14
// with  112 <= level < 120
//
// by c cummins and s pauli
// load "csg14-lev104.dat";
import "csg14-lev104.dat" : L14_104;
L14_112 := L14_104 cat 
[ PowerStructure(Rec) |
    rec<recformat<generators: SeqEnum, level: IntegerRing(), genus: 
    IntegerRing(), index: IntegerRing(), contains_minus_one: BoolElt, subgroups:
    SeqEnum, supergroups: SeqEnum, name: MonStgElt, label: MonStgElt, order: 
    IntegerRing(), GLZConj: IntegerRing(), matgens: SeqEnum, cusps: SeqEnum, c2:
    SeqEnum, c3: SeqEnum, gc: SeqEnum, projections: SeqEnum, special_name: 
    SeqEnum, special_name_html: SeqEnum, direct_subgroups: SeqEnum, 
    direct_supergroups: SeqEnum, length: IntegerRing(), treename: SeqEnum, 
    treesupergroups: SeqEnum> | generators := [ PowerSequence(IntegerRing()) |
        [ IntegerRing() | -1, -1, 2, 2, 2, 2, 2, 2, 2, 2, 2, 2, 2, 2, 2, 2, 2, 
        2, 2, 2, 2, 2, 2, 2, 2, 2, 2, 2, 2, 2, 2, 2, 2, 2, 1, 2, 2, 2, 2, 2, 2, 
        2, 2, 2, 2, 2, 2, 2, 2, 2, 2, 2, 2, 2, 2, 2, 2, 2, 2, 2, 2, 2, 2, 2, 2, 
        2, 2, -1, 2, 2, 2, 2, 2, 2, 2, 2, 2, 2, 2, 2, 2, 2, 2, 2, 2, 2, 2, 2, 2,
        2, 2, 2, 2, 2, 2, 2, 2, 2, 2, 2, 1, 2, 2, 2, 2, 2, 2, 2, 2, 2, 2, 2, 2, 
        2, 2, 2, 2, 2, 2, 2, 2, 2, 2, 2, 2, 2, 2, 2, 2, 2, 2, 2, 2, 1 ],
        [ IntegerRing() | -1, -1, 2, 2, 2, 2, 2, 2, 2, 2, 2, 2, 2, 2, 2, 2, 2, 
        2, 2, 2, 2, 2, 2, 2, 2, 2, 2, 2, 2, 2, 2, 2, 2, 2, 2, 2, 2, 2, 2, 2, 2, 
        2, 2, 2, 2, 2, 2, 2, 2, 2, 1, 2, 2, 2, 2, 2, 2, 2, 2, 2, 2, 2, 2, 2, 2, 
        2, 2, 2, 2, 2, 2, 2, 2, 2, 2, 2, 2, 2, 2, 2, 2, 2, 2, 2, 2, 2, 2, 2, 2, 
        2, 2, 2, 2, 2, 2, 2, 2, 2, 2, 2, 2, 2, 2, 2, 2, 2, 2, 2, 2, 2, 2, 2, 2, 
        2, 2, 2, 2, 2, 2, 2, 2, 2, 2, 2, 2, 2, 2, 2, 2, 2, 2, -1, 2, 2, 2, 2, 2,
        2, 2, 2, 2, 2, 2, 2, 2, 2, 2, 2, 1, 2, 2, 2, 2, 2, 2, 2, 2, 2, 2, 2, 2, 
        2, 2, 2, 2, 2, 2, 2, 2, 2, 2, 2, 2, 2, 2, 2, 2, 2, 2, 2, 2, 1 ],
        [ IntegerRing() | -1, -1, 2, 2, 2, 2, 2, 2, 2, 2, 2, 2, 2, 2, 2, 2, 2, 
        2, 2, 2, 2, 2, 2, 2, 2, 2, 2, 2, 2, 2, 2, 2, 2, 2, 2, 2, 2, 2, 2, 2, 2, 
        2, 2, 2, 2, 2, 2, 2, 2, 2, 2, 2, 2, 2, 2, 2, 2, 2, 2, 2, 2, 2, 2, 2, 2, 
        2, 2, 2, 2, 2, 2, 2, 2, 2, 2, 2, 2, 2, 2, 2, 2, 2, 1, 2, 2, 2, 2, 2, 2, 
        2, 2, 2, 2, 2, 2, 2, 2, 2, 2, -1, 2, 2, 2, 2, 2, 2, 2, 2, 2, 2, 2, 2, 2,
        2, 2, 2, 1, 2, 2, 2, 2, 2, 2, 2, 2, 2, 2, 2, 2, 2, 2, 2, 2, 2, 2, 2, 2, 
        2, 2, 2, 2, 2, 2, 2, 2, 2, 2, 2, 2, 2, 2, 2, 2, 2, 2, 2, 2, 2, 2, 1, 1, 
        1, -2, -2, 1, -2, -2, 1, -2, -2, -2, -2, -2, -2, -2, -2, -2, -2 ],
        [ IntegerRing() | -1, -1, 2, 2, 2, 2, 2, 2, 2, 2, 2, 2, 2, 2, 2, 2, 2, 
        2, 2, 2, 2, 2, 2, 2, 2, 2, 2, 2, 2, 2, 2, 2, 2, 2, 2, 2, 2, 2, 2, 2, 2, 
        2, 2, 2, 2, 2, 2, 2, 2, 2, 2, 2, 2, 2, 2, 2, 2, 2, 2, 2, 2, 2, 2, 2, 2, 
        2, 1, 1, -2, -2, -2, -2, -2, -2, -2, -2 ],
        [ IntegerRing() | -1, -1, 2, 2, 2, 2, 2, 2, 2, 2, 2, 2, 2, 2, 2, 2, 2, 
        2, 2, 2, 2, 2, 2, 2, 2, 2, 2, 2, 2, 2, 2, 2, 2, 2, 1, 2, 2, 2, 2, 2, 2, 
        2, 2, 2, 2, 2, 2, 2, 2, 2, 2, -1, 2, 2, 2, 2, 2, 2, 2, 2, 2, 2, 2, 2, 2,
        2, 2, 2, 2, 2, 2, 2, 2, 2, 2, 2, 2, 2, 2, 2, 2, 2, 2, 2, 1, -2, -2, -2, 
        -2, -2, -2, -2, -2, -2, -2, -2, -2, -2, -2, 1, 1, 1, -2, -2, -2, -2, 1, 
        -2, -2, 1, -2, -2, -2, -2 ],
        [ IntegerRing() | -1, -1, 2, 2, 2, 2, 2, 2, 2, 2, 2, 2, 2, 2, 2, 2, 2, 
        2, 2, 2, 2, 2, 2, 2, 2, 2, 2, 2, 2, 2, 2, 2, 2, 2, 2, 2, 2, 2, 2, 2, 2, 
        2, 2, 2, 2, 2, 2, 2, 2, 2, 2, 2, 2, 2, 2, 2, 2, 2, 2, 2, 2, 2, 2, 2, 2, 
        2, 2, 2, 2, 2, 2, 2, 2, 2, 2, 2, 2, 2, 2, 2, 2, 2, 2, 2, 2, 2, 2, 2, 2, 
        2, 2, 2, 2, 2, 2, 2, 2, 2, 1, 2, 2, 2, 2, 2, 2, 2, 2, 2, 2, 2, 2, 2, 2, 
        2, 2, 2, 2, 2, 2, 2, 2, 2, 2, 2, 2, 2, 2, 2, 2, 2, 2, 2, 2, 2, 2, 2, 2, 
        2, 2, 2, 2, 2, 2, 2, 2, 2, 2, -1, 2, 2, 2, 2, 2, 2, 2, 2, 2, 2, 2, 2, 2,
        2, 2, 2, 1, 2, 2, 2, 2, 2, 2, 2, 2, 2, 2, 2, 2, 2, 2, 2, 2, -1, 2, 2, 2,
        2, 2, 2, 2, 2, 2, 2, 2, 2, 2, 2, 2, 2, 1, -2, -2, -2, -2, -2, -2, -2, 
        -2, -2, -2, -2, -2, -2, -2, 1, -2, -2, -2, -2, 1, -2, -2, 1, -2, -2, -2,
        -2 ],
        [ IntegerRing() | -1, -1, 2, 2, 2, 2, 2, 2, 2, 2, 2, 2, 2, 2, 2, 2, 2, 
        2, 2, 2, 2, 2, 2, 2, 2, 2, 2, 2, 2, 2, 2, 2, 2, 2, 2, 2, 2, 2, 2, 2, 2, 
        2, 2, 2, 2, 2, 2, 2, 2, 2, 1, 2, 2, 2, 2, 2, 2, 2, 2, 2, 2, 2, 2, 2, 2, 
        2, 2, -1, 2, 2, 2, 2, 2, 2, 2, 2, 2, 2, 2, 2, 2, 2, 2, 2, 2, 2, 2, 2, 2,
        2, 2, 2, 2, 2, 2, 2, 2, 2, 2, 2, 1, -2, -2, -2, -2, -2, -2, 1, 1, 1, -2,
        -2, -2, -2, 1, -2, -2, 1, -2, -2, -2, -2, -2, -2, -2, -2 ],
        [ IntegerRing() | -1, -1, 2, 2, 2, 2, 2, 2, 2, 2, 2, 2, 2, 2, 2, 2, 2, 
        2, 2, 2, 2, 2, 2, 2, 2, 2, 2, 2, 2, 2, 2, 2, 2, 2, 2, 2, 2, 2, 2, 2, 2, 
        2, 2, 2, 2, 2, 2, 2, 2, 2, 2, 2, 2, 2, 2, 2, 2, 2, 2, 2, 2, 2, 2, 2, 2, 
        2, 1, 2, 2, 2, 2, 2, 2, 2, 2, 2, 2, 2, 2, 2, 2, 2, 2, 2, 2, 2, 2, 2, 2, 
        2, 2, 2, 2, 2, 2, 2, 2, 2, 2, 2, 2, 2, 2, 2, 2, 2, 2, 2, 2, 2, 2, 2, 2, 
        2, 2, 2, 2, 2, 2, 2, 2, 2, 2, 2, 2, 2, 2, 2, 2, 2, 2, 2, 2, 2, 2, 2, 2, 
        1, -2 ],
        [ IntegerRing() | -1, -1, 2, 2, 2, 2, 2, 2, 2, 2, 2, 2, 2, 2, 2, 2, 2, 
        2, 2, 2, 2, 2, 2, 2, 2, 2, 2, 2, 2, 2, 2, 2, 2, 2, 2, 2, 2, 2, 2, 2, 2, 
        2, 2, 2, 2, 2, 2, 2, 2, 2, 1, 2, 2, 2, 2, 2, 2, 2, 2, 2, 2, 2, 2, 2, 2, 
        2, 2, -1, 2, 2, 2, 2, 2, 2, 2, 2, 2, 2, 2, 2, 2, 2, 2, 2, 1, 2, 2, 2, 2,
        2, 2, 2, 2, 2, 2, 2, 2, 2, 2, 2, 2, -1, 2, 2, 2, 2, 2, 2, 2, 2, 2, 2, 2,
        2, 2, 2, 2, 2, 2, 2, 2, 2, 2, 2, 2, 2, 2, 2, 2, 2, 2, 2, 2, 2, 2, 2, 2, 
        2, 2, 2, 2, 2, 2, 2, 2, 2, 2, 2, 2, 2, 1, 1 ],
        [ IntegerRing() | -1, 2, 2, 2, 2, 2, 2, 2, 2, 2, 2, 2, 2, 2, 2, 2, 2, 
        -1, 2, 2, 2, 2, 2, 2, 2, 2, 2, 2, 2, 2, 2, 2, 2, 2, 2, 2, 2, 2, 2, 2, 2,
        2, 2, 2, 2, 2, 2, 2, 2, 2, 2, 2, 2, 2, 2, 2, 2, 2, 2, 2, 2, 2, 2, 2, 2, 
        2, 1, 1 ],
        [ IntegerRing() | -1, -1, 2, 2, 2, 2, 2, 2, 2, 2, 2, 2, 2, 2, 2, 2, 2, 
        2, 2, 2, 2, 2, 2, 2, 2, 2, 2, 2, 2, 2, 2, 2, 2, 2, 2, 2, 2, 2, 2, 2, 2, 
        2, 2, 2, 2, 2, 2, 2, 2, 2, 1, 2, 2, 2, 2, 2, 2, 2, 2, 2, 2, 2, 2, 2, 2, 
        2, 2, 2, 2, 2, 2, 2, 2, 2, 2, 2, 2, 2, 2, 2, 2, 2, 2, 2, 2, 2, 2, 2, 2, 
        2, 2, 2, 2, 2, 2, 2, 2, 2, 2, -1, 2, 2, 2, 2, 2, 2, 2, 2, 2, 2, 2, 2, 2,
        2, 2, 2, 2, 2, 2, 2, 2, 2, 2, 2, 2, 2, 2, 2, 2, 2, 2, 2, 1, 2, 2, 2, 2, 
        2, 2, 2, 2, 2, 2, 2, 2, 2, 2, 2, 2, 1 ],
        [ IntegerRing() | -1, -1, 2, 2, 2, 2, 2, 2, 2, 2, 2, 2, 2, 2, 2, 2, 2, 
        2, 2, 2, 2, 2, 2, 2, 2, 2, 2, 2, 2, 2, 2, 2, 2, 2, 1, 2, 2, 2, 2, 2, 2, 
        2, 2, 2, 2, 2, 2, 2, 2, 2, 2, -1, 2, 2, 2, 2, 2, 2, 2, 2, 2, 2, 2, 2, 2,
        2, 2, 2, 1, 2, 2, 2, 2, 2, 2, 2, 2, 2, 2, 2, 2, 2, 2, 2, 2, 2, 2, 2, 2, 
        2, 2, 2, 2, 2, 2, 2, 2, 1, 1, 1, -2, -2 ]
    ], level := 112, genus := 14, index := 168, contains_minus_one := true, 
    subgroups := [], supergroups := [ IntegerRing() | 3, 11, 44, 318, 855 ], 
    name := "112A14", label := "A", order := 6144, GLZConj := 2, matgens := [ 
        PowerSequence(IntegerRing(112)) |
        [ IntegerRing(112) | 1, 48, 96, 17 ],
        [ IntegerRing(112) | 1, 56, 0, 1 ],
        [ IntegerRing(112) | 1, 63, 42, 71 ],
        [ IntegerRing(112) | 29, 28, 0, 85 ],
        [ IntegerRing(112) | 49, 96, 32, 49 ],
        [ IntegerRing(112) | 57, 56, 0, 57 ],
        [ IntegerRing(112) | 57, 84, 56, 57 ],
        [ IntegerRing(112) | 63, 66, 44, 55 ],
        [ IntegerRing(112) | 65, 48, 96, 33 ],
        [ IntegerRing(112) | 71, 56, 0, 71 ],
        [ IntegerRing(112) | 81, 0, 80, 65 ],
        [ IntegerRing(112) | 97, 0, 0, 97 ]
    ], cusps := [ IntegerRing() | 56, 112 ], c2 := [ IntegerRing() | 2, 2, 2, 2,
    2, 2, 2, 2, 2, 2, 2, 2, 2, 2, 2, 2, 2, 2, 2, 2, 2, 2, 2, 2, 2, 2, 2, 2, 2, 
    2, 2, 2, 2, 2, 2, 2, 2, 2, 2, 2, 2, 2, 2, 2, 2, 2, 2, 2, 2, 2, 2, 2, 2, 2, 
    2, 2, 2, 2, 2, 2, 2, 2, 2, 2, 2, 2, 2, 2, 2, 2, 2, 2, 2, 2, 2, 2, 2, 2, 2, 
    2, 2, 2, 2, 2 ], c3 := [ IntegerRing() | 3, 3, 3, 3, 3, 3, 3, 3, 3, 3, 3, 3,
    3, 3, 3, 3, 3, 3, 3, 3, 3, 3, 3, 3, 3, 3, 3, 3, 3, 3, 3, 3, 3, 3, 3, 3, 3, 
    3, 3, 3, 3, 3, 3, 3, 3, 3, 3, 3, 3, 3, 3, 3, 3, 3, 3, 3 ], gc := [ 
    IntegerRing() | 2, 2, 2, 6, 6, 6, 6, 6, 6 ], special_name := [], 
    special_name_html := [], direct_subgroups := [], direct_supergroups := [ 
    IntegerRing() | 318, 855 ], length := 21, treename := [ 
        PowerSequence(IntegerRing()) |
        [ IntegerRing() | 336, 2, 6, 9, 13, 27 ],
        [ IntegerRing() | 448, 2, 3, 9, 17, 15 ],
        [ IntegerRing() | 560, 2, 7, 9, 20, 32 ]
    ], treesupergroups := [ PowerSequence(IntegerRing()) |
        [ IntegerRing() | 336, 2, 6, 9, 13 ],
        [ IntegerRing() | 320, 5, 5, 5, 7 ],
        [ IntegerRing() | 320, 5, 5, 5 ],
        [ IntegerRing() | 300, 7, 8 ],
        [ IntegerRing() | 300, 7 ],
        [ IntegerRing() | 448, 2, 3, 9, 17 ],
        [ IntegerRing() | 560, 2, 7, 9, 20 ]
    ]>,
    rec<recformat<generators: SeqEnum, level: IntegerRing(), genus: 
    IntegerRing(), index: IntegerRing(), contains_minus_one: BoolElt, subgroups:
    SeqEnum, supergroups: SeqEnum, name: MonStgElt, label: MonStgElt, order: 
    IntegerRing(), GLZConj: IntegerRing(), matgens: SeqEnum, cusps: SeqEnum, c2:
    SeqEnum, c3: SeqEnum, gc: SeqEnum, projections: SeqEnum, special_name: 
    SeqEnum, special_name_html: SeqEnum, direct_subgroups: SeqEnum, 
    direct_supergroups: SeqEnum, length: IntegerRing(), treename: SeqEnum, 
    treesupergroups: SeqEnum> | generators := [ PowerSequence(IntegerRing()) |
        [ IntegerRing() | -1, -1, 2, 2, 2, 2, 2, 2, 2, 2, 2, 2, 2, 2, 2, 2, 2, 
        2, 2, 2, 2, 2, 2, 2, 2, 2, 2, 2, 2, 2, 2, 2, 2, 2, 1, 2, 2, 2, 2, 2, 2, 
        2, 2, 2, 2, 2, 2, 2, 2, 2, 2, 2, 2, 2, 2, 2, 2, 2, 2, 2, 2, 2, 2, 2, 2, 
        2, 2, -1, 2, 2, 2, 2, 2, 2, 2, 2, 2, 2, 2, 2, 2, 2, 2, 2, 2, 2, 2, 2, 2,
        2, 2, 2, 2, 2, 2, 2, 2, 2, 2, 2, 1, 2, 2, 2, 2, 2, 2, 2, 2, 2, 2, 2, 2, 
        2, 2, 2, 2, 2, 2, 2, 2, 2, 2, 2, 2, 2, 2, 2, 2, 2, 2, 2, 2, 1 ],
        [ IntegerRing() | -1, -1, 2, 2, 2, 2, 2, 2, 2, 2, 2, 2, 2, 2, 2, 2, 2, 
        2, 2, 2, 2, 2, 2, 2, 2, 2, 2, 2, 2, 2, 2, 2, 2, 2, 2, 2, 2, 2, 2, 2, 2, 
        2, 2, 2, 2, 2, 2, 2, 2, 2, 2, 2, 2, 2, 2, 2, 2, 2, 2, 2, 2, 2, 2, 2, 2, 
        2, 1, 2, 2, 2, 2, 2, 2, 2, 2, 2, 2, 2, 2, 2, 2, 2, 2, 2, 2, 2, 2, 2, 2, 
        2, 2, 2, 2, 2, 2, 2, 2, 2, 2, 2, 2, 2, 2, 2, 2, 2, 2, 2, 2, 2, 2, 2, 2, 
        1, -2, -2, -2, -2, 1, -2, -2, 1, -2, -2, -2, -2, -2, -2 ],
        [ IntegerRing() | -1, -1, 2, 2, 2, 2, 2, 2, 2, 2, 2, 2, 2, 2, 2, 2, 2, 
        2, 2, 2, 2, 2, 2, 2, 2, 2, 2, 2, 2, 2, 2, 2, 2, 2, 2, 2, 2, 2, 2, 2, 2, 
        2, 2, 2, 2, 2, 2, 2, 2, 2, 1, 2, 2, 2, 2, 2, 2, 2, 2, 2, 2, 2, 2, 2, 2, 
        2, 2, 2, 2, 2, 2, 2, 2, 2, 2, 2, 2, 2, 2, 2, 2, 2, 2, 2, 2, 2, 2, 2, 2, 
        2, 2, 2, 2, 2, 2, 2, 2, 2, 2, 2, 2, 2, 2, 2, 2, 2, 2, 2, 2, 2, 2, 2, 2, 
        2, 2, 2, 2, 2, 2, 2, 2, 2, 2, 2, 2, 2, 2, 2, 2, 2, 2, -1, 2, 2, 2, 2, 2,
        2, 2, 2, 2, 2, 2, 2, 2, 2, 2, 2, 1, 2, 2, 2, 2, 2, 2, 2, 2, 2, 2, 2, 2, 
        2, 2, 2, 2, 2, 2, 2, 2, 2, 2, 2, 2, 2, 2, 2, 2, 2, 2, 2, 2, 1 ],
        [ IntegerRing() | -1, -1, 2, 2, 2, 2, 2, 2, 2, 2, 2, 2, 2, 2, 2, 2, 2, 
        2, 2, 2, 2, 2, 2, 2, 2, 2, 2, 2, 2, 2, 2, 2, 2, 2, 2, 2, 2, 2, 2, 2, 2, 
        2, 2, 2, 2, 2, 2, 2, 2, 2, 2, 2, 2, 2, 2, 2, 2, 2, 2, 2, 2, 2, 2, 2, 2, 
        2, 2, 2, 2, 2, 2, 2, 2, 2, 2, 2, 2, 2, 2, 2, 2, 2, 1, 2, 2, 2, 2, 2, 2, 
        2, 2, 2, 2, 2, 2, 2, 2, 2, 2, 2, 2, 2, 2, 2, 2, 2, 2, 2, 2, 2, 2, 2, 2, 
        2, 2, 2, 2, 2, 2, 2, 2, 2, 2, 2, 2, 2, 2, 2, 2, 2, 2, -1, 2, 2, 2, 2, 2,
        2, 2, 2, 2, 2, 2, 2, 2, 2, 2, 2, 1, 2, 2, 2, 2, 2, 2, 1, -2, -2, -2, -2,
        1, -2, -2, 1, -2, -2, -2, -2, -2, -2 ],
        [ IntegerRing() | -1, -1, 2, 2, 2, 2, 2, 2, 2, 2, 2, 2, 2, 2, 2, 2, 2, 
        2, 1, 2, 2, 2, 2, 2, 2, 2, 2, 2, 2, 2, 2, 2, 2, 2, 2, -1, 2, 2, 2, 2, 2,
        2, 2, 2, 2, 2, 2, 2, 2, 2, 2, 2, 1, -2, -2, -2, -2, -2, -2, -2, -2, -2, 
        -2, 1, 1, 1, -2, -2, -2, -2, 1, -2, -2, 1, -2, -2, -2, -2, -2, -2 ],
        [ IntegerRing() | -1, -1, 2, 2, 2, 2, 2, 2, 2, 2, 2, 2, 2, 2, 2, 2, 2, 
        2, 2, 2, 2, 2, 2, 2, 2, 2, 2, 2, 2, 2, 2, 2, 2, 2, 2, 2, 2, 2, 2, 2, 2, 
        2, 2, 2, 2, 2, 2, 2, 2, 2, 2, 2, 2, 2, 2, 2, 2, 2, 2, 2, 2, 2, 2, 2, 2, 
        2, 2, 2, 2, 2, 2, 2, 2, 2, 2, 2, 2, 2, 2, 2, 2, 2, 1, 2, 2, 2, 2, 2, 2, 
        2, 2, 2, 2, 2, 2, 2, 2, 2, 2, 2, 2, 2, 2, 2, 2, 2, 2, 2, 2, 2, 2, 2, 2, 
        2, 2, 2, 2, 2, 2, 2, 2, 2, 2, 2, 2, 2, 2, 2, 2, 2, 2, -1, 2, 2, 2, 2, 2,
        2, 2, 2, 2, 2, 2, 2, 2, 2, 2, 2, 1, 2, 2, 1, -2, -2, 1, -2, -2, 1, -2, 
        -2 ],
        [ IntegerRing() | -1, -1, 2, 2, 2, 2, 2, 2, 2, 2, 2, 2, 2, 2, 2, 2, 2, 
        2, 2, 2, 2, 2, 2, 2, 2, 2, 2, 2, 2, 2, 2, 2, 2, 2, 2, 2, 2, 2, 2, 2, 2, 
        2, 2, 2, 2, 2, 2, 2, 2, 2, 2, 2, 2, 2, 2, 2, 2, 2, 2, 2, 2, 2, 2, 2, 2, 
        2, 1, -2, -2, -2, -2, -2, -2, -2, -2, -2, -2, -2, -2, -2, -2, 1, -2 ],
        [ IntegerRing() | -1, -1, 2, 2, 2, 2, 2, 2, 2, 2, 2, 2, 2, 2, 2, 2, 2, 
        2, 2, 2, 2, 2, 2, 2, 2, 2, 2, 2, 2, 2, 2, 2, 2, 2, 2, 2, 2, 2, 2, 2, 2, 
        2, 2, 2, 2, 2, 2, 2, 2, 2, 2, 2, 2, 2, 2, 2, 2, 2, 2, 2, 2, 2, 2, 2, 2, 
        2, 1, 1, -2, -2, -2, -2, -2, -2, -2, -2 ],
        [ IntegerRing() | -1, -1, 2, 2, 2, 2, 2, 2, 2, 2, 2, 2, 2, 2, 2, 2, 2, 
        2, 2, 2, 2, 2, 2, 2, 2, 2, 2, 2, 2, 2, 2, 2, 2, 2, 1, 2, 2, 2, 2, 2, 2, 
        2, 2, 2, 2, 2, 2, 2, 2, 2, 2, -1, 2, 2, 2, 2, 2, 2, 2, 2, 2, 2, 2, 2, 2,
        2, 2, 2, 2, 2, 2, 2, 2, 2, 2, 2, 2, 2, 2, 2, 2, 2, 2, 2, 1, -2, -2, -2, 
        -2, -2, -2, -2, -2, -2, -2, -2, -2, -2, -2, 1, 1, 1, -2, -2, -2, -2, 1, 
        -2, -2, 1, -2, -2, -2, -2 ],
        [ IntegerRing() | -1, -1, 2, 2, 2, 2, 2, 2, 2, 2, 2, 2, 2, 2, 2, 2, 2, 
        2, 2, 2, 2, 2, 2, 2, 2, 2, 2, 2, 2, 2, 2, 2, 2, 2, 2, 2, 2, 2, 2, 2, 2, 
        2, 2, 2, 2, 2, 2, 2, 2, 2, 2, 2, 2, 2, 2, 2, 2, 2, 2, 2, 2, 2, 2, 2, 2, 
        2, 2, 2, 2, 2, 2, 2, 2, 2, 2, 2, 2, 2, 2, 2, 2, 2, 2, 2, 2, 2, 2, 2, 2, 
        2, 2, 2, 2, 2, 2, 2, 2, 2, 1, 2, 2, 2, 2, 2, 2, 2, 2, 2, 2, 2, 2, 2, 2, 
        2, 2, 2, 2, 2, 2, 2, 2, 2, 2, 2, 2, 2, 2, 2, 2, 2, 2, 2, 2, 2, 2, 2, 2, 
        2, 2, 2, 2, 2, 2, 2, 2, 2, 2, 2, 2, 2, 2, 2, 2, 2, 2, 1, -2, -2, -2, -2,
        -2, -2, -2, -2, -2, -2, -2, -2 ],
        [ IntegerRing() | -1, -1, 2, 2, 2, 2, 2, 2, 2, 2, 2, 2, 2, 2, 2, 2, 2, 
        2, 2, 2, 2, 2, 2, 2, 2, 2, 2, 2, 2, 2, 2, 2, 2, 2, 2, 2, 2, 2, 2, 2, 2, 
        2, 2, 2, 2, 2, 2, 2, 2, 2, 1, 2, 2, 2, 2, 2, 2, 2, 2, 2, 2, 2, 2, 2, 2, 
        2, 2, -1, 2, 2, 2, 2, 2, 2, 2, 2, 2, 2, 2, 2, 2, 2, 2, 2, 1, 2, 2, 2, 2,
        2, 2, 2, 2, 2, 2, 2, 2, 2, 2, 2, 2, -1, 2, 2, 2, 2, 2, 2, 2, 2, 2, 2, 2,
        2, 2, 2, 2, 2, 2, 2, 2, 2, 2, 2, 2, 2, 2, 2, 2, 2, 2, 2, 2, 2, 2, 2, 2, 
        2, 2, 2, 2, 2, 2, 2, 2, 2, 2, 2, 2, 2, 1, 1 ],
        [ IntegerRing() | -1, -1, 2, 2, 2, 2, 2, 2, 2, 2, 2, 2, 2, 2, 2, 2, 2, 
        2, 2, 2, 2, 2, 2, 2, 2, 2, 2, 2, 2, 2, 2, 2, 2, 2, 2, 2, 2, 2, 2, 2, 2, 
        2, 2, 2, 2, 2, 2, 2, 2, 2, 1, 2, 2, 2, 2, 2, 2, 2, 2, 2, 2, 2, 2, 2, 2, 
        2, 2, 2, 2, 2, 2, 2, 2, 2, 2, 2, 2, 2, 2, 2, 2, 2, 2, 2, 2, 2, 2, 2, 2, 
        2, 2, 2, 2, 2, 2, 2, 2, 2, 2, -1, 2, 2, 2, 2, 2, 2, 2, 2, 2, 2, 2, 2, 2,
        2, 2, 2, 2, 2, 2, 2, 2, 2, 2, 2, 2, 2, 2, 2, 2, 2, 2, 2, 1, 2, 2, 2, 2, 
        2, 2, 2, 2, 2, 2, 2, 2, 2, 2, 2, 2, 1 ]
    ], level := 112, genus := 14, index := 168, contains_minus_one := true, 
    subgroups := [], supergroups := [ IntegerRing() | 3, 11, 131, 1582 ], name 
    := "112B14", label := "B", order := 6144, GLZConj := 2, matgens := [ 
        PowerSequence(IntegerRing(112)) |
        [ IntegerRing(112) | 1, 56, 0, 1 ],
        [ IntegerRing(112) | 1, 63, 14, 99 ],
        [ IntegerRing(112) | 1, 84, 56, 1 ],
        [ IntegerRing(112) | 41, 6, 92, 49 ],
        [ IntegerRing(112) | 49, 96, 32, 49 ],
        [ IntegerRing(112) | 55, 90, 36, 63 ],
        [ IntegerRing(112) | 57, 56, 0, 57 ],
        [ IntegerRing(112) | 65, 48, 96, 33 ],
        [ IntegerRing(112) | 81, 0, 80, 65 ],
        [ IntegerRing(112) | 97, 0, 0, 97 ],
        [ IntegerRing(112) | 99, 28, 56, 43 ],
        [ IntegerRing(112) | 103, 90, 12, 79 ]
    ], cusps := [ IntegerRing() | 56, 112 ], c2 := [ IntegerRing() | 2, 2, 2, 2,
    2, 2, 2, 2, 2, 2, 2, 2, 2, 2, 2, 2, 2, 2, 2, 2, 2, 2, 2, 2, 2, 2, 2, 2, 2, 
    2, 2, 2, 2, 2, 2, 2, 2, 2, 2, 2, 2, 2, 2, 2, 2, 2, 2, 2, 2, 2, 2, 2, 2, 2, 
    2, 2, 2, 2, 2, 2, 2, 2, 2, 2, 2, 2, 2, 2, 2, 2, 2, 2, 2, 2, 2, 2, 2, 2, 2, 
    2, 2, 2, 2, 2 ], c3 := [ IntegerRing() | 3, 3, 3, 3, 3, 3, 3, 3, 3, 3, 3, 3,
    3, 3, 3, 3, 3, 3, 3, 3, 3, 3, 3, 3, 3, 3, 3, 3, 3, 3, 3, 3, 3, 3, 3, 3, 3, 
    3, 3, 3, 3, 3, 3, 3, 3, 3, 3, 3, 3, 3, 3, 3, 3, 3, 3, 3 ], gc := [ 
    IntegerRing() | 2, 2, 2, 2, 4, 4, 6, 6, 6, 6, 6, 6, 6, 6, 8, 12, 12, 12, 12,
    24, 24 ], special_name := [], special_name_html := [], direct_subgroups := 
    [], direct_supergroups := [ IntegerRing() | 1582 ], length := 84, treename 
    := [ PowerSequence(IntegerRing()) |
        [ IntegerRing() | 336, 2, 6, 9, 7, 5 ],
        [ IntegerRing() | 336, 2, 6, 9, 7, 10 ],
        [ IntegerRing() | 336, 2, 6, 9, 7, 26 ],
        [ IntegerRing() | 336, 2, 6, 9, 7, 32 ],
        [ IntegerRing() | 448, 2, 3, 9, 11, 10 ],
        [ IntegerRing() | 448, 2, 3, 9, 11, 18 ],
        [ IntegerRing() | 448, 2, 3, 9, 11, 26 ],
        [ IntegerRing() | 448, 2, 3, 9, 11, 32 ],
        [ IntegerRing() | 560, 2, 7, 9, 10, 9 ],
        [ IntegerRing() | 560, 2, 7, 9, 10, 13 ],
        [ IntegerRing() | 560, 2, 7, 9, 10, 25 ],
        [ IntegerRing() | 560, 2, 7, 9, 10, 29 ]
    ], treesupergroups := [ PowerSequence(IntegerRing()) |
        [ IntegerRing() | 336, 2, 6, 9, 7 ],
        [ IntegerRing() | 336, 2, 6, 9, 7 ],
        [ IntegerRing() | 336, 2, 6, 9, 7 ],
        [ IntegerRing() | 336, 2, 6, 9, 7 ],
        [ IntegerRing() | 320, 5, 5, 7 ],
        [ IntegerRing() | 300, 7, 8 ],
        [ IntegerRing() | 300, 7 ],
        [ IntegerRing() | 448, 2, 3, 9, 11 ],
        [ IntegerRing() | 448, 2, 3, 9, 11 ],
        [ IntegerRing() | 448, 2, 3, 9, 11 ],
        [ IntegerRing() | 448, 2, 3, 9, 11 ],
        [ IntegerRing() | 560, 2, 7, 9, 10 ],
        [ IntegerRing() | 560, 2, 7, 9, 10 ],
        [ IntegerRing() | 560, 2, 7, 9, 10 ],
        [ IntegerRing() | 560, 2, 7, 9, 10 ]
    ]>,
    rec<recformat<generators: SeqEnum, level: IntegerRing(), genus: 
    IntegerRing(), index: IntegerRing(), contains_minus_one: BoolElt, subgroups:
    SeqEnum, supergroups: SeqEnum, name: MonStgElt, label: MonStgElt, order: 
    IntegerRing(), GLZConj: IntegerRing(), matgens: SeqEnum, cusps: SeqEnum, c2:
    SeqEnum, c3: SeqEnum, gc: SeqEnum, projections: SeqEnum, special_name: 
    SeqEnum, special_name_html: SeqEnum, direct_subgroups: SeqEnum, 
    direct_supergroups: SeqEnum, length: IntegerRing(), treename: SeqEnum, 
    treesupergroups: SeqEnum> | generators := [ PowerSequence(IntegerRing()) |
        [ IntegerRing() | -1, -1, 2, 2, 2, 2, 2, 2, 2, 2, 2, 2, 2, 2, 2, 2, 2, 
        2, 2, 2, 2, 2, 2, 2, 2, 2, 2, 2, 2, 2, 2, 2, 2, 2, 1, 2, 2, 2, 2, 2, 2, 
        2, 2, 2, 2, 2, 2, 2, 2, 2, 2, 2, 2, 2, 2, 2, 2, 2, 2, 2, 2, 2, 2, 2, 2, 
        2, 2, -1, 2, 2, 2, 2, 2, 2, 2, 2, 2, 2, 2, 2, 2, 2, 2, 2, 2, 2, 2, 2, 2,
        2, 2, 2, 2, 2, 2, 2, 2, 2, 2, 2, 1, 2, 2, 2, 2, 2, 2, 2, 2, 2, 2, 2, 2, 
        2, 2, 2, 2, 2, 2, 2, 2, 2, 2, 2, 2, 2, 2, 2, 2, 2, 2, 2, 2, 1 ],
        [ IntegerRing() | -1, -1, 2, 2, 2, 2, 2, 2, 2, 2, 2, 2, 2, 2, 2, 2, 2, 
        2, 2, 2, 2, 2, 2, 2, 2, 2, 2, 2, 2, 2, 2, 2, 2, 2, 2, 2, 2, 2, 2, 2, 2, 
        2, 2, 2, 2, 2, 2, 2, 2, 2, 1, 2, 2, 2, 2, 2, 2, 2, 2, 2, 2, 2, 2, 2, 2, 
        2, 2, 2, 2, 2, 2, 2, 2, 2, 2, 2, 2, 2, 2, 2, 2, 2, 2, 2, 2, 2, 2, 2, 2, 
        2, 2, 2, 2, 2, 2, 2, 2, 2, 2, 2, 2, 2, 2, 2, 2, 2, 2, 2, 2, 2, 2, 2, 2, 
        2, 2, 2, 2, 2, 2, 2, 2, 2, 2, 2, 2, 2, 2, 2, 2, 2, 2, -1, 2, 2, 2, 2, 2,
        2, 2, 2, 2, 2, 2, 2, 2, 2, 2, 2, 1, 2, 2, 2, 2, 2, 2, 2, 2, 2, 2, 2, 2, 
        2, 2, 2, 2, 2, 2, 2, 2, 2, 2, 2, 2, 2, 2, 2, 2, 2, 2, 2, 2, 1 ],
        [ IntegerRing() | -1, -1, 2, 2, 2, 2, 2, 2, 2, 2, 2, 2, 2, 2, 2, 2, 2, 
        2, 2, 2, 2, 2, 2, 2, 2, 2, 2, 2, 2, 2, 2, 2, 2, 2, 1, 2, 2, 2, 2, 2, 2, 
        2, 2, 2, 2, 2, 2, 2, 2, 2, 2, -1, 2, 2, 2, 2, 2, 2, 2, 2, 2, 2, 2, 2, 2,
        2, 2, 2, 2, 2, 2, 2, 2, 2, 2, 2, 2, 2, 2, 2, 2, 2, 2, 2, 2, 2, 2, 2, 2, 
        2, 2, 2, 2, 2, 2, 2, 2, 2, 2, 2, 1, -2, -2, 1, -2, -2, -2, -2, 1, -2, 
        -2, 1, -2, -2, -2, -2, -2, -2 ],
        [ IntegerRing() | -1, -1, 2, 2, 2, 2, 2, 2, 2, 2, 2, 2, 2, 2, 2, 2, 2, 
        2, 2, 2, 2, 2, 2, 2, 2, 2, 2, 2, 2, 2, 2, 2, 2, 2, 2, 2, 2, 2, 2, 2, 2, 
        2, 2, 2, 2, 2, 2, 2, 2, 2, 2, 2, 2, 2, 2, 2, 2, 2, 2, 2, 2, 2, 2, 2, 2, 
        2, 2, 2, 2, 2, 2, 2, 2, 2, 2, 2, 2, 2, 2, 2, 2, 2, 1, 2, 2, 2, 2, 2, 2, 
        2, 2, 2, 2, 2, 2, 2, 2, 2, 2, 2, 2, 2, 2, 2, 2, 2, 2, 2, 2, 2, 2, 2, 2, 
        2, 2, 2, 2, 2, 2, 2, 2, 2, 2, 2, 2, 2, 2, 2, 2, 2, 2, -1, 2, 2, 2, 2, 2,
        2, 2, 2, 2, 2, 2, 2, 2, 2, 2, 2, 1, 2, 2, 1, -2, -2, 1, -2, -2, 1, -2, 
        -2 ],
        [ IntegerRing() | -1, -1, 2, 2, 2, 2, 2, 2, 2, 2, 2, 2, 2, 2, 2, 2, 2, 
        2, 2, 2, 2, 2, 2, 2, 2, 2, 2, 2, 2, 2, 2, 2, 2, 2, 2, 2, 2, 2, 2, 2, 2, 
        2, 2, 2, 2, 2, 2, 2, 2, 2, 2, 2, 2, 2, 2, 2, 2, 2, 2, 2, 2, 2, 2, 2, 2, 
        2, 2, 2, 2, 2, 2, 2, 2, 2, 2, 2, 2, 2, 2, 2, 2, 2, 2, 2, 2, 2, 2, 2, 2, 
        2, 2, 2, 2, 2, 2, 2, 2, 2, 1, 2, 2, 2, 2, 2, 2, 2, 2, 2, 2, 2, 2, 2, 2, 
        2, 2, 2, 2, 2, 2, 2, 2, 2, 2, 2, 2, 2, 2, 2, 2, 2, 2, 2, 2, 2, 2, 2, 2, 
        2, 2, 2, 2, 2, 2, 2, 2, 2, 2, 2, 2, 2, 2, 2, 2, 2, 2, 1, -2, -2, -2, -2,
        -2, -2, -2, -2, -2, -2, -2, -2 ],
        [ IntegerRing() | -1, -1, 2, 2, 2, 2, 2, 2, 2, 2, 2, 2, 2, 2, 2, 2, 2, 
        2, 2, 2, 2, 2, 2, 2, 2, 2, 2, 2, 2, 2, 2, 2, 2, 2, 2, 2, 2, 2, 2, 2, 2, 
        2, 2, 2, 2, 2, 2, 2, 2, 2, 2, 2, 2, 2, 2, 2, 2, 2, 2, 2, 2, 2, 2, 2, 2, 
        2, 2, 2, 2, 2, 2, 2, 2, 2, 2, 2, 2, 2, 2, 2, 2, 2, 1, 2, 2, 2, 2, 2, 2, 
        2, 2, 2, 2, 2, 2, 2, 2, 2, 2, 2, 2, 2, 2, 2, 2, 2, 2, 2, 2, 2, 2, 2, 2, 
        2, 2, 2, 2, 2, 2, 2, 2, 2, 2, 2, 2, 2, 2, 2, 2, 2, 2, 2, 2, 2, 2, 2, 2, 
        2, 2, 2, 2, 2, 2, 2, 2, 2, 2, -1, 2, 2, 2, 2, 2, 2, 2, 2, 2, 2, 2, 2, 2,
        2, 2, 2, 1, -2, -2, -2, -2, -2, -2, 1, 1, 1, -2 ],
        [ IntegerRing() | -1, -1, 2, 2, 2, 2, 2, 2, 2, 2, 2, 2, 2, 2, 2, 2, 2, 
        2, 2, 2, 2, 2, 2, 2, 2, 2, 2, 2, 2, 2, 2, 2, 2, 2, 2, 2, 2, 2, 2, 2, 2, 
        2, 2, 2, 2, 2, 2, 2, 2, 2, 2, 2, 2, 2, 2, 2, 2, 2, 2, 2, 2, 2, 2, 2, 2, 
        2, 1, 1, -2, -2, -2, -2, -2, -2, -2, -2 ],
        [ IntegerRing() | -1, -1, 2, 2, 2, 2, 2, 2, 2, 2, 2, 2, 2, 2, 2, 2, 2, 
        2, 2, 2, 2, 2, 2, 2, 2, 2, 2, 2, 2, 2, 2, 2, 2, 2, 1, 2, 2, 2, 2, 2, 2, 
        2, 2, 2, 2, 2, 2, 2, 2, 2, 2, -1, 2, 2, 2, 2, 2, 2, 2, 2, 2, 2, 2, 2, 2,
        2, 2, 2, 2, 2, 2, 2, 2, 2, 2, 2, 2, 2, 2, 2, 2, 2, 2, 2, 1, -2, -2, -2, 
        -2, -2, -2, -2, -2, -2, -2, -2, -2, -2, -2, 1, 1, 1, -2, -2, -2, -2, 1, 
        -2, -2, 1, -2, -2, -2, -2 ],
        [ IntegerRing() | -1, -1, 2, 2, 2, 2, 2, 2, 2, 2, 2, 2, 2, 2, 2, 2, 2, 
        2, 2, 2, 2, 2, 2, 2, 2, 2, 2, 2, 2, 2, 2, 2, 2, 2, 2, 2, 2, 2, 2, 2, 2, 
        2, 2, 2, 2, 2, 2, 2, 2, 2, 2, 2, 2, 2, 2, 2, 2, 2, 2, 2, 2, 2, 2, 2, 2, 
        2, 1, 2, 2, 2, 2, 2, 2, 2, 2, 2, 2, 2, 2, 2, 2, 2, 2, 2, 2, 2, 2, 2, 2, 
        2, 2, 2, 2, 2, 2, 2, 2, 2, 2, 2, 2, 2, 2, 2, 2, 2, 2, 2, 2, 1, -2 ],
        [ IntegerRing() | -1, -1, 2, 2, 2, 2, 2, 2, 2, 2, 2, 2, 2, 2, 2, 2, 2, 
        2, 2, 2, 2, 2, 2, 2, 2, 2, 2, 2, 2, 2, 2, 2, 2, 2, 2, 2, 2, 2, 2, 2, 2, 
        2, 2, 2, 2, 2, 2, 2, 2, 2, 1, 2, 2, 2, 2, 2, 2, 2, 2, 2, 2, 2, 2, 2, 2, 
        2, 2, -1, 2, 2, 2, 2, 2, 2, 2, 2, 2, 2, 2, 2, 2, 2, 2, 2, 1, 2, 2, 2, 2,
        2, 2, 2, 2, 2, 2, 2, 2, 2, 2, 2, 2, -1, 2, 2, 2, 2, 2, 2, 2, 2, 2, 2, 2,
        2, 2, 2, 2, 2, 2, 2, 2, 2, 2, 2, 2, 2, 2, 2, 2, 2, 2, 2, 2, 2, 2, 2, 2, 
        2, 2, 2, 2, 2, 2, 2, 2, 2, 2, 2, 2, 2, 1, 1 ],
        [ IntegerRing() | -1, 2, 2, 2, 2, 2, 2, 2, 2, 2, 2, 2, 2, 2, 2, 2, 2, 
        -1, 2, 2, 2, 2, 2, 2, 2, 2, 2, 2, 2, 2, 2, 2, 2, 2, 2, 2, 2, 2, 2, 2, 2,
        2, 2, 2, 2, 2, 2, 2, 2, 2, 2, 2, 2, 2, 2, 2, 2, 2, 2, 2, 2, 2, 2, 2, 2, 
        2, 1, 1 ],
        [ IntegerRing() | -1, -1, 2, 2, 2, 2, 2, 2, 2, 2, 2, 2, 2, 2, 2, 2, 2, 
        2, 2, 2, 2, 2, 2, 2, 2, 2, 2, 2, 2, 2, 2, 2, 2, 2, 2, 2, 2, 2, 2, 2, 2, 
        2, 2, 2, 2, 2, 2, 2, 2, 2, 1, 2, 2, 2, 2, 2, 2, 2, 2, 2, 2, 2, 2, 2, 2, 
        2, 2, 2, 2, 2, 2, 2, 2, 2, 2, 2, 2, 2, 2, 2, 2, 2, 2, 2, 2, 2, 2, 2, 2, 
        2, 2, 2, 2, 2, 2, 2, 2, 2, 2, -1, 2, 2, 2, 2, 2, 2, 2, 2, 2, 2, 2, 2, 2,
        2, 2, 2, 2, 2, 2, 2, 2, 2, 2, 2, 2, 2, 2, 2, 2, 2, 2, 2, 1, 2, 2, 2, 2, 
        2, 2, 2, 2, 2, 2, 2, 2, 2, 2, 2, 2, 1 ]
    ], level := 112, genus := 14, index := 168, contains_minus_one := true, 
    subgroups := [], supergroups := [ IntegerRing() | 3, 11, 131, 319, 1582 ], 
    name := "112C14", label := "C", order := 6144, GLZConj := 2, matgens := [ 
        PowerSequence(IntegerRing(112)) |
        [ IntegerRing(112) | 1, 48, 96, 17 ],
        [ IntegerRing(112) | 1, 56, 0, 1 ],
        [ IntegerRing(112) | 1, 63, 70, 43 ],
        [ IntegerRing(112) | 1, 84, 56, 1 ],
        [ IntegerRing(112) | 15, 49, 42, 85 ],
        [ IntegerRing(112) | 49, 96, 32, 49 ],
        [ IntegerRing(112) | 55, 90, 92, 63 ],
        [ IntegerRing(112) | 57, 56, 0, 57 ],
        [ IntegerRing(112) | 65, 48, 96, 33 ],
        [ IntegerRing(112) | 81, 0, 80, 65 ],
        [ IntegerRing(112) | 97, 0, 0, 97 ],
        [ IntegerRing(112) | 99, 28, 56, 43 ]
    ], cusps := [ IntegerRing() | 56, 112 ], c2 := [ IntegerRing() | 2, 2, 2, 2,
    2, 2, 2, 2, 2, 2, 2, 2, 2, 2, 2, 2, 2, 2, 2, 2, 2, 2, 2, 2, 2, 2, 2, 2, 2, 
    2, 2, 2, 2, 2, 2, 2, 2, 2, 2, 2, 2, 2, 2, 2, 2, 2, 2, 2, 2, 2, 2, 2, 2, 2, 
    2, 2, 2, 2, 2, 2, 2, 2, 2, 2, 2, 2, 2, 2, 2, 2, 2, 2, 2, 2, 2, 2, 2, 2, 2, 
    2, 2, 2, 2, 2 ], c3 := [ IntegerRing() | 3, 3, 3, 3, 3, 3, 3, 3, 3, 3, 3, 3,
    3, 3, 3, 3, 3, 3, 3, 3, 3, 3, 3, 3, 3, 3, 3, 3, 3, 3, 3, 3, 3, 3, 3, 3, 3, 
    3, 3, 3, 3, 3, 3, 3, 3, 3, 3, 3, 3, 3, 3, 3, 3, 3, 3, 3 ], gc := [ 
    IntegerRing() | 2, 2, 2, 2, 4, 4, 6, 6, 6, 6, 6, 6, 6, 6, 8, 12, 12, 12, 12,
    24, 24 ], special_name := [], special_name_html := [], direct_subgroups := 
    [], direct_supergroups := [ IntegerRing() | 319, 1582 ], length := 84, 
    treename := [ PowerSequence(IntegerRing()) |
        [ IntegerRing() | 336, 2, 6, 9, 7, 11 ],
        [ IntegerRing() | 336, 2, 6, 9, 7, 19 ],
        [ IntegerRing() | 336, 2, 6, 9, 7, 27 ],
        [ IntegerRing() | 336, 2, 6, 9, 7, 33 ],
        [ IntegerRing() | 448, 2, 3, 9, 11, 11 ],
        [ IntegerRing() | 448, 2, 3, 9, 11, 19 ],
        [ IntegerRing() | 448, 2, 3, 9, 11, 27 ],
        [ IntegerRing() | 448, 2, 3, 9, 11, 33 ],
        [ IntegerRing() | 560, 2, 7, 9, 10, 18 ],
        [ IntegerRing() | 560, 2, 7, 9, 10, 22 ],
        [ IntegerRing() | 560, 2, 7, 9, 10, 32 ],
        [ IntegerRing() | 560, 2, 7, 9, 10, 36 ]
    ], treesupergroups := [ PowerSequence(IntegerRing()) |
        [ IntegerRing() | 336, 2, 6, 9, 7 ],
        [ IntegerRing() | 336, 2, 6, 9, 7 ],
        [ IntegerRing() | 336, 2, 6, 9, 7 ],
        [ IntegerRing() | 336, 2, 6, 9, 7 ],
        [ IntegerRing() | 320, 5, 5, 7, 5 ],
        [ IntegerRing() | 320, 5, 5, 7 ],
        [ IntegerRing() | 300, 7, 8 ],
        [ IntegerRing() | 300, 7 ],
        [ IntegerRing() | 448, 2, 3, 9, 11 ],
        [ IntegerRing() | 448, 2, 3, 9, 11 ],
        [ IntegerRing() | 448, 2, 3, 9, 11 ],
        [ IntegerRing() | 448, 2, 3, 9, 11 ],
        [ IntegerRing() | 560, 2, 7, 9, 10 ],
        [ IntegerRing() | 560, 2, 7, 9, 10 ],
        [ IntegerRing() | 560, 2, 7, 9, 10 ],
        [ IntegerRing() | 560, 2, 7, 9, 10 ]
    ]>,
    rec<recformat<generators: SeqEnum, level: IntegerRing(), genus: 
    IntegerRing(), index: IntegerRing(), contains_minus_one: BoolElt, subgroups:
    SeqEnum, supergroups: SeqEnum, name: MonStgElt, label: MonStgElt, order: 
    IntegerRing(), GLZConj: IntegerRing(), matgens: SeqEnum, cusps: SeqEnum, c2:
    SeqEnum, c3: SeqEnum, gc: SeqEnum, projections: SeqEnum, special_name: 
    SeqEnum, special_name_html: SeqEnum, direct_subgroups: SeqEnum, 
    direct_supergroups: SeqEnum, length: IntegerRing(), treename: SeqEnum, 
    treesupergroups: SeqEnum> | generators := [ PowerSequence(IntegerRing()) |
        [ IntegerRing() | -1, -1, 2, 2, 2, 2, 2, 2, 2, 2, 2, 2, 2, 2, 2, 2, 2, 
        2, 2, 2, 2, 2, 2, 2, 2, 2, 2, 2, 2, 2, 2, 2, 2, 2, 2, 2, 2, 2, 2, 2, 2, 
        2, 2, 2, 2, 2, 2, 2, 2, 2, 2, 2, 2, 2, 2, 2, 2, 2, 2, 2, 2, 2, 2, 2, 2, 
        2, 1, 2, 2, 2, 2, 2, 2, 2, 2, 2, 2, 2, 2, 2, 2, 2, 2, 2, 2, 2, 2, 2, 2, 
        2, 2, 2, 2, 2, 2, 2, 2, 2, 2, 2, 2, 2, 2, 2, 2, 2, 2, 2, 2, 2, 2, 2, 2, 
        2, 2, 2, 2, 2, 2, 2, 2, 2, 2, 2, 2, 2, 2, 2, 2, 2, 2, 2, 2, 2, 2, 2, 2, 
        2, 2, 2, 2, 2, 2, 2, 2, 2, 2, 1 ],
        [ IntegerRing() | -1, -1, 2, 2, 2, 2, 2, 2, 2, 2, 2, 2, 2, 2, 2, 2, 2, 
        2, 2, 2, 2, 2, 2, 2, 2, 2, 2, 2, 2, 2, 2, 2, 2, 2, 2, 2, 2, 2, 2, 2, 2, 
        2, 2, 2, 2, 2, 2, 2, 2, 2, 2, 2, 2, 2, 2, 2, 2, 2, 2, 2, 2, 2, 2, 2, 2, 
        2, 2, 2, 2, 2, 2, 2, 2, 2, 2, 2, 2, 2, 2, 2, 2, 2, 2, 2, 2, 2, 2, 2, 2, 
        2, 2, 2, 2, 2, 2, 2, 2, 2, 1, 2, 2, 2, 2, 2, 2, 2, 2, 2, 2, 2, 2, 2, 2, 
        2, 2, 2, 2, 2, 2, 2, 2, 2, 2, 2, 2, 2, 2, 2, 2, 2, 2, 2, 2, 2, 2, 2, 2, 
        2, 2, 2, 2, 2, 2, 2, 2, 2, 2, -1, 2, 2, 2, 2, 2, 2, 2, 2, 2, 2, 2, 2, 2,
        2, 2, 2, 2, 2, 2, 2, 2, 2, 2, 2, 2, 2, 2, 2, 2, 2, 2, 2, 1, 2, 2, 2, 2, 
        2, 2, 2, 2, 2, 2, 2, 2, 2, 2, 2, 2, 1 ],
        [ IntegerRing() | -1, 2, 2, 2, 2, 2, 2, 2, 2, 2, 2, 2, 2, 2, 2, 2, 2, 2,
        2, 2, 2, 2, 2, 2, 2, 2, 2, 2, 2, 2, 2, 2, 2, 2, 2, 2, 2, 2, 2, 2, 2, 2, 
        2, 2, 2, 2, 2, 2, 2, 2, 2, 2, 2, 2, 2, 2, 2, 1 ],
        [ IntegerRing() | -1, -1, 2, 2, 2, 2, 2, 2, 2, 2, 2, 2, 2, 2, 2, 2, 2, 
        2, 2, 2, 2, 2, 2, 2, 2, 2, 2, 2, 2, 2, 2, 2, 2, 2, 2, 2, 2, 2, 2, 2, 2, 
        2, 2, 2, 2, 2, 2, 2, 2, 2, 2, 2, 2, 2, 2, 2, 2, 2, 2, 2, 2, 2, 2, 2, 2, 
        2, 2, 2, 2, 2, 2, 2, 2, 2, 2, 2, 2, 2, 2, 2, 2, 2, 1, 2, 2, 2, 2, 2, 2, 
        2, 2, 2, 2, 2, 2, 2, 2, 2, 2, -1, 2, 2, 2, 2, 2, 2, 2, 2, 2, 2, 2, 2, 2,
        2, 2, 2, 2, 2, 2, 2, 2, 2, 2, 2, 2, 2, 2, 2, 2, 2, 2, 2, 2, 2, 2, 2, 2, 
        2, 2, 2, 2, 2, 2, 2, 2, 2, 2, 2, 1, -2, -2, -2, -2, -2, -2, -2, -2, -2, 
        -2, -2, -2, -2, -2, 1, 1, 1, -2, -2, -2, -2, -2, -2, 1, -2, -2, 1, -2, 
        -2, -2, -2, -2, -2, -2, -2, -2, -2 ],
        [ IntegerRing() | -1, -1, 2, 2, 2, 2, 2, 2, 2, 2, 2, 2, 2, 2, 2, 2, 2, 
        2, 2, 2, 2, 2, 2, 2, 2, 2, 2, 2, 2, 2, 2, 2, 2, 2, 2, 2, 2, 2, 2, 2, 2, 
        2, 2, 2, 2, 2, 2, 2, 2, 2, 2, 2, 2, 2, 2, 2, 2, 2, 2, 2, 2, 2, 2, 2, 2, 
        2, 2, 2, 2, 2, 2, 2, 2, 2, 2, 2, 2, 2, 2, 2, 2, 2, 2, 2, 2, 2, 2, 2, 2, 
        2, 2, 2, 2, 2, 2, 2, 2, 2, 1, 2, 2, 2, 2, 2, 2, 2, 2, 2, 2, 2, 2, 2, 2, 
        2, 2, -1, 2, 2, 2, 2, 2, 2, 2, 2, 2, 2, 2, 2, 2, 2, 2, 2, 2, 2, 2, 2, 2,
        2, 2, 2, 2, 2, 2, 2, 2, 2, 2, 2, 1, -2, -2, -2, -2, -2, -2, -2, -2, -2, 
        -2, -2, -2, -2, -2, 1, 1, 1, -2, -2, -2, -2, 1, -2, -2, 1, -2, -2, -2, 
        -2, -2, -2, -2, -2, -2, -2, -2, -2 ],
        [ IntegerRing() | -1, -1, 2, 2, 2, 2, 2, 2, 2, 2, 2, 2, 2, 2, 2, 2, 2, 
        2, 2, 2, 2, 2, 2, 2, 2, 2, 2, 2, 2, 2, 2, 2, 2, 2, 2, 2, 2, 2, 2, 2, 2, 
        2, 2, 2, 2, 2, 2, 2, 2, 2, 2, 2, 2, 2, 2, 2, 2, 2, 2, 2, 2, 2, 2, 2, 2, 
        2, 2, 2, 2, 2, 2, 2, 2, 2, 2, 2, 2, 2, 2, 2, 2, 2, 2, 2, 2, 2, 2, 2, 2, 
        2, 2, 2, 2, 2, 2, 2, 2, 2, 1, 2, 2, 2, 2, 2, 2, 2, 2, 2, 2, 2, 2, 2, 2, 
        2, 2, 2, 2, 2, 2, 2, 2, 2, 2, 2, 2, 2, 2, 2, 2, 2, 2, 2, 2, 2, 2, 2, 2, 
        2, 2, 2, 2, 2, 2, 2, 2, 2, 2, 2, 2, 2, 2, 2, 2, 2, 2, 2, 2, 2, 2, 2, 2, 
        2, 2, 2, 2, 2, 2, 2, 2, 2, 2, 2, 2, 2, 2, 2, 2, 2, 2, 2, 2, 2, 2, 2, 2, 
        2, 2, 2, 2, 2, 2, 2, 2, 2, 2, -1, 2, 2, 2, 2, 2, 2, 2, 2, 2, 2, 2, 2, 2,
        2, 2, 2, 1, -2, -2, -2, -2, -2, -2, -2, -2, 1, 1, 1, -2, -2, -2, -2, -2,
        -2, 1, 2, 1 ],
        [ IntegerRing() | -1, -1, 2, 2, 2, 2, 2, 2, 2, 2, 2, 2, 2, 2, 2, 2, 2, 
        2, 2, 2, 2, 2, 2, 2, 2, 2, 2, 2, 2, 2, 2, 2, 2, 2, 2, 2, 2, 2, 2, 2, 2, 
        2, 2, 2, 2, 2, 2, 2, 2, 2, 2, 2, 2, 2, 2, 2, 2, 2, 2, 2, 2, 2, 2, 2, 2, 
        2, 2, 2, 2, 2, 2, 2, 2, 2, 2, 2, 2, 2, 2, 2, 2, 2, 2, 2, 2, 2, 2, 2, 2, 
        2, 2, 2, 2, 2, 2, 2, 2, 2, 1, 2, 2, 2, 2, 2, 2, 2, 2, 2, 2, 2, 2, 2, 2, 
        2, 2, 2, 2, 2, 2, 2, 2, 2, 2, 2, 2, 2, 2, 2, 2, 2, 2, 2, 2, 2, 2, 2, 2, 
        2, 2, 2, 2, 2, 2, 2, 2, 2, 2, 2, 2, 2, 2, 2, 2, 2, 2, 2, 2, 2, 2, 2, 2, 
        2, 2, -1, 2, 2, 2, 2, 2, 2, 2, 2, 2, 2, 2, 2, 2, 2, 2, 2, 1, -2, -2, -2,
        -2, -2, -2, -2, -2, -2, -2, 1, -2, -2, 1, -2, -2, 1, -2, -2, -2, -2, -2,
        -2, -2, -2, -2, -2, -2, -2, -2, -2 ],
        [ IntegerRing() | -1, -1, 2, 2, 2, 2, 2, 2, 2, 2, 2, 2, 2, 2, 2, 2, 2, 
        2, 2, 2, 2, 2, 2, 2, 2, 2, 2, 2, 2, 2, 2, 2, 2, 2, 2, 2, 2, 2, 2, 2, 2, 
        2, 2, 2, 2, 2, 2, 2, 2, 2, 2, 2, 2, 2, 2, 2, 2, 2, 2, 2, 2, 2, 2, 2, 2, 
        2, 2, 2, 2, 2, 2, 2, 2, 2, 2, 2, 2, 2, 2, 2, 2, 2, 2, 2, 2, 2, 2, 2, 2, 
        2, 2, 2, 2, 2, 2, 2, 2, 2, 1, 2, 2, 2, 2, 2, 2, 2, 2, 2, 2, 2, 2, 2, 2, 
        2, 2, 2, 2, 2, 2, 2, 2, 2, 2, 2, 2, 2, 2, 2, 2, 2, 2, 2, 2, 2, 2, 2, 2, 
        2, 2, 1, -2, -2, 1, -2, -2, 1, -2, -2, -2, -2, -2, -2 ],
        [ IntegerRing() | -1, -1, 2, 2, 2, 2, 2, 2, 2, 2, 2, 2, 2, 2, 2, 2, 2, 
        2, 1, 2, 2, 2, 2, 2, 2, 2, 2, 2, 2, 2, 2, 2, 2, 2, 2, -1, 2, 2, 2, 2, 2,
        2, 2, 2, 2, 2, 2, 2, 2, 2, 2, 2, 1, 2, 2, 2, 2, 2, 2, 2, 2, 2, 2, 2, 2, 
        2, 2, 2, 2, -1, 2, 2, 2, 2, 2, 2, 2, 2, 2, 2, 2, 2, 2, 2, 2, 2, 2, 2, 2,
        2, 2, 2, 2, 2, 2, 2, 2, 2, 2, 2, 2, 2, 2, 2, 2, 2, 2, 2, 2, 2, 2, 2, 2, 
        2, 2, 2, 2, 2, 1, -2, -2, -2, -2, -2, -2, -2, -2, -2, -2, -2, -2, 1 ],
        [ IntegerRing() | -1, -1, 2, 2, 2, 2, 2, 2, 2, 2, 2, 2, 2, 2, 2, 2, 2, 
        2, 2, 2, 2, 2, 2, 2, 2, 2, 2, 2, 2, 2, 2, 2, 2, 2, 2, 2, 2, 2, 2, 2, 2, 
        2, 2, 2, 2, 2, 2, 2, 2, 2, 2, 2, 2, 2, 2, 2, 2, 2, 2, 2, 2, 2, 2, 2, 2, 
        2, 2, 2, 2, 2, 2, 2, 2, 2, 2, 2, 2, 2, 2, 2, 2, 2, 2, 2, 2, 2, 2, 2, 2, 
        2, 2, 2, 2, 2, 2, 2, 2, 2, 1, 2, 2, 2, 2, 2, 2, 2, 2, 2, 2, 2, 2, 2, 2, 
        2, 2, 2, 2, 2, 2, 2, 2, 2, 2, 2, 2, 2, 2, 2, 2, 2, 2, -1, 2, 2, 2, 2, 2,
        2, 2, 2, 2, 2, 2, 2, 2, 2, 2, 2, 2, 2, 2, 2, 2, 2, 2, 2, 2, 2, 2, 2, 2, 
        2, 2, 2, 1, 1 ]
    ], level := 112, genus := 14, index := 192, contains_minus_one := true, 
    subgroups := [], supergroups := [ IntegerRing() | 3, 11, 46, 206, 1258 ], 
    name := "112D14", label := "D", order := 5376, GLZConj := 1, matgens := [ 
        PowerSequence(IntegerRing(112)) |
        [ IntegerRing(112) | 1, 0, 56, 1 ],
        [ IntegerRing(112) | 33, 64, 32, 1 ],
        [ IntegerRing(112) | 51, 40, 60, 91 ],
        [ IntegerRing(112) | 51, 96, 102, 91 ],
        [ IntegerRing(112) | 57, 0, 0, 57 ],
        [ IntegerRing(112) | 65, 48, 80, 97 ],
        [ IntegerRing(112) | 65, 96, 60, 49 ],
        [ IntegerRing(112) | 71, 58, 23, 33 ],
        [ IntegerRing(112) | 81, 64, 96, 33 ],
        [ IntegerRing(112) | 85, 56, 56, 29 ]
    ], cusps := [ IntegerRing() | 4, 4, 16, 28, 28, 112 ], c2 := [ IntegerRing()
    | 2, 2, 2, 2, 2, 2, 2, 2, 2, 2, 2, 2, 2, 2, 2, 2, 2, 2, 2, 2, 2, 2, 2, 2, 2,
    2, 2, 2, 2, 2, 2, 2, 2, 2, 2, 2, 2, 2, 2, 2, 2, 2, 2, 2, 2, 2, 2, 2, 2, 2, 
    2, 2, 2, 2, 2, 2, 2, 2, 2, 2, 2, 2, 2, 2, 2, 2, 2, 2, 2, 2, 2, 2, 2, 2, 2, 
    2, 2, 2, 2, 2, 2, 2, 2, 2, 2, 2, 2, 2, 2, 2, 2, 2, 2, 2, 2, 2 ], c3 := [ 
    IntegerRing() | 3, 3, 3, 3, 3, 3, 3, 3, 3, 3, 3, 3, 3, 3, 3, 3, 3, 3, 3, 3, 
    3, 3, 3, 3, 3, 3, 3, 3, 3, 3, 3, 3, 3, 3, 3, 3, 3, 3, 3, 3, 3, 3, 3, 3, 3, 
    3, 3, 3, 3, 3, 3, 3, 3, 3, 3, 3, 3, 3, 3, 3, 3, 3, 3, 3 ], gc := [ 
    IntegerRing() | 1, 1, 1, 1, 2, 2, 4, 4, 4, 4, 6, 6, 12, 24, 24 ], 
    special_name := [], special_name_html := [], direct_subgroups := [], 
    direct_supergroups := [ IntegerRing() | 206, 1258 ], length := 96, treename 
    := [ PowerSequence(IntegerRing()) |
        [ IntegerRing() | 336, 1, 8, 12, 14, 14 ],
        [ IntegerRing() | 336, 1, 8, 12, 14, 15 ],
        [ IntegerRing() | 448, 1, 4, 6, 11, 10 ],
        [ IntegerRing() | 448, 1, 4, 6, 11, 14 ],
        [ IntegerRing() | 560, 1, 7, 10, 17, 13 ],
        [ IntegerRing() | 560, 1, 7, 10, 17, 15 ]
    ], treesupergroups := [ PowerSequence(IntegerRing()) |
        [ IntegerRing() | 336, 1, 8, 12, 14 ],
        [ IntegerRing() | 336, 1, 8, 12, 14 ],
        [ IntegerRing() | 320, 5, 5, 6, 5 ],
        [ IntegerRing() | 320, 5, 5, 6 ],
        [ IntegerRing() | 300, 7, 8 ],
        [ IntegerRing() | 300, 7 ],
        [ IntegerRing() | 448, 1, 4, 6, 11 ],
        [ IntegerRing() | 448, 1, 4, 6, 11 ],
        [ IntegerRing() | 560, 1, 7, 10, 17 ],
        [ IntegerRing() | 560, 1, 7, 10, 17 ]
    ]>,
    rec<recformat<generators: SeqEnum, level: IntegerRing(), genus: 
    IntegerRing(), index: IntegerRing(), contains_minus_one: BoolElt, subgroups:
    SeqEnum, supergroups: SeqEnum, name: MonStgElt, label: MonStgElt, order: 
    IntegerRing(), GLZConj: IntegerRing(), matgens: SeqEnum, cusps: SeqEnum, c2:
    SeqEnum, c3: SeqEnum, gc: SeqEnum, projections: SeqEnum, special_name: 
    SeqEnum, special_name_html: SeqEnum, direct_subgroups: SeqEnum, 
    direct_supergroups: SeqEnum, length: IntegerRing(), treename: SeqEnum, 
    treesupergroups: SeqEnum> | generators := [ PowerSequence(IntegerRing()) |
        [ IntegerRing() | -1, -1, 2, 2, 2, 2, 2, 2, 2, 2, 2, 2, 2, 2, 2, 2, 2, 
        2, 2, 2, 2, 2, 2, 2, 2, 2, 2, 2, 2, 2, 2, 2, 2, 2, 2, 2, 2, 2, 2, 2, 2, 
        2, 2, 2, 2, 2, 2, 2, 2, 2, 1, 2, 2, 2, 2, 2, 2, 2, 2, 2, 2, 2, 2, 2, 2, 
        2, 2, -1, 2, 2, 2, 2, 2, 2, 2, 2, 2, 2, 2, 2, 2, 2, 2, 2, 1, 2, 2, 2, 2,
        2, 2, 2, 2, 2, 2, 2, 2, 2, 2, 2, 2, -1, 2, 2, 2, 2, 2, 2, 2, 2, 2, 2, 2,
        2, 2, 2, 2, 2, 2, 2, 2, 2, 2, 2, 2, 2, 2, 2, 2, 2, 2, 2, 2, 2, 2, 2, 2, 
        2, 2, 2, 2, 2, 2, 2, 2, 2, 2, 2, 2, 2, 1, 1 ],
        [ IntegerRing() | -1, -1, 2, 2, 2, 2, 2, 2, 2, 2, 2, 2, 2, 2, 2, 2, 2, 
        2, 1, 2, 2, 2, 2, 2, 2, 2, 2, 2, 2, 2, 2, 2, 2, 2, 2, 2, 2, 2, 2, 2, 2, 
        2, 2, 2, 2, 2, 2, 2, 2, 2, 2, 2, 2, 2, 2, 2, 2, 2, 2, 2, 2, 2, 2, 2, 2, 
        2, 2, -1, 2, 2, 2, 2, 2, 2, 2, 2, 2, 2, 2, 2, 2, 2, 2, 2, 1, 2, 2, 2, 2,
        2, 2, 2, 2, 2, 2, 2, 2, 2, 2, 2, 2, 2, 2, 2, 2, 2, 2, 1, 1, 1, -2, -2, 
        -2, -2, -2, -2, 1, -2, -2, 1, -2, -2, -2, -2, -2, -2, -2, -2, -2, -2 ],
        [ IntegerRing() | -1, -1, 2, 2, 2, 2, 2, 2, 2, 2, 2, 2, 2, 2, 2, 2, 2, 
        2, 2, 2, 2, 2, 2, 2, 2, 2, 2, 2, 2, 2, 2, 2, 2, 2, 2, 2, 2, 2, 2, 2, 2, 
        2, 2, 2, 2, 2, 2, 2, 2, 2, 1, 2, 2, 2, 2, 2, 2, 2, 2, 2, 2, 2, 2, 2, 2, 
        2, 2, -1, 2, 2, 2, 2, 2, 2, 2, 2, 2, 2, 2, 2, 2, 2, 2, 2, 2, 2, 2, 2, 2,
        2, 2, 2, 2, 2, 2, 2, 2, 2, 2, 2, 1, -2, -2, -2, -2, -2, -2, -2, -2, -2, 
        -2, 1, 1, 1, -2, -2, -2, -2, 1, -2, -2, 1 ],
        [ IntegerRing() | -1, -1, 2, 2, 2, 2, 2, 2, 2, 2, 2, 2, 2, 2, 2, 2, 2, 
        2, 2, 2, 2, 2, 2, 2, 2, 2, 2, 2, 2, 2, 2, 2, 2, 2, 2, 2, 2, 2, 2, 2, 2, 
        2, 2, 2, 2, 2, 2, 2, 2, 2, 2, 2, 2, 2, 2, 2, 2, 2, 2, 2, 2, 2, 2, 2, 2, 
        2, 1, 2, 2, 2, 2, 2, 2, 2, 2, 2, 2, 2, 2, 2, 2, 2, 2, -1, 2, 2, 2, 2, 2,
        2, 2, 2, 2, 2, 2, 2, 2, 2, 2, 2, 1, 2, 2, 2, 2, 2, 2, 2, 2, 2, 2, 2, 2, 
        2, 2, 2, 2, 2, 2, 2, 2, 2, 2, 2, 2, 2, 2, 2, 2, 2, 2, 2, 2, 2, 2, 2, 2, 
        2, 2, 2, 2, 2, 2, 2, 2, 2, 2, 2, 2, 2, 2, 2, 2, 2, 2, 1, -2, -2, 1, -2, 
        -2, -2, -2, -2, -2, 1, -2, -2 ],
        [ IntegerRing() | -1, -1, 2, 2, 2, 2, 2, 2, 2, 2, 2, 2, 2, 2, 2, 2, 2, 
        2, 2, 2, 2, 2, 2, 2, 2, 2, 2, 2, 2, 2, 2, 2, 2, 2, 2, 2, 2, 2, 2, 2, 2, 
        2, 2, 2, 2, 2, 2, 2, 2, 2, 2, 2, 2, 2, 2, 2, 2, 2, 2, 2, 2, 2, 2, 2, 2, 
        2, 2, 2, 2, 2, 2, 2, 2, 2, 2, 2, 2, 2, 2, 2, 2, 2, 1, 2, 2, 2, 2, 2, 2, 
        2, 2, 2, 2, 2, 2, 2, 2, 2, 2, -1, 2, 2, 2, 2, 2, 2, 2, 2, 2, 2, 2, 2, 2,
        2, 2, 2, 2, 2, 2, 2, 2, 2, 2, 2, 2, 2, 2, 2, 2, 2, 2, 2, 1, -2, -2, -2, 
        -2, -2, -2, 1, 1, 1, -2, -2, -2, -2, 1, -2, -2, 1, -2, -2, -2, -2, -2, 
        -2, -2, -2, -2, -2, -2, -2 ],
        [ IntegerRing() | -1, -1, 2, 2, 2, 2, 2, 2, 2, 2, 2, 2, 2, 2, 2, 2, 2, 
        2, 2, 2, 2, 2, 2, 2, 2, 2, 2, 2, 2, 2, 2, 2, 2, 2, 2, 2, 2, 2, 2, 2, 2, 
        2, 2, 2, 2, 2, 2, 2, 2, 2, 2, 2, 2, 2, 2, 2, 2, 2, 2, 2, 2, 2, 2, 2, 2, 
        2, 1, 2, 2, 2, 2, 2, 2, 2, 2, 2, 2, 2, 2, 2, 2, 2, 2, 2, 2, 2, 2, 2, 2, 
        2, 2, 2, 2, 2, 2, 2, 2, 2, 2, 2, 2, 2, 2, 2, 2, 2, 2, 2, 2, 2, 2, 2, 2, 
        2, 2, 2, 2, 2, 2, 2, 2, 2, 2, 1, -2, -2, -2, -2, -2, -2, -2, -2 ],
        [ IntegerRing() | -1, 2, 2, 2, 2, 2, 2, 2, 2, 2, 2, 2, 2, 2, 2, 2, 2, 2,
        2, 2, 2, 2, 2, 2, 2, 2, 2, 2, 2, 2, 2, 2, 2, 2, 2, 2, 2, 2, 2, 2, 2, 2, 
        2, 2, 2, 2, 2, 2, 2, 2, 2, 2, 2, 2, 2, 2, 2, 2, 2, 2, 2, 2, 2, 2, 2, 2, 
        2, 2, 2, 2, 2, 2, 2, 2, 2, 2, 2, 2, 2, 2, 2, 2, 2, 2, 2, 2, 2, 2, 2, 2, 
        2, 2, 2, 2, 2, 2, 2, -1, 2, 2, 2, 2, 2, 2, 2, 2, 2, 2, 2, 2, 2, 2, 2, 2,
        1, 2, 2, 2, 2, 2, 2, 2, 2, 2, 2, 2, 2, 1, -2, -2, -2, -2, -2, -2, 1, -2,
        -2, 1, -2 ],
        [ IntegerRing() | -1, -1, 2, 2, 2, 2, 2, 2, 2, 2, 2, 2, 2, 2, 2, 2, 2, 
        2, 2, 2, 2, 2, 2, 2, 2, 2, 2, 2, 2, 2, 2, 2, 2, 2, 2, 2, 2, 2, 2, 2, 2, 
        2, 2, 2, 2, 2, 2, 2, 2, 2, 2, 2, 2, 2, 2, 2, 2, 2, 2, 2, 2, 2, 2, 2, 2, 
        2, 2, 2, 2, 2, 2, 2, 2, 2, 2, 2, 2, 2, 2, 2, 2, 2, 1, 2, 2, 2, 2, 2, 2, 
        2, 2, 2, 2, 2, 2, 2, 2, 2, 2, -1, 2, 2, 2, 2, 2, 2, 2, 2, 2, 2, 2, 2, 2,
        2, 2, 2, 1, 2, 2, 2, 2, 2, 2, 2, 2, 2, 2, 2, 2, 2, 2, 2, 2, 1 ],
        [ IntegerRing() | -1, -1, 2, 2, 2, 2, 2, 2, 2, 2, 2, 2, 2, 2, 2, 2, 2, 
        2, 2, 2, 2, 2, 2, 2, 2, 2, 2, 2, 2, 2, 2, 2, 2, 2, 1, 2, 2, 2, 2, 2, 2, 
        2, 2, 2, 2, 2, 2, 2, 2, 2, 2, 2, 2, 2, 2, 2, 2, 2, 2, 2, 2, 2, 2, 2, 2, 
        2, 2, -1, 2, 2, 2, 2, 2, 2, 2, 2, 2, 2, 2, 2, 2, 2, 2, 2, 2, 2, 2, 2, 2,
        2, 2, 2, 2, 2, 2, 2, 2, 2, 2, 2, 1, 2, 2, 2, 2, 2, 2, 2, 2, 2, 2, 2, 2, 
        2, 2, 2, 2, 2, 2, 2, 2, 2, 2, 2, 2, 2, 2, 2, 2, 2, 2, 2, 2, 1 ],
        [ IntegerRing() | -1, -1, 2, 2, 2, 2, 2, 2, 2, 2, 2, 2, 2, 2, 2, 2, 2, 
        2, 2, 2, 2, 2, 2, 2, 2, 2, 2, 2, 2, 2, 2, 2, 2, 2, 1, 2, 2, 2, 2, 2, 2, 
        2, 2, 2, 2, 2, 2, 2, 2, 2, 2, 2, 2, 2, 2, 2, 2, 2, 2, 2, 2, 2, 2, 2, 2, 
        2, 2, 2, 2, 2, 2, 2, 2, 2, 2, 2, 2, 2, 2, 2, 2, 2, 2, 2, 2, 2, 2, 2, 2, 
        2, 2, 2, 2, 2, 2, 2, 2, 2, 2, 2, 2, 2, 2, 2, 2, 2, 2, 2, 2, 2, 2, 2, 2, 
        2, 2, -1, 2, 2, 2, 2, 2, 2, 2, 2, 2, 2, 2, 2, 2, 2, 2, 2, 1, -2, -2, -2,
        -2, 1, -2, -2, 1, -2, -2, -2, -2, -2, -2, 1, -2, 1 ],
        [ IntegerRing() | -1, -1, 2, 2, 2, 2, 2, 2, 2, 2, 2, 2, 2, 2, 2, 2, 2, 
        2, 2, 2, 2, 2, 2, 2, 2, 2, 2, 2, 2, 2, 2, 2, 2, 2, 2, 2, 2, 2, 2, 2, 2, 
        2, 2, 2, 2, 2, 2, 2, 2, 2, 1, 2, 2, 2, 2, 2, 2, 2, 2, 2, 2, 2, 2, 2, 2, 
        2, 2, 2, 2, 2, 2, 2, 2, 2, 2, 2, 2, 2, 2, 2, 2, 2, 2, 2, 2, 2, 2, 2, 2, 
        2, 2, 2, 2, 2, 2, 2, 2, 2, 2, -1, 2, 2, 2, 2, 2, 2, 2, 2, 2, 2, 2, 2, 2,
        2, 2, 2, 2, 2, 2, 2, 2, 2, 2, 2, 2, 2, 2, 2, 2, 2, 2, 2, 1, 2, 2, 2, 2, 
        2, 2, 2, 2, 2, 2, 2, 2, 2, 2, 2, 2, 1 ]
    ], level := 112, genus := 14, index := 224, contains_minus_one := true, 
    subgroups := [], supergroups := [ IntegerRing() | 9, 43, 96, 1259, 1694, 
    1696 ], name := "112E14", label := "E", order := 4608, GLZConj := 2, matgens
    := [ PowerSequence(IntegerRing(112)) |
        [ IntegerRing(112) | 1, 56, 56, 1 ],
        [ IntegerRing(112) | 43, 28, 56, 99 ],
        [ IntegerRing(112) | 49, 96, 32, 49 ],
        [ IntegerRing(112) | 57, 0, 56, 57 ],
        [ IntegerRing(112) | 57, 28, 28, 57 ],
        [ IntegerRing(112) | 57, 91, 63, 22 ],
        [ IntegerRing(112) | 65, 0, 32, 81 ],
        [ IntegerRing(112) | 65, 48, 96, 33 ],
        [ IntegerRing(112) | 85, 56, 84, 29 ],
        [ IntegerRing(112) | 97, 0, 0, 97 ],
        [ IntegerRing(112) | 107, 75, 10, 29 ]
    ], cusps := [ IntegerRing() | 112, 112 ], c2 := [ IntegerRing() | 1, 1, 1, 
    1, 1, 1, 1, 1, 2, 2, 2, 2, 2, 2, 2, 2, 2, 2, 2, 2, 2, 2, 2, 2, 2, 2, 2, 2, 
    2, 2, 2, 2, 2, 2, 2, 2, 2, 2, 2, 2, 2, 2, 2, 2, 2, 2, 2, 2, 2, 2, 2, 2, 2, 
    2, 2, 2, 2, 2, 2, 2, 2, 2, 2, 2, 2, 2, 2, 2, 2, 2, 2, 2, 2, 2, 2, 2, 2, 2, 
    2, 2, 2, 2, 2, 2, 2, 2, 2, 2, 2, 2, 2, 2, 2, 2, 2, 2, 2, 2, 2, 2, 2, 2, 2, 
    2, 2, 2, 2, 2, 2, 2, 2, 2, 2, 2, 2, 2 ], c3 := [ IntegerRing() | 1, 1, 1, 1,
    1, 1, 1, 1, 3, 3, 3, 3, 3, 3, 3, 3, 3, 3, 3, 3, 3, 3, 3, 3, 3, 3, 3, 3, 3, 
    3, 3, 3, 3, 3, 3, 3, 3, 3, 3, 3, 3, 3, 3, 3, 3, 3, 3, 3, 3, 3, 3, 3, 3, 3, 
    3, 3, 3, 3, 3, 3, 3, 3, 3, 3, 3, 3, 3, 3, 3, 3, 3, 3, 3, 3, 3, 3, 3, 3, 3, 3
    ], gc := [ IntegerRing() | 16, 16, 48, 48, 48, 48 ], special_name := [], 
    special_name_html := [], direct_subgroups := [], direct_supergroups := [ 
    IntegerRing() | 1259, 1694, 1696 ], length := 56, treename := [ 
        PowerSequence(IntegerRing()) |
        [ IntegerRing() | 336, 2, 2, 9, 8, 8 ],
        [ IntegerRing() | 336, 2, 2, 9, 9, 7 ],
        [ IntegerRing() | 336, 2, 2, 9, 10, 10 ],
        [ IntegerRing() | 336, 2, 2, 9, 10, 11 ],
        [ IntegerRing() | 448, 2, 1, 5, 6, 8 ],
        [ IntegerRing() | 448, 2, 1, 5, 6, 9 ],
        [ IntegerRing() | 448, 2, 1, 9, 5, 6 ],
        [ IntegerRing() | 448, 2, 1, 9, 9, 6 ],
        [ IntegerRing() | 560, 2, 4, 10, 12, 11 ],
        [ IntegerRing() | 560, 2, 4, 10, 12, 12 ],
        [ IntegerRing() | 560, 2, 4, 12, 9, 8 ],
        [ IntegerRing() | 560, 2, 4, 12, 12, 10 ]
    ], treesupergroups := [ PowerSequence(IntegerRing()) |
        [ IntegerRing() | 336, 2, 2, 9, 8 ],
        [ IntegerRing() | 336, 2, 2, 9, 9 ],
        [ IntegerRing() | 336, 2, 2, 9, 10 ],
        [ IntegerRing() | 336, 2, 2, 9, 10 ],
        [ IntegerRing() | 320, 3, 6, 6 ],
        [ IntegerRing() | 320, 3, 6 ],
        [ IntegerRing() | 300, 3 ],
        [ IntegerRing() | 448, 2, 1, 5, 6 ],
        [ IntegerRing() | 448, 2, 1, 5, 6 ],
        [ IntegerRing() | 448, 2, 1, 9, 5 ],
        [ IntegerRing() | 448, 2, 1, 9, 9 ],
        [ IntegerRing() | 560, 2, 4, 10, 12 ],
        [ IntegerRing() | 560, 2, 4, 10, 12 ],
        [ IntegerRing() | 560, 2, 4, 12, 9 ],
        [ IntegerRing() | 560, 2, 4, 12, 12 ]
    ]>,
    rec<recformat<generators: SeqEnum, level: IntegerRing(), genus: 
    IntegerRing(), index: IntegerRing(), contains_minus_one: BoolElt, subgroups:
    SeqEnum, supergroups: SeqEnum, name: MonStgElt, label: MonStgElt, order: 
    IntegerRing(), GLZConj: IntegerRing(), matgens: SeqEnum, cusps: SeqEnum, c2:
    SeqEnum, c3: SeqEnum, gc: SeqEnum, projections: SeqEnum, special_name: 
    SeqEnum, special_name_html: SeqEnum, direct_subgroups: SeqEnum, 
    direct_supergroups: SeqEnum, length: IntegerRing(), treename: SeqEnum, 
    treesupergroups: SeqEnum> | generators := [ PowerSequence(IntegerRing()) |
        [ IntegerRing() | -1, -1, 2, 2, 2, 2, 2, 2, 2, 2, 2, 2, 2, 2, 2, 2, 2, 
        2, 2, 2, 2, 2, 2, 2, 2, 2, 2, 2, 2, 2, 2, 2, 2, 2, 2, 2, 2, 2, 2, 2, 2, 
        2, 2, 2, 2, 2, 2, 2, 2, 2, 1, 2, 2, 2, 2, 2, 2, 2, 2, 2, 2, 2, 2, 2, 2, 
        2, 2, -1, 2, 2, 2, 2, 2, 2, 2, 2, 2, 2, 2, 2, 2, 2, 2, 2, 1, 2, 2, 2, 2,
        2, 2, 2, 2, 2, 2, 2, 2, 2, 2, 2, 2, -1, 2, 2, 2, 2, 2, 2, 2, 2, 2, 2, 2,
        2, 2, 2, 2, 2, 1, -2, -2, -2, -2, -2, -2, 1, 1, 1, -2, -2, 1, -2, -2, 
        -2, -2, -2 ],
        [ IntegerRing() | -1, -1, 2, 2, 2, 2, 2, 2, 2, 2, 2, 2, 2, 2, 2, 2, 2, 
        2, 1, 2, 2, 2, 2, 2, 2, 2, 2, 2, 2, 2, 2, 2, 2, 2, 2, 2, 2, 2, 2, 2, 2, 
        2, 2, 2, 2, 2, 2, 2, 2, 2, 2, -1, 2, 2, 2, 2, 2, 2, 2, 2, 2, 2, 2, 2, 2,
        2, 2, 2, 1, 1 ],
        [ IntegerRing() | -1, -1, 2, 2, 2, 2, 2, 2, 2, 2, 2, 2, 2, 2, 2, 2, 2, 
        2, 2, 2, 2, 2, 2, 2, 2, 2, 2, 2, 2, 2, 2, 2, 2, 2, 2, 2, 2, 2, 2, 2, 2, 
        2, 2, 2, 2, 2, 2, 2, 2, 2, 2, 2, 2, 2, 2, 2, 2, 2, 2, 2, 2, 2, 2, 2, 2, 
        2, 2, 2, 2, 2, 2, 2, 2, 2, 2, 2, 2, 2, 2, 2, 2, 2, 2, 2, 2, 2, 2, 2, 2, 
        2, 2, 2, 2, 2, 2, 2, 2, 2, 1, 2, 2, 2, 2, 2, 2, 2, 2, 2, 2, 2, 2, 2, 2, 
        2, 2, 2, 2, 2, 2, 2, 2, 2, 2, 2, 2, 2, 2, 2, 2, 2, 2, 2, 2, 2, 2, 2, 2, 
        2, 2, 2, 2, 2, 2, 2, 2, 2, 2, -1, 2, 2, 2, 2, 2, 2, 2, 2, 2, 2, 2, 2, 2,
        2, 2, 2, 1, -2, -2, -2, -2, -2, -2, 1, 1, 1, -2, -2, -2, -2, -2, -2, 1, 
        -2, -2, 1, -2, -2, -2, -2, -2, -2 ],
        [ IntegerRing() | -1, -1, 2, 2, 2, 2, 2, 2, 2, 2, 2, 2, 2, 2, 2, 2, 2, 
        2, 2, 2, 2, 2, 2, 2, 2, 2, 2, 2, 2, 2, 2, 2, 2, 2, 1, 2, 2, 2, 2, 2, 2, 
        2, 2, 2, 2, 2, 2, 2, 2, 2, 2, -1, 2, 2, 2, 2, 2, 2, 2, 2, 2, 2, 2, 2, 2,
        2, 2, 2, 2, 2, 2, 2, 2, 2, 2, 2, 2, 2, 2, 2, 2, 2, 2, 2, 1, -2, -2, -2, 
        -2, -2, -2, -2, -2, -2, -2, -2, -2, -2, -2, 1, 1, 1, -2, -2, -2, -2, 1, 
        -2, -2, 1, -2, -2, -2, -2 ],
        [ IntegerRing() | -1, -1, 2, 2, 2, 2, 2, 2, 2, 2, 2, 2, 2, 2, 2, 2, 2, 
        2, 2, 2, 2, 2, 2, 2, 2, 2, 2, 2, 2, 2, 2, 2, 2, 2, 2, 2, 2, 2, 2, 2, 2, 
        2, 2, 2, 2, 2, 2, 2, 2, 2, 2, 2, 2, 2, 2, 2, 2, 2, 2, 2, 2, 2, 2, 2, 2, 
        2, 1, 2, 2, 2, 2, 2, 2, 2, 2, 2, 2, 2, 2, 2, 2, 2, 2, 2, 2, 2, 2, 2, 2, 
        2, 2, 2, 2, 2, 2, 2, 2, 2, 2, 2, 2, 2, 2, 2, 2, 2, 2, 2, 2, 2, 2, 2, 2, 
        2, 2, 2, 2, 2, 2, 2, 2, 2, 2, 1, -2, -2, -2, -2, -2, -2, -2, -2 ],
        [ IntegerRing() | -1, -1, 2, 2, 2, 2, 2, 2, 2, 2, 2, 2, 2, 2, 2, 2, 2, 
        2, 2, 2, 2, 2, 2, 2, 2, 2, 2, 2, 2, 2, 2, 2, 2, 2, 2, 2, 2, 2, 2, 2, 2, 
        2, 2, 2, 2, 2, 2, 2, 2, 2, 2, 2, 2, 2, 2, 2, 2, 2, 2, 2, 2, 2, 2, 2, 2, 
        2, 2, 2, 2, 2, 2, 2, 2, 2, 2, 2, 2, 2, 2, 2, 2, 2, 2, 2, 2, 2, 2, 2, 2, 
        2, 2, 2, 2, 2, 2, 2, 2, 2, 1, 2, 2, 2, 2, 2, 2, 2, 2, 2, 2, 2, 2, 2, 2, 
        2, 2, 2, 2, 2, 2, 2, 2, 2, 2, 2, 2, 2, 2, 2, 2, 2, 2, 2, 2, 2, 2, 2, 2, 
        2, 2, 2, 2, 2, 2, 2, 2, 2, 2, 2, 2, 2, 2, 2, 2, 2, 2, 2, 2, 2, 2, 2, 2, 
        2, 2, 2, 2, 2, 2, 2, 2, 2, 2, 2, 2, 2, 2, 2, 2, 2, 2, 2, 2, 2, 2, 1, -2,
        -2, -2, -2, -2, -2, -2, -2, -2, -2, -2, -2 ],
        [ IntegerRing() | -1, -1, 2, 2, 2, 2, 2, 2, 2, 2, 2, 2, 2, 2, 2, 2, 2, 
        2, 2, 2, 2, 2, 2, 2, 2, 2, 2, 2, 2, 2, 2, 2, 2, 2, 2, 2, 2, 2, 2, 2, 2, 
        2, 2, 2, 2, 2, 2, 2, 2, 2, 2, 2, 2, 2, 2, 2, 2, 2, 2, 2, 2, 2, 2, 2, 2, 
        2, 2, 2, 2, 2, 2, 2, 2, 2, 2, 2, 2, 2, 2, 2, 2, 2, 1, 2, 2, 2, 2, 2, 2, 
        2, 2, 2, 2, 2, 2, 2, 2, 2, 2, 2, 2, 2, 2, 2, 2, 2, 2, 2, 2, 2, 2, 2, 2, 
        2, 2, 2, 2, 2, 2, 2, 2, 2, 2, 2, 2, 2, 2, 2, 2, 2, 2, -1, 2, 2, 2, 2, 2,
        2, 2, 2, 2, 2, 2, 2, 2, 2, 2, 2, 1, 1 ],
        [ IntegerRing() | -1, -1, 2, 2, 2, 2, 2, 2, 2, 2, 2, 2, 2, 2, 2, 2, 2, 
        2, 2, 2, 2, 2, 2, 2, 2, 2, 2, 2, 2, 2, 2, 2, 2, 2, 1, 2, 2, 2, 2, 2, 2, 
        2, 2, 2, 2, 2, 2, 2, 2, 2, 2, -1, 2, 2, 2, 2, 2, 2, 2, 2, 2, 2, 2, 2, 2,
        2, 2, 2, 2, 2, 2, 2, 2, 2, 2, 2, 2, 2, 2, 2, 2, 2, 2, 2, 1, -2, -2, -2, 
        -2, -2, -2, -2, -2, -2, -2, -2, -2, -2, -2, 1, -2, -2, -2, -2, 1, -2, 
        -2, 1, -2, -2, -2, -2 ],
        [ IntegerRing() | -1, -1, 2, 2, 2, 2, 2, 2, 2, 2, 2, 2, 2, 2, 2, 2, 2, 
        2, 2, 2, 2, 2, 2, 2, 2, 2, 2, 2, 2, 2, 2, 2, 2, 2, 1, 2, 2, 2, 2, 2, 2, 
        2, 2, 2, 2, 2, 2, 2, 2, 2, 2, 2, 2, 2, 2, 2, 2, 2, 2, 2, 2, 2, 2, 2, 2, 
        2, 2, -1, 2, 2, 2, 2, 2, 2, 2, 2, 2, 2, 2, 2, 2, 2, 2, 2, 2, 2, 2, 2, 2,
        2, 2, 2, 2, 2, 2, 2, 2, 2, 2, 2, 1, 2, 2, 2, 2, 2, 2, 2, 2, 2, 2, 2, 2, 
        2, 2, 2, 2, 2, 2, 2, 2, 2, 2, 2, 2, 2, 2, 2, 2, 2, 2, 2, 2, 1 ],
        [ IntegerRing() | -1, -1, 2, 2, 2, 2, 2, 2, 2, 2, 2, 2, 2, 2, 2, 2, 2, 
        2, 2, 2, 2, 2, 2, 2, 2, 2, 2, 2, 2, 2, 2, 2, 2, 2, 2, 2, 2, 2, 2, 2, 2, 
        2, 2, 2, 2, 2, 2, 2, 2, 2, 2, 2, 2, 2, 2, 2, 2, 2, 2, 2, 2, 2, 2, 2, 2, 
        2, 1, 2, 2, 2, 2, 2, 2, 2, 2, 2, 2, 2, 2, 2, 2, 2, 2, 2, 2, 2, 2, 2, 2, 
        2, 2, 2, 2, 2, 2, 2, 2, 2, 2, 2, 2, 2, 2, 2, 2, 2, 2, 2, 2, 2, 2, 2, 2, 
        2, 2, 2, 2, 2, 2, 2, 2, 2, 2, 2, 2, 2, 2, 2, 2, 2, 2, -1, 2, 2, 2, 2, 2,
        2, 2, 2, 2, 2, 2, 2, 2, 2, 2, 2, 1, 1 ],
        [ IntegerRing() | -1, -1, 2, 2, 2, 2, 2, 2, 2, 2, 2, 2, 2, 2, 2, 2, 2, 
        2, 2, 2, 2, 2, 2, 2, 2, 2, 2, 2, 2, 2, 2, 2, 2, 2, 2, 2, 2, 2, 2, 2, 2, 
        2, 2, 2, 2, 2, 2, 2, 2, 2, 2, 2, 2, 2, 2, 2, 2, 2, 2, 2, 2, 2, 2, 2, 2, 
        2, 2, 2, 2, 2, 2, 2, 2, 2, 2, 2, 2, 2, 2, 2, 2, 2, 2, 2, 2, 2, 2, 2, 2, 
        2, 2, 2, 2, 2, 2, 2, 2, 2, 1, 2, 2, 2, 2, 2, 2, 2, 2, 2, 2, 2, 2, 2, 2, 
        2, 2, 2, 2, 2, 2, 2, 2, 2, 2, 2, 2, 2, 2, 2, 2, 2, 2, 2, 2, 2, 2, 2, 2, 
        2, 2, 2, 2, 2, 2, 2, 2, 2, 2, 2, 2, 2, 2, 2, 2, 2, 2, 2, 2, 2, 2, 2, 2, 
        2, 2, -1, 2, 2, 2, 2, 2, 2, 2, 2, 2, 2, 2, 2, 2, 2, 2, 2, 2, 2, 2, 2, 2,
        2, 2, 2, 2, 2, 2, 2, 2, 2, 2, 2, 2, 2, 2, 2, 2, 2, 2, 2, 2, 2, 2, 2, 2, 
        2, 2, 2, 1, -2, -2, -2, -2, 1, -2, -2, 1, -2, -2, 1, -2, -2, -2, -2, -2,
        -2, -2, -2, -2 ]
    ], level := 112, genus := 14, index := 224, contains_minus_one := true, 
    subgroups := [], supergroups := [ IntegerRing() | 9, 43, 96, 1260, 1695, 
    1697 ], name := "112F14", label := "F", order := 4608, GLZConj := 2, matgens
    := [ PowerSequence(IntegerRing(112)) |
        [ IntegerRing(112) | 1, 56, 56, 1 ],
        [ IntegerRing(112) | 1, 84, 28, 1 ],
        [ IntegerRing(112) | 49, 16, 80, 49 ],
        [ IntegerRing(112) | 49, 64, 48, 97 ],
        [ IntegerRing(112) | 55, 56, 0, 55 ],
        [ IntegerRing(112) | 57, 56, 0, 57 ],
        [ IntegerRing(112) | 78, 105, 21, 1 ],
        [ IntegerRing(112) | 81, 32, 64, 17 ],
        [ IntegerRing(112) | 85, 28, 0, 29 ],
        [ IntegerRing(112) | 97, 0, 0, 97 ],
        [ IntegerRing(112) | 99, 39, 10, 13 ]
    ], cusps := [ IntegerRing() | 112, 112 ], c2 := [ IntegerRing() | 1, 1, 1, 
    1, 1, 1, 1, 1, 2, 2, 2, 2, 2, 2, 2, 2, 2, 2, 2, 2, 2, 2, 2, 2, 2, 2, 2, 2, 
    2, 2, 2, 2, 2, 2, 2, 2, 2, 2, 2, 2, 2, 2, 2, 2, 2, 2, 2, 2, 2, 2, 2, 2, 2, 
    2, 2, 2, 2, 2, 2, 2, 2, 2, 2, 2, 2, 2, 2, 2, 2, 2, 2, 2, 2, 2, 2, 2, 2, 2, 
    2, 2, 2, 2, 2, 2, 2, 2, 2, 2, 2, 2, 2, 2, 2, 2, 2, 2, 2, 2, 2, 2, 2, 2, 2, 
    2, 2, 2, 2, 2, 2, 2, 2, 2, 2, 2, 2, 2 ], c3 := [ IntegerRing() | 1, 1, 1, 1,
    1, 1, 1, 1, 3, 3, 3, 3, 3, 3, 3, 3, 3, 3, 3, 3, 3, 3, 3, 3, 3, 3, 3, 3, 3, 
    3, 3, 3, 3, 3, 3, 3, 3, 3, 3, 3, 3, 3, 3, 3, 3, 3, 3, 3, 3, 3, 3, 3, 3, 3, 
    3, 3, 3, 3, 3, 3, 3, 3, 3, 3, 3, 3, 3, 3, 3, 3, 3, 3, 3, 3, 3, 3, 3, 3, 3, 3
    ], gc := [ IntegerRing() | 16, 16, 48, 48, 48, 48 ], special_name := [], 
    special_name_html := [], direct_subgroups := [], direct_supergroups := [ 
    IntegerRing() | 1260, 1695, 1697 ], length := 56, treename := [ 
        PowerSequence(IntegerRing()) |
        [ IntegerRing() | 336, 2, 2, 8, 7, 10 ],
        [ IntegerRing() | 336, 2, 2, 8, 7, 11 ],
        [ IntegerRing() | 336, 2, 2, 11, 8, 8 ],
        [ IntegerRing() | 336, 2, 2, 11, 9, 7 ],
        [ IntegerRing() | 448, 2, 1, 8, 6, 8 ],
        [ IntegerRing() | 448, 2, 1, 8, 6, 9 ],
        [ IntegerRing() | 448, 2, 1, 11, 5, 6 ],
        [ IntegerRing() | 448, 2, 1, 11, 9, 6 ],
        [ IntegerRing() | 560, 2, 4, 8, 10, 11 ],
        [ IntegerRing() | 560, 2, 4, 8, 10, 12 ],
        [ IntegerRing() | 560, 2, 4, 14, 9, 9 ],
        [ IntegerRing() | 560, 2, 4, 14, 12, 9 ]
    ], treesupergroups := [ PowerSequence(IntegerRing()) |
        [ IntegerRing() | 336, 2, 2, 8, 7 ],
        [ IntegerRing() | 336, 2, 2, 8, 7 ],
        [ IntegerRing() | 336, 2, 2, 11, 8 ],
        [ IntegerRing() | 336, 2, 2, 11, 9 ],
        [ IntegerRing() | 320, 3, 6, 6 ],
        [ IntegerRing() | 320, 3, 6 ],
        [ IntegerRing() | 300, 3 ],
        [ IntegerRing() | 448, 2, 1, 8, 6 ],
        [ IntegerRing() | 448, 2, 1, 8, 6 ],
        [ IntegerRing() | 448, 2, 1, 11, 5 ],
        [ IntegerRing() | 448, 2, 1, 11, 9 ],
        [ IntegerRing() | 560, 2, 4, 8, 10 ],
        [ IntegerRing() | 560, 2, 4, 8, 10 ],
        [ IntegerRing() | 560, 2, 4, 14, 9 ],
        [ IntegerRing() | 560, 2, 4, 14, 12 ]
    ]>,
    rec<recformat<generators: SeqEnum, level: IntegerRing(), genus: 
    IntegerRing(), index: IntegerRing(), contains_minus_one: BoolElt, subgroups:
    SeqEnum, supergroups: SeqEnum, name: MonStgElt, label: MonStgElt, order: 
    IntegerRing(), GLZConj: IntegerRing(), matgens: SeqEnum, cusps: SeqEnum, c2:
    SeqEnum, c3: SeqEnum, gc: SeqEnum, projections: SeqEnum, special_name: 
    SeqEnum, special_name_html: SeqEnum, direct_subgroups: SeqEnum, 
    direct_supergroups: SeqEnum, length: IntegerRing(), treename: SeqEnum, 
    treesupergroups: SeqEnum> | generators := [ PowerSequence(IntegerRing()) |
        [ IntegerRing() | -1, 2, 2, 2, 2, 2, 2, 2, 2, 2, 2, 2, 2, 2, 2, 2, 2, 2,
        2, -1, -2, -2, 1, -2, -2, -1, -2, -2, -1, -2, -2, 1, -2, -2, -1, -2, -2,
        -1, -2, -2, 1, -2, -2, -1, -2, -2, -1, -2, -2, 1, -2, -2, -1, -2, -2, 
        -1, -2, -2, 1, -2, -2, -1, -2, -2, -1, -2, -2, 1, -2, -2, -1, -2, -2, 
        -1, -2, -2, 1, -2, -2, -1, -2, -2, -1, -2, -2, 1, -2, -2, -1, -2, -2, 
        -1, -2, -2, 1, -2, -2, -1, -2, -2, -1, -2, -2, 1, -2, -2, -1, -2, -2, 
        -1, -2, -2, 1, -2, -2, -1, -2, -2, -1, -2, -2, 1, -2, -2, -1, -2, -2, 
        -1, -2, -2, 1, -2, -2, -1, -2, -2, -1, -2, -2, 1, -2, -2, -1, -2, -2, 
        -2, -2, -2, -2, -2, -2, -2, -2, -2, -2, -2, -2, -2, -2, -2, -2, -2, -2, 
        -2, -2, -2, -2, -2, -2, -2, -2, -2, -2, -2, -2, -2, -2, -2, -2, -2, -2, 
        -2, -2, -2, -2, -2, -2, -2, -2, -2, -2, -2, -2, -2, -2, -2, -2, -2, -2, 
        -2, -2, -2, -2, -2, -2, -2, -2, -2, -2, -2, -2, -1, -2, -2, 1, -2, -2, 
        -1, -2, -2, -1, -2, -2, 1, -2, -2, -1, -1, -2, -2, 1, -2, -2, -1, -1, 
        -2, -2, 1, -2, -2 ],
        [ IntegerRing() | -1, 2, 2, 2, 2, 2, 2, 2, 2, 2, 2, 2, 2, 2, 2, 2, 2, 2,
        2, -1, -2, -2, 1, -2, -2, -1, -2, -2, -1, -2, -2, 1, -2, -2, -1, -2, -2,
        -1, -2, -2, 1, -2, -2, -1, -2, -2, -1, -2, -2, 1, -2, -2, -1, -2, -2, 
        -1, -2, -2, 1, -2, -2, -1, -2, -2, -1, -2, -2, 1, -2, -2, -1, -2, -2, 
        -1, -2, -2, 1, -2, -2, -1, -2, -2, -1, -2, -2, 1, -2, -2, -1, -2, -2, 
        -1, -2, -2, 1, -2, -2, -1, -2, -2, -1, -2, -2, 1, -2, -2, -1, -2, -2, 
        -1, -2, -2, 1, -2, -2, -1, -2, -2, -1, -2, -2, 1, -2, -2, -1, -2, -2, 
        -1, -2, -2, 1, -2, -2, -1, -2, -2, -1, -2, -2, 1, -2, -2, -1, -2, -2, 
        -1, -2, -2, 1, -2, -2, -1, -2, -2, -1, -2, -2, 1, -2, -2, -1, -2, -2, 
        -1, -2, -2, 1, -2, -2, -1, -2, -2, -1, -2, -2, 1, -2, -2, -1, -2, -2, 
        -1, -2, -2, 1, -2, -2, -1, -2, -2, -1, -2, -2, 1, -2, -2, -1, -2, -2, 
        -1, -2, -2, 1, -2, -2, -1, -2, -2, -1, -2, -2, 1, -2, -2, -1, -2, -2, 
        -1, -2, -2, 1, -2, -2, -1, -2, -2, -1, -2, -2, 1, -2, -2, -1, -2, -2, 
        -1, -2, -2, 1, -2, -2, -1, -2, -2, -1, -2, -2, 1, -2, -2, -1, -2, -2, 
        -1, -2, -2, 1, -2, -2, -1, -2, -2, -1, -2, -2, 1, -2, -2, -1, -2, -2, 
        -1, -2, -2, 1, -2, -2, -1, -2, -2, -1, -2, -2, 1, -2, -2, -1, -2, -2, 
        -1, -2, -2, 1, -2, -2, -1, -2, -2, -2, -2, -2, -2, -2, -2, -2, -2, -2, 
        -2, -2, -2, -2, -2, -2, -2, -2, -2, -2, -2, -2, -2, -2, -2, -2, -2, -2, 
        -2, -2, -2, -2, -2, -2, -2, -2, -2, -2, -2, -2, -2, -2, -2, -2, -2, -2, 
        -2, -2, -2, -2, -2, -2, -2, -2, -2, -2, -2, -2, -2, -2, -2, -1, -2, -2, 
        1, -2, -2, -1, -2, -2, -2, -2, -1, -2, -2, 1, -2, -2, -2, -2, -2, 1 ],
        [ IntegerRing() | -1, 2, 2, 2, 2, 2, 2, 2, 2, 2, 2, 2, 2, 2, 2, 2, 2, 2,
        2, -1, -2, -2, 1, -2, -2, -1, -2, -2, -1, -2, -2, 1, -2, -2, -1, -2, -2,
        -1, -2, -2, 1, -2, -2, -1, -2, -2, -1, -2, -2, 1, -2, -2, -1, -2, -2, 
        -1, -2, -2, 1, -2, -2, -1, -2, -2, -1, -2, -2, 1, -2, -2, -1, -2, -2, 
        -1, -2, -2, 1, -2, -2, -1, -2, -2, -2, -2, -2, -2, -2, -2, -2, -2, -2, 
        -2, -2, -2, -2, -2, -2, -2, -2, -2, -2, -2, -2, -2, -2, -2, -2, -2, -2, 
        -2, -2, -2, -2, -2, -2, -2, -2, -2, -2, -2, -2, -2, -2, -2, -2, -2, -2, 
        -2, -2, -2, -2, -2, -2, -2, -2, -2, -2, -2, -1, -2, -2, 1, -2, -2, -1, 
        -1, -2, -2, 1, -2, -2, -1, -1, -2, -2, 1, -2, -2, -1, -1, -2, -2, 1, -2,
        -2, -1, -1, -2, -2, 1, -2, -2, 1, 1, -2, -2 ],
        [ IntegerRing() | -1, -2, -2, -2, -2, -2, -2, -2, -2, -2, -2, -2, -2, 
        -2, -2, -2, -2, -2, -2, -2, -2, -2, -2, -2, -2, -2, -2, -2, -2, -2, -2, 
        -2, -2, -2, -2, -2, -2, -2, -2, -2, -2, -2, -2, -2, -2, -2, -2, -2, -2, 
        -2, -2, -2, -2, -2, -2, -2, -2, -2, 1 ],
        [ IntegerRing() | -1, 2, 2, 2, 2, 2, 2, 2, 2, 2, 2, 2, 2, 2, 2, 2, 2, 2,
        2, -1, -2, -2, 1, -2, -2, -1, -2, -2, -1, -2, -2, 1, -2, -2, -1, -2, -2,
        -1, -2, -2, 1, -2, -2, -1, -2, -2, -1, -2, -2, 1, -2, -2, -1, -2, -2, 
        -1, -2, -2, 1, -2, -2, -1, -2, -2, -1, -2, -2, 1, -2, -2, -1, -2, -2, 
        -1, -2, -2, 1, -2, -2, -1, -2, -2, -1, -2, -2, 1, -2, -2, -1, -2, -2, 
        -1, -2, -2, 1, -2, -2, -1, -2, -2, -1, -2, -2, 1, -2, -2, -1, -2, -2, 
        -1, -2, -2, 1, -2, -2, -1, -2, -2, -1, -2, -2, 1, -2, -2, -1, -2, -2, 
        -1, -2, -2, 1, -2, -2, -1, -2, -2, -1, -2, -2, 1, -2, -2, -1, -2, -2, 
        -1, -2, -2, 1, -2, -2, -1, -2, -2, -1, -2, -2, 1, -2, -2, -1, -2, -2, 
        -1, -2, -2, 1, -2, -2, -1, -2, -2, -1, -2, -2, 1, -2, -2, -1, -2, -2, 
        -1, -2, -2, 1, -2, -2, -1, -2, -2, -2, -2, -2, -2, -2, -2, -2, -2, -2, 
        -2, -2, -2, -2, -2, -2, -2, -2, -2, -2, -2, -2, -2, -2, -2, -2, -2, -2, 
        -2, -2, -2, -2, -2, -2, -2, -2, -2, -2, -2, -2, -2, -2, -2, -2, -2, -2, 
        -2, -2, -2, -2, -2, -2, -2, -2, -2, -2, -2, -2, -2, -2, -2, -2, -2, -2, 
        -2, -2, -2, -2, -2, -2, -2, -2, -2, -2, -2, -2, -2, -2, -2, -2, -2, -2, 
        -2, -2, -2, -2, -2, -2, -2, -2, -2, -2, -2, -2, -2, -1, -2, -2, 1, -2, 
        -2, -1, -1, -2, -2, 1, -2, -2, -1, -1, -2, -2, 1, -2, -2, -1, -1, -2, 
        -2, 1, -2, -2, -1, -1, -2, -2, 1, -2, -2, 1, 1 ],
        [ IntegerRing() | -1, 2, 2, 2, 2, 2, 2, 2, 2, 2, 2, 2, 2, 2, 2, 2, 2, 2,
        2, -1, -2, -2, 1, -2, -2, -1, -2, -2, -1, -2, -2, 1, -2, -2, -1, -2, -2,
        -1, -2, -2, 1, -2, -2, -1, -2, -2, -1, -2, -2, 1, -2, -2, -1, -2, -2, 
        -1, -2, -2, 1, -2, -2, -1, -2, -2, -1, -2, -2, 1, -2, -2, -1, -2, -2, 
        -1, -2, -2, 1, -2, -2, -1, -2, -2, -1, -2, -2, 1, -2, -2, -1, -2, -2, 
        -1, -2, -2, 1, -2, -2, -1, -2, -2, -1, -2, -2, 1, -2, -2, -1, -2, -2, 
        -1, -2, -2, 1, -2, -2, -1, -2, -2, -1, -2, -2, 1, -2, -2, -1, -2, -2, 
        -1, -2, -2, 1, -2, -2, -1, -2, -2, -1, -2, -2, 1, -2, -2, -1, -2, -2, 
        -1, -2, -2, 1, -2, -2, -1, -2, -2, -1, -2, -2, 1, -2, -2, -1, -2, -2, 
        -2, -2, -2, -2, -2, -2, -2, -2, -2, -2, -2, -2, -2, -2, -2, -2, -2, -2, 
        -2, -2, -2, -2, -2, -2, -2, -2, -2, -2, -2, -2, -2, -2, -2, -2, -2, -2, 
        -2, -2, -2, -2, -2, -2, -2, -2, -2, -2, -2, -2, -2, -2, -2, -2, -2, -2, 
        -2, -2, -2, -2, -2, -2, -2, -2, -2, -2, -2, -2, -2, -2, -2, -2, -2, -2, 
        -1, -2, -2, 1, -2, -2, -1, -2, -2, -1, -2, -2, 1, -2, -2, -1, -2, -2, 1 
        ],
        [ IntegerRing() | -1, 2, 2, 2, 2, 2, 2, 2, 2, 2, 2, 2, 2, 2, 2, 2, 2, 2,
        2, -1, -2, -2, 1, -2, -2, -1, -2, -2, -1, -2, -2, 1, -2, -2, -1, -2, -2,
        -1, -2, -2, 1, -2, -2, -1, -2, -2, -1, -2, -2, 1, -2, -2, -1, -2, -2, 
        -1, -2, -2, 1, -2, -2, -1, -2, -2, -1, -2, -2, 1, -2, -2, -1, -2, -2, 
        -1, -2, -2, 1, -2, -2, -1, -2, -2, -1, -2, -2, 1, -2, -2, -1, -2, -2, 
        -1, -2, -2, 1, -2, -2, -1, -2, -2, -1, -2, -2, 1, -2, -2, -1, -2, -2, 
        -1, -2, -2, 1, -2, -2, -1, -2, -2, -1, -2, -2, 1, -2, -2, -1, -2, -2, 
        -1, -2, -2, 1, -2, -2, -1, -2, -2, -1, -2, -2, 1, -2, -2, -1, -2, -2, 
        -1, -2, -2, 1, -2, -2, -1, -2, -2, -1, -2, -2, 1, -2, -2, -1, -2, -2, 
        -1, -2, -2, 1, -2, -2, -1, -2, -2, -1, -2, -2, 1, -2, -2, -1, -2, -2, 
        -1, -2, -2, 1, -2, -2, -1, -2, -2, -1, -2, -2, 1, -2, -2, -1, -2, -2, 
        -1, -2, -2, 1, -2, -2, -1, -2, -2, -1, -2, -2, 1, -2, -2, -1, -2, -2, 
        -1, -2, -2, 1, -2, -2, -1, -2, -2, -1, -2, -2, 1, -2, -2, -1, -2, -2, 
        -1, -2, -2, 1, -2, -2, -1, -2, -2, -1, -2, -2, 1, -2, -2, -1, -2, -2, 
        -2, -2, -2, -2, -2, -2, -2, -2, -2, -2, -2, -2, -2, -2, -2, -2, -2, -2, 
        -2, -2, -2, -2, -2, -2, -2, -2, -2, -2, -2, -2, -2, -2, -2, -2, -2, -2, 
        -2, -2, -2, -2, -2, -2, -2, -2, -2, -2, -2, -2, -2, -2, -2, -2, -2, -2, 
        -2, -2, -2, -2, -2, -2, -2, -2, -2, -2, -2, -2, -2, -2, -2, -2, -2, -2, 
        -2, -2, -2, -2, -2, -2, -2, -2, -2, -2, -2, -2, -2, -2, -2, -2, -2, -2, 
        -2, -2, -2, -2, 1, 1, 1, -2, -2 ],
        [ IntegerRing() | -1, 2, 2, 2, 2, 2, 2, 2, 2, 2, 2, 2, 2, 2, 2, 2, 2, 2,
        2, -1, -2, -2, 1, -2, -2, -1, -2, -2, -2, -2, -2, -2, -2, -2, -2, -2, 
        -2, -2, -2, -2, -2, -2, -2, -2, -2, -2, -2, -2, -2, -2, -2, -2, -2, -2, 
        -2, -2, -2, -2, -2, -2, -2, -2, -2, -2, -2, -2, -2, -2, -2, -2, -2, -2, 
        -2, -2, -2, -2, -2, -2, -2, -2, -2, -2, -2, -2, -2, -2, -2, -2, -2, -2, 
        -2, -2, -2, -2, -2, -2, -2, -2, -2, -2, -2, -2, -2, -2, -2, -2, -2, -2, 
        -2, -2, -2, -2, -2, -2, -2, -2, -2, -2, -2, -2, -2, -2, -2, -2, -2, -2, 
        -2, -2, -2, -2, -2, -2, -1, -2, -2, 1, -2, -2, -1, -2, -2, -1, -2, -2, 
        1, -2, -2, -1, -2, -2, -1, -2, -2, 1, -2, -2 ]
    ], level := 114, genus := 14, index := 180, contains_minus_one := true, 
    subgroups := [], supergroups := [ IntegerRing() | 3, 5, 27, 803, 1107 ], 
    name := "114A14", label := "A", order := 5472, GLZConj := 1, matgens := [ 
        PowerSequence(IntegerRing(114)) |
        [ IntegerRing(114) | 1, 0, 57, 1 ],
        [ IntegerRing(114) | 1, 84, 60, 25 ],
        [ IntegerRing(114) | 39, 76, 95, 39 ],
        [ IntegerRing(114) | 77, 0, 0, 77 ],
        [ IntegerRing(114) | 77, 38, 38, 1 ],
        [ IntegerRing(114) | 79, 42, 30, 91 ],
        [ IntegerRing(114) | 91, 12, 66, 25 ],
        [ IntegerRing(114) | 113, 38, 38, 37 ]
    ], cusps := [ IntegerRing() | 3, 6, 57, 114 ], c2 := [ IntegerRing() | 2, 2,
    2, 2, 2, 2, 2, 2, 2, 2, 2, 2, 2, 2, 2, 2, 2, 2, 2, 2, 2, 2, 2, 2, 2, 2, 2, 
    2, 2, 2, 2, 2, 2, 2, 2, 2, 2, 2, 2, 2, 2, 2, 2, 2, 2, 2, 2, 2, 2, 2, 2, 2, 
    2, 2, 2, 2, 2, 2, 2, 2, 2, 2, 2, 2, 2, 2, 2, 2, 2, 2, 2, 2, 2, 2, 2, 2, 2, 
    2, 2, 2, 2, 2, 2, 2, 2, 2, 2, 2, 2, 2 ], c3 := [ IntegerRing() | 3, 3, 3, 3,
    3, 3, 3, 3, 3, 3, 3, 3, 3, 3, 3, 3, 3, 3, 3, 3, 3, 3, 3, 3, 3, 3, 3, 3, 3, 
    3, 3, 3, 3, 3, 3, 3, 3, 3, 3, 3, 3, 3, 3, 3, 3, 3, 3, 3, 3, 3, 3, 3, 3, 3, 
    3, 3, 3, 3, 3, 3 ], gc := [ IntegerRing() | 1, 1, 1, 1, 1, 1, 18, 18, 18 ], 
    special_name := [], special_name_html := [], direct_subgroups := [], 
    direct_supergroups := [ IntegerRing() | 27, 803, 1107 ], length := 60, 
    treename := [ PowerSequence(IntegerRing()) |
        [ IntegerRing() | 342, 3, 7, 3 ],
        [ IntegerRing() | 342, 3, 8, 6 ],
        [ IntegerRing() | 456, 3, 7, 4 ],
        [ IntegerRing() | 456, 3, 8, 5 ],
        [ IntegerRing() | 570, 3, 8, 6 ],
        [ IntegerRing() | 570, 3, 10, 9 ]
    ], treesupergroups := [ PowerSequence(IntegerRing()) |
        [ IntegerRing() | 342, 3, 7 ],
        [ IntegerRing() | 342, 3, 8 ],
        [ IntegerRing() | 300, 6, 5 ],
        [ IntegerRing() | 300, 7 ],
        [ IntegerRing() | 300, 6 ],
        [ IntegerRing() | 456, 3, 7 ],
        [ IntegerRing() | 456, 3, 8 ],
        [ IntegerRing() | 570, 3, 8 ],
        [ IntegerRing() | 570, 3, 10 ]
    ]>,
    rec<recformat<generators: SeqEnum, level: IntegerRing(), genus: 
    IntegerRing(), index: IntegerRing(), contains_minus_one: BoolElt, subgroups:
    SeqEnum, supergroups: SeqEnum, name: MonStgElt, label: MonStgElt, order: 
    IntegerRing(), GLZConj: IntegerRing(), matgens: SeqEnum, cusps: SeqEnum, c2:
    SeqEnum, c3: SeqEnum, gc: SeqEnum, projections: SeqEnum, special_name: 
    SeqEnum, special_name_html: SeqEnum, direct_subgroups: SeqEnum, 
    direct_supergroups: SeqEnum, length: IntegerRing(), treename: SeqEnum, 
    treesupergroups: SeqEnum> | generators := [ PowerSequence(IntegerRing()) |
        [ IntegerRing() | -1, 2, 2, 2, 2, 2, 2, 2, 2, 2, 2, 2, 2, 2, 2, 2, 2, 2,
        2, -1, -2, -2, 1, -2, -2, -1, -2, -2, -1, -2, -2, 1, -2, -2, -1, -2, -2,
        -1, -2, -2, 1, -2, -2, -1, -2, -2, -1, -2, -2, 1, -2, -2, -1, -2, -2, 
        -1, -2, -2, 1, -2, -2, -1, -2, -2, -1, -2, -2, 1, -2, -2, -1, -2, -2, 
        -1, -2, -2, 1, -2, -2, -1, -2, -2, -2, -2, -2, -2, -2, -2, -2, -2, -2, 
        -2, -2, -2, -2, -2, -2, -2, -2, -2, -2, -2, -2, -2, -2, -2, -2, -2, -2, 
        -2, -2, -2, -2, -2, -2, -2, -2, -2, -2, -2, -2, -2, -2, -2, -2, -2, -2, 
        -2, -2, -2, -2, -2, -2, -2, -2, -2, -2, -2, -1, -2, -2, 1, -2, -2, -1, 
        -1, -2, -2, 1, -2, -2, -1, -1, -2, -2, 1, -2, -2, -1, -1, -2, -2, 1, -2,
        -2, -1, -1, -2, -2, 1, -2, -2, 1, 1, -2, -2 ],
        [ IntegerRing() | -1, -2, -2, -2, -2, -2, -2, -2, -2, -2, -2, -2, -2, 
        -2, -2, -2, -2, -2, -2, -2, -2, -2, -2, -2, -2, -2, -2, -2, -2, -2, -2, 
        -2, -2, -2, -2, -2, -2, -2, -2, -2, -2, -2, -2, -2, -2, -2, -2, -2, -2, 
        -2, -2, -2, -2, -2, -2, -2, -2, -2, 1 ],
        [ IntegerRing() | -1, 2, 2, 2, 2, 2, 2, 2, 2, 2, 2, 2, 2, 2, 2, 2, 2, 2,
        2, -1, -2, -2, 1, -2, -2, -1, -2, -2, -1, -2, -2, 1, -2, -2, -1, -2, -2,
        -1, -2, -2, 1, -2, -2, -1, -2, -2, -1, -2, -2, 1, -2, -2, -1, -2, -2, 
        -1, -2, -2, 1, -2, -2, -1, -2, -2, -2, -2, -2, -2, -2, -2, -2, -2, -2, 
        -2, -2, -2, -2, -2, -2, -2, -2, -2, -2, -2, -2, -2, -2, -2, -2, -2, -2, 
        -2, -2, -2, -2, -2, -2, -2, -2, -2, -2, -2, -2, -2, -2, -2, -2, -2, -2, 
        -2, -2, -2, -2, -2, -2, -2, -2, -2, -2, -2, -2, -2, -2, -2, -2, -2, -2, 
        -2, -2, -2, -2, -2, -2, -2, -2, -2, -2, -2, -2, -2, -2, -2, -2, -2, -2, 
        -2, -2, -2, -2, -2, -2, -2, -2, -2, -2, -2, -2, -2, -2, -2, -2, -2, -1, 
        -2, -2, 1, -2, -2, -1, -2, -2, -1, -2, -2, 1, -2, -2, -1, -1, -2, -2, 1,
        -2, -2, -1, -1, -2, -2, 1, -2, -2, -1, -1, -2, -2, 1, -2, -2 ],
        [ IntegerRing() | -1, 2, 2, 2, 2, 2, 2, 2, 2, 2, 2, 2, 2, 2, 2, 2, 2, 2,
        2, -1, -2, -2, 1, -2, -2, -1, -2, -2, -1, -2, -2, 1, -2, -2, -1, -2, -2,
        -1, -2, -2, 1, -2, -2, -1, -2, -2, -1, -2, -2, 1, -2, -2, -1, -2, -2, 
        -1, -2, -2, 1, -2, -2, -1, -2, -2, -1, -2, -2, 1, -2, -2, -1, -2, -2, 
        -1, -2, -2, 1, -2, -2, -1, -2, -2, -1, -2, -2, 1, -2, -2, -1, -2, -2, 
        -1, -2, -2, 1, -2, -2, -1, -2, -2, -1, -2, -2, 1, -2, -2, -1, -2, -2, 
        -1, -2, -2, 1, -2, -2, -1, -2, -2, -1, -2, -2, 1, -2, -2, -1, -2, -2, 
        -1, -2, -2, 1, -2, -2, -1, -2, -2, -1, -2, -2, 1, -2, -2, -1, -2, -2, 
        -1, -2, -2, 1, -2, -2, -1, -2, -2, -1, -2, -2, 1, -2, -2, -1, -2, -2, 
        -1, -2, -2, 1, -2, -2, -1, -2, -2, -1, -2, -2, 1, -2, -2, -1, -2, -2, 
        -1, -2, -2, 1, -2, -2, -1, -2, -2, -2, -2, -2, -2, -2, -2, -2, -2, -2, 
        -2, -2, -2, -2, -2, -2, -2, -2, -2, -2, -2, -2, -2, -2, -2, -2, -2, -2, 
        -2, -2, -2, -2, -2, -2, -2, -2, -2, -2, -2, -2, -2, -2, -2, -2, -2, -2, 
        -2, -2, -2, -2, -2, -2, -2, -2, -2, -2, -2, -2, -2, -2, -2, -2, -2, -2, 
        -2, -2, -2, -2, -2, -2, -2, -2, -2, -2, -2, -2, -2, -2, -2, -2, -2, -2, 
        -2, -2, -2, -2, -2, -2, -2, -2, -2, -2, -2, -2, -2, -1, -2, -2, 1, -2, 
        -2, -1, -1, -2, -2, 1, -2, -2, -1, -1, -2, -2, 1, -2, -2, -1, -1, -2, 
        -2, 1, -2, -2, -1, -1, -2, -2, 1, -2, -2, 1, 1 ],
        [ IntegerRing() | -1, 2, 2, 2, 2, 2, 2, 2, 2, 2, 2, 2, 2, 2, 2, 2, 2, 2,
        2, -1, -2, -2, 1, -2, -2, -1, -2, -2, -1, -2, -2, 1, -2, -2, -1, -2, -2,
        -1, -2, -2, 1, -2, -2, -1, -2, -2, -1, -2, -2, 1, -2, -2, -1, -2, -2, 
        -1, -2, -2, 1, -2, -2, -1, -2, -2, -1, -2, -2, 1, -2, -2, -1, -2, -2, 
        -1, -2, -2, 1, -2, -2, -1, -2, -2, -1, -2, -2, 1, -2, -2, -1, -2, -2, 
        -1, -2, -2, 1, -2, -2, -1, -2, -2, -1, -2, -2, 1, -2, -2, -1, -2, -2, 
        -1, -2, -2, 1, -2, -2, -1, -2, -2, -1, -2, -2, 1, -2, -2, -1, -2, -2, 
        -1, -2, -2, 1, -2, -2, -1, -2, -2, -1, -2, -2, 1, -2, -2, -1, -2, -2, 
        -1, -2, -2, 1, -2, -2, -1, -2, -2, -1, -2, -2, 1, -2, -2, -1, -2, -2, 
        -2, -2, -2, -2, -2, -2, -2, -2, -2, -2, -2, -2, -2, -2, -2, -2, -2, -2, 
        -2, -2, -2, -2, -1, -2, -2, 1, -2, -2, -1, -2, -2, -2, -2, -2, -2, -1, 
        -2, -2, 1, -2, -2, -2, -2 ],
        [ IntegerRing() | -1, 2, 2, 2, 2, 2, 2, 2, 2, 2, 2, 2, 2, 2, 2, 2, 2, 2,
        2, -1, -2, -2, 1, -2, -2, -1, -2, -2, -1, -2, -2, 1, -2, -2, -1, -2, -2,
        -1, -2, -2, 1, -2, -2, -1, -2, -2, -1, -2, -2, 1, -2, -2, -1, -2, -2, 
        -1, -2, -2, 1, -2, -2, -1, -2, -2, -1, -2, -2, 1, -2, -2, -1, -2, -2, 
        -1, -2, -2, 1, -2, -2, -1, -2, -2, -1, -2, -2, 1, -2, -2, -1, -2, -2, 
        -1, -2, -2, 1, -2, -2, -1, -2, -2, -1, -2, -2, 1, -2, -2, -1, -2, -2, 
        -1, -2, -2, 1, -2, -2, -1, -2, -2, -1, -2, -2, 1, -2, -2, -1, -2, -2, 
        -1, -2, -2, 1, -2, -2, -1, -2, -2, -1, -2, -2, 1, -2, -2, -1, -2, -2, 
        -1, -2, -2, 1, -2, -2, -1, -2, -2, -1, -2, -2, 1, -2, -2, -1, -2, -2, 
        -1, -2, -2, 1, -2, -2, -1, -2, -2, -1, -2, -2, 1, -2, -2, -1, -2, -2, 
        -1, -2, -2, 1, -2, -2, -1, -2, -2, -1, -2, -2, 1, -2, -2, -1, -2, -2, 
        -1, -2, -2, 1, -2, -2, -1, -2, -2, -1, -2, -2, 1, -2, -2, -1, -2, -2, 
        -1, -2, -2, 1, -2, -2, -1, -2, -2, -1, -2, -2, 1, -2, -2, -1, -2, -2, 
        -1, -2, -2, 1, -2, -2, -1, -2, -2, -1, -2, -2, 1, -2, -2, -1, -2, -2, 
        -1, -2, -2, 1, -2, -2, -1, -2, -2, -1, -2, -2, 1, -2, -2, -1, -2, -2, 
        -1, -2, -2, 1, -2, -2, -1, -2, -2, -1, -2, -2, 1, -2, -2, -1, -2, -2, 
        -1, -2, -2, 1, -2, -2, -1, -2, -2, -1, -2, -2, 1, -2, -2, -1, -2, -2, 
        -1, -2, -2, 1, -2, -2, -1, -2, -2, -2, -2, -2, -2, -2, -2, -2, -2, -2, 
        -2, -2, -2, -2, -2, -2, -2, -2, -2, -1, -2, -2, 1, -2, -2, -1, -1, -2, 
        -2, 1, -2, -2, -1, -1, -2, -2, 1, -2, -2, -1, -1, -2, -2, 1, -2, -2, -1,
        -1, -2, -2, 1, -2, -2, -2, -2, -2, -2 ],
        [ IntegerRing() | -1, 2, 2, 2, 2, 2, 2, 2, 2, 2, 2, 2, 2, 2, 2, 2, 2, 2,
        2, -1, -2, -2, 1, -2, -2, -1, -2, -2, -1, -2, -2, 1, -2, -2, -1, -2, -2,
        -1, -2, -2, 1, -2, -2, -1, -2, -2, -1, -2, -2, 1, -2, -2, -1, -2, -2, 
        -1, -2, -2, 1, -2, -2, -1, -2, -2, -1, -2, -2, 1, -2, -2, -1, -2, -2, 
        -1, -2, -2, 1, -2, -2, -1, -2, -2, -1, -2, -2, 1, -2, -2, -1, -2, -2, 
        -1, -2, -2, 1, -2, -2, -1, -2, -2, -1, -2, -2, 1, -2, -2, -1, -2, -2, 
        -1, -2, -2, 1, -2, -2, -1, -2, -2, -1, -2, -2, 1, -2, -2, -1, -2, -2, 
        -1, -2, -2, 1, -2, -2, -1, -2, -2, -1, -2, -2, 1, -2, -2, -1, -2, -2, 
        -1, -2, -2, 1, -2, -2, -1, -2, -2, -1, -2, -2, 1, -2, -2, -1, -2, -2, 
        -1, -2, -2, 1, -2, -2, -1, -2, -2, -1, -2, -2, 1, -2, -2, -1, -2, -2, 
        -1, -2, -2, 1, -2, -2, -1, -2, -2, -1, -2, -2, 1, -2, -2, -1, -2, -2, 
        -1, -2, -2, 1, -2, -2, -1, -2, -2, -1, -2, -2, 1, -2, -2, -1, -2, -2, 
        -1, -2, -2, 1, -2, -2, -1, -2, -2, -1, -2, -2, 1, -2, -2, -1, -2, -2, 
        -1, -2, -2, 1, -2, -2, -1, -2, -2, -1, -2, -2, 1, -2, -2, -1, -2, -2, 
        -1, -2, -2, 1, -2, -2, -1, -2, -2, -1, -2, -2, 1, -2, -2, -1, -2, -2, 
        -1, -2, -2, 1, -2, -2, -1, -2, -2, -1, -2, -2, 1, -2, -2, -1, -2, -2, 
        -1, -2, -2, 1, -2, -2, -1, -2, -2, -2, -2, -2, -2, -2, -2, -2, -2, -2, 
        -2, -2, -2, -2, -2, -2, -2, -2, -2, -1, -2, -2, 1, -2, -2, -1, -1, -2, 
        -2, 1, -2, -2, -1, -1, -2, -2, 1, -2, -2, -1, -1, -2, -2, 1, -2, -2, -2,
        -2, 1 ],
        [ IntegerRing() | -1, 2, 2, 2, 2, 2, 2, 2, 2, 2, 2, 2, 2, 2, 2, 2, 2, 2,
        2, -1, -2, -2, 1, -2, -2, -1, -2, -2, -1, -2, -2, 1, -2, -2, -1, -2, -2,
        -1, -2, -2, 1, -2, -2, -1, -2, -2, -2, -2, -2, -2, -2, -2, -2, -2, -2, 
        -2, -2, -2, -2, -2, -2, -2, -2, -2, -2, -2, -2, -2, -2, -2, -2, -2, -2, 
        -2, -2, -2, -2, -2, -2, -2, -2, -2, -2, -2, -2, -2, -2, -2, -2, -2, -2, 
        -2, -2, -2, -2, -2, -2, -2, -2, -2, -2, -2, -2, -2, -2, -2, -2, -2, -1, 
        -2, -2, 1, -2, -2, -1, -2, -2, -2, -2, -2, -2, 1 ]
    ], level := 114, genus := 14, index := 180, contains_minus_one := true, 
    subgroups := [], supergroups := [ IntegerRing() | 3, 803, 1108 ], name := 
    "114B14", label := "B", order := 5472, GLZConj := 2, matgens := [ 
        PowerSequence(IntegerRing(114)) |
        [ IntegerRing(114) | 1, 0, 57, 1 ],
        [ IntegerRing(114) | 19, 48, 36, 97 ],
        [ IntegerRing(114) | 37, 28, 18, 103 ],
        [ IntegerRing(114) | 37, 38, 38, 113 ],
        [ IntegerRing(114) | 77, 0, 0, 77 ],
        [ IntegerRing(114) | 77, 38, 38, 1 ],
        [ IntegerRing(114) | 77, 76, 76, 1 ],
        [ IntegerRing(114) | 97, 90, 66, 73 ]
    ], cusps := [ IntegerRing() | 3, 6, 57, 114 ], c2 := [ IntegerRing() | 2, 2,
    2, 2, 2, 2, 2, 2, 2, 2, 2, 2, 2, 2, 2, 2, 2, 2, 2, 2, 2, 2, 2, 2, 2, 2, 2, 
    2, 2, 2, 2, 2, 2, 2, 2, 2, 2, 2, 2, 2, 2, 2, 2, 2, 2, 2, 2, 2, 2, 2, 2, 2, 
    2, 2, 2, 2, 2, 2, 2, 2, 2, 2, 2, 2, 2, 2, 2, 2, 2, 2, 2, 2, 2, 2, 2, 2, 2, 
    2, 2, 2, 2, 2, 2, 2, 2, 2, 2, 2, 2, 2 ], c3 := [ IntegerRing() | 3, 3, 3, 3,
    3, 3, 3, 3, 3, 3, 3, 3, 3, 3, 3, 3, 3, 3, 3, 3, 3, 3, 3, 3, 3, 3, 3, 3, 3, 
    3, 3, 3, 3, 3, 3, 3, 3, 3, 3, 3, 3, 3, 3, 3, 3, 3, 3, 3, 3, 3, 3, 3, 3, 3, 
    3, 3, 3, 3, 3, 3 ], gc := [ IntegerRing() | 2, 2, 2, 2, 2, 2, 36, 36, 36 ], 
    special_name := [], special_name_html := [], direct_subgroups := [], 
    direct_supergroups := [ IntegerRing() | 803, 1108 ], length := 60, treename 
    := [ PowerSequence(IntegerRing()) |
        [ IntegerRing() | 342, 3, 4, 5 ],
        [ IntegerRing() | 342, 3, 8, 4 ],
        [ IntegerRing() | 342, 3, 8, 5 ],
        [ IntegerRing() | 456, 3, 4, 5 ],
        [ IntegerRing() | 456, 3, 8, 3 ],
        [ IntegerRing() | 456, 3, 8, 4 ],
        [ IntegerRing() | 570, 3, 6, 7 ],
        [ IntegerRing() | 570, 3, 10, 7 ],
        [ IntegerRing() | 570, 3, 10, 8 ]
    ], treesupergroups := [ PowerSequence(IntegerRing()) |
        [ IntegerRing() | 342, 3, 4 ],
        [ IntegerRing() | 342, 3, 8 ],
        [ IntegerRing() | 342, 3, 8 ],
        [ IntegerRing() | 300, 7 ],
        [ IntegerRing() | 456, 3, 4 ],
        [ IntegerRing() | 456, 3, 8 ],
        [ IntegerRing() | 456, 3, 8 ],
        [ IntegerRing() | 570, 3, 6 ],
        [ IntegerRing() | 570, 3, 10 ],
        [ IntegerRing() | 570, 3, 10 ]
    ]>,
    rec<recformat<generators: SeqEnum, level: IntegerRing(), genus: 
    IntegerRing(), index: IntegerRing(), contains_minus_one: BoolElt, subgroups:
    SeqEnum, supergroups: SeqEnum, name: MonStgElt, label: MonStgElt, order: 
    IntegerRing(), GLZConj: IntegerRing(), matgens: SeqEnum, cusps: SeqEnum, c2:
    SeqEnum, c3: SeqEnum, gc: SeqEnum, projections: SeqEnum, special_name: 
    SeqEnum, special_name_html: SeqEnum, direct_subgroups: SeqEnum, 
    direct_supergroups: SeqEnum, length: IntegerRing(), treename: SeqEnum, 
    treesupergroups: SeqEnum> | generators := [ PowerSequence(IntegerRing()) |
        [ IntegerRing() | -1, 2, 2, 2, 2, 2, 2, 2, 2, 2, 2, 2, 2, 2, 2, 2, 2, 2,
        2, 2, 2, 2, 2, 2, 2, 2, 2, 2, 2, 2, 2, 2, 2, 2, 2, 2, 2, 2, 2, 2, 2, 2, 
        2, 2, 2, 2, 2, 2, 2, 2, 2, 2, 2, 2, 2, 2, 2, 2, 2, 2, 2, 2, 2, 2, 2, 2, 
        2, 2, 2, 2, 2, 2, 2, 2, 2, 2, 2, 2, 2, 2, 2, 2, 2, 2, 2, 2, 2, 2, 2, 2, 
        2, 2, 2, 2, 2, 2, 2, 1, 2, 2, 2, 2, 2, 2, 2, 2, 2, 2, 2, 2, 2, 2, 2, 2, 
        2, 2, 2, 2, 2, 2, 2, 2, 2, 2, 2, 2, 2, 2, 2, 2, 2, 2, 2, 2, 2, 2, 2, 2, 
        2, 2, 2, 2, 2, 2, 2, 2, 2, 2, 2, 2, 2, 2, 2, 2, 2, 2, 2, 2, 2, 2, 2, 2, 
        2, 2, 2, 2, 2, 2, 2, 2, 2, 2, 2, 2, -1, 2, 2, 1, 2, 2, 2, 2, 2, 2, 2, 2,
        2, 2, 2, 2, -1, 2, 2, 2, 2, 2, 2, 1, 2, 2, 2, 2 ],
        [ IntegerRing() | -1, 2, 2, 2, 2, 2, 2, 2, 2, 2, 2, 2, 2, 2, 2, 2, 2, 2,
        2, 2, 2, 2, 2, 2, 2, 2, 2, 2, 2, 2, 2, 2, 2, 2, 2, 2, 2, 2, 2, 2, 2, 2, 
        2, 2, 2, 2, 2, 2, 2, 2, 2, 2, 2, 2, 2, 2, 2, 2, 2, 2, 2, 2, 2, 2, 2, 2, 
        2, 2, 2, 2, 2, 2, 2, 2, 2, 2, 2, 2, 2, 2, 2, 2, 2, 2, 2, 2, 2, 2, 2, 2, 
        2, 2, 2, 2, 2, 2, 2, 2, 2, 2, 2, 2, 2, 2, 2, 2, 2, 1, 2, 2, 2, 2, 2, 2, 
        2, 2, 2, 2, 2, 2, 2, 2, 2, 2, 2, 2, 2, 2, 2, 2, 2, 2, 2, 2, 2, 2, 2, 2, 
        2, 2, 2, 2, 2, 2, 2, 2, 2, 2, 2, 2, 2, 2, 2, 2, 2, 2, 2, 2, 2, 2, 2, 2, 
        2, 2, 2, 2, 2, 2, 2, 2, 2, 2, -1, 2, 2, 2, 2, 1, 2, 2, 2, 2, -1, 2, 2, 
        1, 2, 2, 2, 2 ],
        [ IntegerRing() | -1, 2, 2, 2, 2, 2, 2, 2, 2, 2, 2, 2, 2, 2, 2, 2, 2, 2,
        2, 2, 2, 2, 2, 2, 2, 2, 2, 2, 2, 2, 2, 2, 2, 2, 2, 2, 2, 2, 2, 2, 2, 2, 
        2, 2, 2, 2, 2, 2, 2, 2, 2, 2, 2, 2, 2, 2, 2, 2, 2, 1 ],
        [ IntegerRing() | -1, 2, 2, 2, 2, 2, 2, 2, 2, 2, 2, 2, 2, 2, 2, 2, 2, 2,
        2, 2, 2, 2, 2, 2, 2, 2, 2, 2, 2, 2, 2, 2, 2, 2, 2, 2, 2, 2, 2, 2, 2, 2, 
        2, 2, 2, 2, 2, 2, 2, 2, 2, 2, 2, 2, 2, 2, 2, 2, 2, 2, 2, 2, 2, 2, 2, 2, 
        2, 2, 2, 2, 2, 2, 2, 2, 2, 1, 2, 2, 2, 2, -1, 2, 2, 1, -2, -2 ],
        [ IntegerRing() | -1, 2, 2, 2, 2, 2, 2, 2, 2, 2, 2, 2, 2, 2, 2, 2, 2, 2,
        2, 2, 2, 2, 2, 2, 2, 2, 2, 2, 2, 2, 2, 2, 2, 2, 2, 2, 2, 2, 2, 2, 2, 2, 
        2, 2, 2, 2, 2, 2, 2, 2, 2, 2, 2, 2, 2, 2, 2, 2, 2, 2, 2, 2, 2, 2, 2, 2, 
        2, 1, 2, 2, 2, 2, 2, 2, 2, 2, 2, 2, 2, 2, 2, 2, 2, 2, 2, 2, 2, 2, 2, 2, 
        2, 2, 2, 2, 2, 2, 2, 2, 2, 2, 2, 2, 2, 2, 2, 2, 2, 2, 2, 2, 2, 2, 2, 2, 
        2, 2, 2, 2, 2, 2, 2, 2, 2, 2, 2, 2, 2, 2, 2, 2, 2, 2, 2, 2, 2, 2, -1, 2,
        2, 2, 2, 2, 2, 1 ],
        [ IntegerRing() | -1, 2, 2, 2, 2, 2, 2, 2, 2, 2, 2, 2, 2, 2, 2, 2, 2, 2,
        2, 2, 2, 2, 2, 2, 2, 2, 2, 2, 2, 2, 2, 2, 2, 2, 2, 2, 2, 2, 2, 1, 2, 2, 
        2, 2, 2, 2, 2, 2, 2, 2, 2, 2, 2, 2, 2, 2, 2, 2, 2, 2, 2, 2, 2, 2, 2, 2, 
        2, 2, 2, 2, 2, 2, 2, 2, 2, 2, 2, 2, 2, 2, 2, 2, 2, 2, 2, 2, 2, 2, 2, 2, 
        2, 2, 2, 2, 2, 2, 2, 2, 2, 2, 2, 2, 2, 2, 2, 2, 2, 2, 2, 2, 2, 2, 2, 2, 
        2, 2, -1, 2, 2, 1, 2, 2, 2, 2, 2, 2, 2, 2, 2, 2, 2, 2, -1, 2, 2, 2, 2, 
        2, 2, 1, 2, 2, 2, 2, 1, 1 ],
        [ IntegerRing() | -1, 2, 2, 1, 2, 2, 2, 2, 2, 2, 2, 2, 2, 2, 2, 2, 2, 2,
        2, 2, 2, 2, 2, 2, 2, 2, 2, 2, 2, 2, 2, 2, 2, 2, 2, 2, 2, 2, 2, 2, 2, 2, 
        2, 2, 2, 2, 2, 2, 2, 2, 2, 2, 2, 2, 2, 2, 2, 2, 2, 2, 2, 2, 2, 2, 2, 2, 
        2, 2, 2, 2, 2, 2, 2, 2, 2, 2, 2, 2, 2, 2, 2, 2, 2, 2, 2, 2, 2, 2, 2, 2, 
        2, 2, 2, 2, 2, 2, -1, 2, 2, 1, 2, 2, 2, 2, -1, 2, 2, 2, 2, 1, -2, -2, 1,
        2, 1 ]
    ], level := 116, genus := 14, index := 180, contains_minus_one := true, 
    subgroups := [], supergroups := [ IntegerRing() | 3, 1262 ], name := 
    "116A14", label := "A", order := 6496, GLZConj := 1, matgens := [ 
        PowerSequence(IntegerRing(116)) |
        [ IntegerRing(116) | 1, 0, 58, 1 ],
        [ IntegerRing(116) | 1, 58, 29, 59 ],
        [ IntegerRing(116) | 33, 104, 8, 85 ],
        [ IntegerRing(116) | 57, 0, 0, 57 ],
        [ IntegerRing(116) | 57, 68, 60, 37 ],
        [ IntegerRing(116) | 59, 0, 58, 59 ],
        [ IntegerRing(116) | 109, 18, 52, 65 ]
    ], cusps := [ IntegerRing() | 2, 4, 58, 116 ], c2 := [ IntegerRing() | 2, 2,
    2, 2, 2, 2, 2, 2, 2, 2, 2, 2, 2, 2, 2, 2, 2, 2, 2, 2, 2, 2, 2, 2, 2, 2, 2, 
    2, 2, 2, 2, 2, 2, 2, 2, 2, 2, 2, 2, 2, 2, 2, 2, 2, 2, 2, 2, 2, 2, 2, 2, 2, 
    2, 2, 2, 2, 2, 2, 2, 2, 2, 2, 2, 2, 2, 2, 2, 2, 2, 2, 2, 2, 2, 2, 2, 2, 2, 
    2, 2, 2, 2, 2, 2, 2, 2, 2, 2, 2, 2, 2 ], c3 := [ IntegerRing() | 3, 3, 3, 3,
    3, 3, 3, 3, 3, 3, 3, 3, 3, 3, 3, 3, 3, 3, 3, 3, 3, 3, 3, 3, 3, 3, 3, 3, 3, 
    3, 3, 3, 3, 3, 3, 3, 3, 3, 3, 3, 3, 3, 3, 3, 3, 3, 3, 3, 3, 3, 3, 3, 3, 3, 
    3, 3, 3, 3, 3, 3 ], gc := [ IntegerRing() | 1, 1, 1, 1, 1, 1, 28, 28, 28 ], 
    special_name := [], special_name_html := [], direct_subgroups := [], 
    direct_supergroups := [ IntegerRing() | 1262 ], length := 90, treename := [ 
        PowerSequence(IntegerRing()) |
        [ IntegerRing() | 348, 3, 6, 10 ],
        [ IntegerRing() | 464, 3, 4, 8 ],
        [ IntegerRing() | 580, 3, 7, 12 ]
    ], treesupergroups := [ PowerSequence(IntegerRing()) |
        [ IntegerRing() | 348, 3, 6 ],
        [ IntegerRing() | 300, 7 ],
        [ IntegerRing() | 464, 3, 4 ],
        [ IntegerRing() | 580, 3, 7 ]
    ]>,
    rec<recformat<generators: SeqEnum, level: IntegerRing(), genus: 
    IntegerRing(), index: IntegerRing(), contains_minus_one: BoolElt, subgroups:
    SeqEnum, supergroups: SeqEnum, name: MonStgElt, label: MonStgElt, order: 
    IntegerRing(), GLZConj: IntegerRing(), matgens: SeqEnum, cusps: SeqEnum, c2:
    SeqEnum, c3: SeqEnum, gc: SeqEnum, projections: SeqEnum, special_name: 
    SeqEnum, special_name_html: SeqEnum, direct_subgroups: SeqEnum, 
    direct_supergroups: SeqEnum, length: IntegerRing(), treename: SeqEnum, 
    treesupergroups: SeqEnum> | generators := [ PowerSequence(IntegerRing()) |
        [ IntegerRing() | -1, -1, -2, -2, -2, -2, -2, -2, -2, -2, -2, -2, -2, 
        -2, -2, -2, -2, -2, -2, -2, -2, -2, -2, -2, -2, -2, -2, -2, -2, -2, -2, 
        -2, -2, -2, -2, -2, -2, -2, -2, -2, -2, -2, -2, -2, -2, -2, -2, -2, -2, 
        -2, -2, -2, -2, -2, -2, -2, -2, -2, -2, -2, 1, 2, 2, -1, -1, 2, 2, 2, 2,
        2, 2, 2, 2, 2, 2, 2, 2, 2, 2, 2, 2, 2, 2, 2, 2, 2, 2, 2, 2, 2, 2, 2, 2, 
        2, 2, 2, 2, 2, 2, 2, 2, 2, 2, 2, 2, 2, 2, 2, 2, 2, 2, 2, 2, 2, 2, 2, 2, 
        2, 2, 2, 2, 2, 2, 1, 2, 2, 2, 2, 2, 2, 2, 2, 2, 2, 2, 2, 2, 2, 2, 2, 2, 
        2, 2, 2, 2, 2, 2, 2, 2, 2, 2, 2, 2, 2, 2, 2, 2, 2, 2, 2, 2, 2, 2, 2, 1, 
        -2, -2, -2, -2, -2, -2, -2, -2, -2, -2, 1, -2, -2, -2, -2, -2, -2, -2, 
        -2, -2, -2, -2, -2 ],
        [ IntegerRing() | -1, -2, -2, -2, -2, -2, -2, -2, -2, -2, -2, -2, -2, 
        -2, -2, -2, -2, -2, -2, -2, -2, -2, -2, -2, -2, -2, -2, -2, -2, -2, -2, 
        -2, -2, -2, -2, -2, -2, -2, -2, -2, -2, -2, -2, -2, -2, -2, -2, -2, -2, 
        -2, -2, -2, -2, -2, -2, -2, -2, -2, -2, -2, 1 ],
        [ IntegerRing() | 1, 1 ],
        [ IntegerRing() | -1, -2, -2, -2, -2, -2, -2, 1, 1, 1, -2, -2, -2, -2, 
        1, -2, -2, 1, -2, -2, -2, -2, -2, -2, 1, -2, -2, 1, -2, -2, 1, -2, -2, 
        1, -2, -2 ]
    ], level := 118, genus := 14, index := 180, contains_minus_one := true, 
    subgroups := [], supergroups := [ IntegerRing() | 3, 1111 ], name := 
    "118A14", label := "A", order := 6844, GLZConj := 1, matgens := [ 
        PowerSequence(IntegerRing(118)) |
        [ IntegerRing(118) | 1, 0, 59, 1 ],
        [ IntegerRing(118) | 69, 58, 22, 51 ],
        [ IntegerRing(118) | 105, 44, 78, 99 ],
        [ IntegerRing(118) | 117, 0, 0, 117 ]
    ], cusps := [ IntegerRing() | 1, 2, 59, 118 ], c2 := [ IntegerRing() | 2, 2,
    2, 2, 2, 2, 2, 2, 2, 2, 2, 2, 2, 2, 2, 2, 2, 2, 2, 2, 2, 2, 2, 2, 2, 2, 2, 
    2, 2, 2, 2, 2, 2, 2, 2, 2, 2, 2, 2, 2, 2, 2, 2, 2, 2, 2, 2, 2, 2, 2, 2, 2, 
    2, 2, 2, 2, 2, 2, 2, 2, 2, 2, 2, 2, 2, 2, 2, 2, 2, 2, 2, 2, 2, 2, 2, 2, 2, 
    2, 2, 2, 2, 2, 2, 2, 2, 2, 2, 2, 2, 2 ], c3 := [ IntegerRing() | 3, 3, 3, 3,
    3, 3, 3, 3, 3, 3, 3, 3, 3, 3, 3, 3, 3, 3, 3, 3, 3, 3, 3, 3, 3, 3, 3, 3, 3, 
    3, 3, 3, 3, 3, 3, 3, 3, 3, 3, 3, 3, 3, 3, 3, 3, 3, 3, 3, 3, 3, 3, 3, 3, 3, 
    3, 3, 3, 3, 3, 3 ], gc := [ IntegerRing() | 1, 1, 1, 1, 1, 1, 58, 58, 58 ], 
    special_name := [ Strings() | "\overline\Gamma_0(118)" ], special_name_html 
    := [ Strings() | "&Gamma;<sub>0</sub>(118)" ], direct_subgroups := [], 
    direct_supergroups := [ IntegerRing() | 3, 1111 ], length := 180, treename 
    := [ PowerSequence(IntegerRing()) |
        [ IntegerRing() | 354, 2, 5 ],
        [ IntegerRing() | 472, 2, 4 ],
        [ IntegerRing() | 590, 2, 6 ]
    ], treesupergroups := [ PowerSequence(IntegerRing()) |
        [ IntegerRing() | 354, 2 ],
        [ IntegerRing() | 300, 7 ],
        [ IntegerRing() | 472, 2 ],
        [ IntegerRing() | 590, 2 ]
    ]>
]
;

