// list of all congruence groups with genus  10
// with  64 <= level < 72
//
// by c cummins and s pauli
// load "csg10-lev56.dat";
import "csg10-lev56.dat" : L10_56;
L10_64 := L10_56 cat 
[ PowerStructure(Rec) |
    rec<recformat<generators: SeqEnum, level: IntegerRing(), genus: 
    IntegerRing(), index: IntegerRing(), contains_minus_one: BoolElt, subgroups:
    SeqEnum, supergroups: SeqEnum, name: MonStgElt, label: MonStgElt, order: 
    IntegerRing(), GLZConj: IntegerRing(), matgens: SeqEnum, cusps: SeqEnum, c2:
    SeqEnum, c3: SeqEnum, gc: SeqEnum, projections: SeqEnum, special_name: 
    SeqEnum, special_name_html: SeqEnum, direct_subgroups: SeqEnum, 
    direct_supergroups: SeqEnum, length: IntegerRing(), treename: SeqEnum, 
    treesupergroups: SeqEnum> | generators := [ PowerSequence(IntegerRing()) |
        [ IntegerRing() | -1, 2, 2, 2, 2, 2, 2, 2, 2, 2, 2, -1, -2, -2, 1, -2, 
        -2, -1, -2, -2, -1, -2, -2, 1, -2, -2, -1, -2, -2, -1, -2, -2, 1, -2, 
        -2, -1, -2, -2, -1, -2, -2, 1, -2, -2, -1, -2, -2, -1, -2, -2, 1, -2, 
        -2, -1, -2, -2, -1, -2, -2, 1, -2, -2, -1, -2, -2, -1, -2, -2, 1, -2, 
        -2, -1, -2, -2, -1, -2, -2, 1, -2, -2, -1, -2, -2, -1, -2, -2, 1, -2, 
        -2, -1, -2, -2, -1, -2, -2, 1, -2, -2, -1, -2, -2, -1, -2, -2, 1, -2, 
        -2, -1, -2, -2, -2, -2, -2, -2, -2, -2, -2, -2, -2, -2, 1 ],
        [ IntegerRing() | -1, 2, 2, 2, 2, 2, 2, 2, 2, 2, 2, -1, -2, -2, 1, -2, 
        -2, -1, -2, -2, -2, -2, -2, -2, -2, -2, -2, -2, -2, -2, -2, -2, -2, -2, 
        -2, -2, -2, -2, -2, -2, -2, -2, -2, -2, -2, -2, -2, -2, -2, -2, -2, -2, 
        -2, -2, -2, -2, -2, -2, -2, -2, -2, -2, -2, -2, -2, -2, -2, -2, -2, -2, 
        -2, -2, -2, -2, -2, -2, -2, -2, -1, -2, -2, 1, -2, -2, -1, -2, -2, -2, 
        -2, 1, 1, 1 ],
        [ IntegerRing() | -1, 2, 2, 2, 2, 2, 2, 2, 2, 2, 2, -1, -2, -2, 1, -2, 
        -2, -1, -2, -2, -1, -2, -2, 1, -2, -2, -1, -2, -2, -1, -2, -2, 1, -2, 
        -2, -1, -2, -2, -1, -2, -2, 1, -2, -2, -1, -2, -2, -1, -2, -2, 1, -2, 
        -2, -1, -2, -2, -1, -2, -2, 1, -2, -2, -1, -2, -2, -1, -2, -2, 1, -2, 
        -2, -1, -2, -2, -1, -2, -2, 1, -2, -2, -1, -2, -2, -1, -2, -2, 1, -2, 
        -2, -1, -2, -2, -1, -2, -2, 1, -2, -2, -1, -2, -2, -1, -2, -2, 1, -2, 
        -2, -1, -2, -2, -1, -2, -2, 1, -2, -2, -1, -2, -2, -2, -2, -2, -2, -2, 
        -2, -2, -2, -2, -2, -2, -2, -2, -2, -2, -2, -2, -2, -2, -2, -2, -2, -2, 
        -2, -2, -2, -2, -2, -2, -2, -2, -2, -2, -2, -2, -2, -2, -2, -2, -2, -2, 
        -2, -2, -2, -2, -2, -2, -2, -2, -2, -2, -2, -2, -2, -2, -2, -2, -2, -2, 
        -2, -2, -2, -2, -2, -1, -2, -2, 1, -2, -2, -1, -2, -2, -1, -2, -2, 1, 
        -2, -2, -1, -1, -2, -2, 1, -2, -2, -1, -1, -2, -2, 1, -2, -2, 1, 1 ],
        [ IntegerRing() | -1, 2, 2, 2, 2, 2, 2, 2, 2, 2, 2, -1, -2, -2, 1, -2, 
        -2, -1, -2, -2, -2, -2, -2, -2, -2, -2, -2, -2, -2, -2, -2, -2, -2, -2, 
        -1, -2, -2, 1, -2, -2, -1, -2, -2, -2, -2, 1 ],
        [ IntegerRing() | -1, -2, -2, -2, -2, -2, -2, -2, -2, -2, -2, -2, -2, 
        -2, -2, -2, -2, -2, -2, -2, -2, -2, -2, 1 ],
        [ IntegerRing() | -1, -2, -2, -2, -2, -2, -2, -2, -2, -2, -2, -2, -2, 
        -2, -2, -2, -2, -2, -2, -2, -2, -2, -2, -2, -2, -2, -2, -2, -2, -2, -2, 
        -2, -2, -2, -2, -2, -2, -2, -2, -2, -2, -2, -2, -2, -2, 1 ],
        [ IntegerRing() | -1, 2, 2, 2, 2, 2, 2, 2, 2, 2, 2, -1, -2, -2, 1, -2, 
        -2, -1, -2, -2, -1, -2, -2, 1, -2, -2, -1, -2, -2, -1, -2, -2, 1, -2, 
        -2, -1, -2, -2, -1, -2, -2, 1, -2, -2, -1, -2, -2, -1, -2, -2, 1, -2, 
        -2, -1, -2, -2, -1, -2, -2, 1, -2, -2, -1, -2, -2, -1, -2, -2, 1, -2, 
        -2, -1, -2, -2, -1, -2, -2, 1, -2, -2, -1, -2, -2, -1, -2, -2, 1, -2, 
        -2, -1, -2, -2, -1, -2, -2, 1, -2, -2, -1, -2, -2, -1, -2, -2, 1, -2, 
        -2, -1, -2, -2, -2, -2, -2, -2, -2, -2, -2, -2, -2, -2, -2, -2, -1, -2, 
        -2, 1, -2, -2, -1, -1, -2, -2, 1, -2, -2, -1, -2, -2, -2, -2, -2, -2, 
        -2, -2, 1 ]
    ], level := 66, genus := 10, index := 132, contains_minus_one := true, 
    subgroups := [ IntegerRing() | 6176, 6265, 6925 ], supergroups := [ 
    IntegerRing() | 3, 6, 29, 359, 595 ], name := "66A10", label := "A", order 
    := 1440, GLZConj := 2, matgens := [ PowerSequence(IntegerRing(66)) |
        [ IntegerRing(66) | 1, 0, 22, 1 ],
        [ IntegerRing(66) | 1, 0, 44, 1 ],
        [ IntegerRing(66) | 10, 21, 39, 16 ],
        [ IntegerRing(66) | 23, 0, 22, 23 ],
        [ IntegerRing(66) | 34, 33, 33, 34 ],
        [ IntegerRing(66) | 35, 24, 36, 53 ],
        [ IntegerRing(66) | 43, 0, 0, 43 ]
    ], cusps := [ IntegerRing() | 11, 22, 33, 66 ], c2 := [ IntegerRing() | 2, 
    2, 2, 2, 2, 2, 2, 2, 2, 2, 2, 2, 2, 2, 2, 2, 2, 2, 2, 2, 2, 2, 2, 2, 2, 2, 
    2, 2, 2, 2, 2, 2, 2, 2, 2, 2, 2, 2, 2, 2, 2, 2, 2, 2, 2, 2, 2, 2, 2, 2, 2, 
    2, 2, 2, 2, 2, 2, 2, 2, 2, 2, 2, 2, 2, 2, 2 ], c3 := [ IntegerRing() | 3, 3,
    3, 3, 3, 3, 3, 3, 3, 3, 3, 3, 3, 3, 3, 3, 3, 3, 3, 3, 3, 3, 3, 3, 3, 3, 3, 
    3, 3, 3, 3, 3, 3, 3, 3, 3, 3, 3, 3, 3, 3, 3, 3, 3 ], gc := [ IntegerRing() |
    2, 2, 2, 2, 2, 2, 4, 4, 4, 10, 10, 10, 10, 10, 10, 10, 10, 10, 10, 10, 10, 
    20, 20, 20, 20, 20, 20 ], special_name := [], special_name_html := [], 
    direct_subgroups := [ IntegerRing() | 6176, 6265, 6925 ], direct_supergroups
    := [ IntegerRing() | 29, 359, 595 ], length := 132, treename := [ 
        PowerSequence(IntegerRing()) |
        [ IntegerRing() | 330, 3, 7, 10 ],
        [ IntegerRing() | 330, 3, 11, 7 ],
        [ IntegerRing() | 396, 3, 4, 9 ],
        [ IntegerRing() | 396, 3, 8, 4 ],
        [ IntegerRing() | 462, 3, 4, 8 ],
        [ IntegerRing() | 462, 3, 9, 4 ],
        [ IntegerRing() | 528, 3, 4, 6 ],
        [ IntegerRing() | 528, 3, 7, 3 ]
    ], treesupergroups := [ PowerSequence(IntegerRing()) |
        [ IntegerRing() | 330, 3, 7 ],
        [ IntegerRing() | 330, 3, 11 ],
        [ IntegerRing() | 300, 4, 6 ],
        [ IntegerRing() | 300, 7 ],
        [ IntegerRing() | 300, 4 ],
        [ IntegerRing() | 396, 3, 4 ],
        [ IntegerRing() | 396, 3, 8 ],
        [ IntegerRing() | 462, 3, 4 ],
        [ IntegerRing() | 462, 3, 9 ],
        [ IntegerRing() | 528, 3, 4 ],
        [ IntegerRing() | 528, 3, 7 ]
    ]>,
    rec<recformat<generators: SeqEnum, level: IntegerRing(), genus: 
    IntegerRing(), index: IntegerRing(), contains_minus_one: BoolElt, subgroups:
    SeqEnum, supergroups: SeqEnum, name: MonStgElt, label: MonStgElt, order: 
    IntegerRing(), GLZConj: IntegerRing(), matgens: SeqEnum, cusps: SeqEnum, c2:
    SeqEnum, c3: SeqEnum, gc: SeqEnum, projections: SeqEnum, special_name: 
    SeqEnum, special_name_html: SeqEnum, direct_subgroups: SeqEnum, 
    direct_supergroups: SeqEnum, length: IntegerRing(), treename: SeqEnum, 
    treesupergroups: SeqEnum> | generators := [ PowerSequence(IntegerRing()) |
        [ IntegerRing() | 1, 2, 2, 2, 2, 2, 2, 2, 2, 2, 2, -1, 2, 2, 2, 2, 2, 2,
        -1, -2, -2, -2, -2, 1, -2, -2, -2, -2, -2, -2, -2, -2, -2, -2, -2, -2, 
        -2, -2, -2, -2, -2, -2, -1, 2, 2, 2, 2, 2, 2, -1, -2, -2, -2, -2, 1, 1 
        ],
        [ IntegerRing() | 1, 2, 2, 2, 2, 2, 2, 2, 2, 2, 2, 2, 2, 2, 2, 2, 2, 2, 
        2, 2, 2, 2, 2, 2, 2, 2, 2, 2, 2, 2, 2, 2, 2, 2, 2, -1, 2, 2, 2, 2, 2, 2,
        -1, -2, -2, -2, -2, 1, 2, 2, 2, 2, 2, 2, 2, 2, -1, 2, 2, 2, 2, 2, 2, -1,
        -2, -2, -2, -2 ],
        [ IntegerRing() | 1, 2, 2, 2, 2, 2, 2, 2, 2, 2, 2, -1, 2, 2, 2, 2, 2, 2,
        -1, -2, -2, -2, -2, 1, -2, -2, -2, -2, -2, -2, -2, -2, -2, -2, -2, -2, 
        -2, -2, -1, 2, 2, 2, 2, 2, 2, -1, -2, -2, -2, -2, 1, -2, -2, -2, -2, -2,
        -2, -2, -2, -2, -2, -2, -2, -2, -2, -1, 2, 2, 2, 2, 2, 2, -1, -2, -2, 
        -2, -2, 1, -2, -2, -2, -2, -2, -2, -2, -2, -2, -2, -2, -2, -2, -2, -1, 
        2, 2, 2, 2, 2, 2, -1, -2, -2, -2, -2, 1, -2, -2, -2, -2, -2, -2, -2, -2,
        -2, -2, -2, -2, -2, -2, -1, 2, 2, 2, 2, 2, 2, -1, -2, -2, -2, -2, 1, -2,
        -2, -2, -2, -2, -2, -2, -2, -2, -2, -2, -2, -2, -2, -1, 2, 2, 2, 2, 2, 
        2, -1, -2, -2, -2, -2, 1, -2, -2, -2, -2, -2, -2, -2, -2, -2, -2, -2, 
        -2, -2, -2, -1, 2, 2, 2, 2, 2, 2, -1, -2, -2, -2, -2, 1, 2, 2, 2, 2, 2, 
        2, 2, 2, 2, 2, 1, 1, 2, 1 ],
        [ IntegerRing() | 1, 2, 2, 2, 2, 2, 2, 2, 2, 2, 2, -1, 2, 2, 2, 2, 2, 2,
        -1, -2, -2, -2, -2, 1, -2, -2, -2, -2, -2, -2, -2, -2, -2, -2, -2, -2, 
        -2, -2, -1, 2, 2, 2, 2, 2, 2, -1, -2, -2, -2, -2, 1, -2, -2, -2, -2, -2,
        -2, -2, -2, -2, -2, -2, -2, -2, -2, -1, 2, 2, 2, 2, 2, 2, -1, -2, -2, 
        -2, -2, 1, -2, -2, -2, -2, -2, -2, -2, -2, -2, -2, -2, -2, -2, -2, -1, 
        2, 2, 2, 2, 2, 2, -1, -2, -2, -2, -2, 1, -2, -2, -2, -2, -2, -2, -2, -2,
        -2, -2, -2, -2, -2, -2, -1, 2, 2, 2, 2, 2, 2, -1, -2, -2, -2, -2, 1, -2,
        -2, -2, -2, -2, -2, -2, -2, -2, -2, -2, -2, -2, -2, -1, 2, 2, 2, 2, 2, 
        2, -1, -2, -2, -2, -2, 1, -2, -2, -2, -2, -2, -2, -2, -2, -2, -2, -2, 
        -2, -2, -2, -2, -2, -2, -2, -1, 2, 2, 2, 2, 2, 2, -1, -2, -2, -2, -2, 1,
        2, 2, 2, 2, 2, 2, 2, 2, -1, 2, 2, 2, 2, 2, 2, 2, 2, 1 ],
        [ IntegerRing() | 1, 2, 2, 2, 2, 2, 2, 2, 2, 2, 2, -1, 2, 2, 2, 2, 2, 2,
        -1, -2, -2, -2, -2, 1, -2, -2, -2, -2, -2, -2, -2, -2, -2, -2, -2, -2, 
        -2, -2, -1, 2, 2, 2, 2, 2, 2, -1, -2, -2, -2, -2, 1, -2, -2, -2, -2, -2,
        -2, -2, -2, -2, -2, -2, -2, -2, -2, -1, 2, 2, 2, 2, 2, 2, -1, -2, -2, 
        -2, -2, 1, -2, -2, -2, -2, -2, -2, -2, -2, -2, -2, -2, -2, -2, -2, -1, 
        2, 2, 2, 2, 2, 2, -1, -2, -2, -2, -2, 1, -2, -2, -2, -2, -2, -2, -2, -2,
        -2, -2, -2, -2, -2, -2, -1, 2, 2, 2, 2, 2, 2, -1, -2, -2, -2, -2, 1, -2,
        -2, -2, -2, -2, -2, -2, -2, -2, -2, -2, -2, -2, -2, -1, 2, 2, 2, 2, 2, 
        2, -1, -2, -2, -2, -2, 1, -2, -2, -2, -2, -2, -2, -2, -2, -2, -2, -2, 
        -2, -2, -2, -1, 2, 2, 2, 2, 2, 2, -1, -2, -2, -2, -2, 1, -2, -2, -2, -2,
        -2, -2, -2, -2, -2, -2, -2, -2, -2, -2, -1, 2, 2, 2, 2, 2, 2, -1, -2, 
        -2, -2, -2, 1, -2, -2, -2, -2, -2, -2, -2, -2, -2, -2, -2, -2, -2, -2, 
        -1, 2, 2, 2, 2, 2, 2, -1, -2, -2, -2, -2, 1, -2, -2, -2, -2, -2, -2, -2,
        -2, -2, -2, -2, -2, -2, -2, -1, 2, 2, 2, 2, 2, 2, -1, -2, -2, -2, -2, 1,
        -2, -2, -2, -2, -2, -2, -2, -2, -2, -2, -2, -2, -2, -2, -1, 2, 2, 2, 2, 
        2, 2, -1, -2, -2, -2, -2, 1, 2, 2, 2, 2, 2, 2, 2, 2, 2, 2, 2, 2, 2, 2, 
        2, 2, 2, 2, 2, 2, 2, 2, 2, 2, 2, 2, 2, 2, 2, 2, 2, 2, 2, 2, 2, 2, 2, 2, 
        2, 2, 2, 2, 2, 2, -1, 2, 2, 2, 2, 2, 2, -1, -2, -2, -2, -2, 1, 2, 2, -1,
        2, 2, 2, 2, 2, 2, -1, -2, -2, -2, -2, 1, 2, 2, -1 ],
        [ IntegerRing() | 1, 2, 2, 2, 2, 2, 2, 2, 2, 2, 2, -1, 2, 2, 2, 2, 2, 2,
        -1, -2, -2, -2, -2, 1, -2, -2, -2, -2, -2, -2, -2, -2, -2, -2, -2, -2, 
        -2, -2, -2, -2, -2, -2, -1, 2, 2, 2, 2, 2, 2, -1, -2, -2, -2, -2 ],
        [ IntegerRing() | 1, 2, 2, 2, 2, 2, 2, 2, 2, 2, 2, -1, 2, 2, 2, 2, 2, 2,
        -1, -2, -2, -2, -2, 1, -2, -2, -2, -2, -2, -2, -2, -2, -2, -2, -2, -2, 
        -2, -2, -1, 2, 2, 2, 2, 2, 2, -1, -2, -2, -2, -2, 1, -2, -2, -2, -2, -2,
        -2, -2, -2, -2, -2, -2, -2, -2, -2, -1, 2, 2, 2, 2, 2, 2, -1, -2, -2, 
        -2, -2, 1, -2, -2, -2, -2, -2, -2, -2, -2, -2, -2, -2, -2, -2, -2, -1, 
        2, 2, 2, 2, 2, 2, -1, -2, -2, -2, -2, 1, -2, -2, -2, -2, -2, -2, -2, -2,
        -2, -2, -2, -2, -2, -2, -1, 2, 2, 2, 2, 2, 2, -1, -2, -2, -2, -2, 1, -2,
        -2, -2, -2, -2, -2, -2, -2, -2, -2, -2, -2, -2, -2, -1, 2, 2, 2, 2, 2, 
        2, -1, -2, -2, -2, -2, 1, -2, -2, -2, -2, -2, -2, -2, -2, -2, -2, -2, 
        -2, -2, -2, -1, 2, 2, 2, 2, 2, 2, -1, -2, -2, -2, -2, 1, -2, -2, -2, -2,
        -2, -2, -2, -2, -2, -2, -2, -2, -2, -2, -1, 2, 2, 2, 2, 2, 2, -1, -2, 
        -2, -2, -2, 1, -2, -2, -2, -2, -2, -2, -2, -2, -2, -2, -2, -2, -2, -2, 
        -1, 2, 2, 2, 2, 2, 2, -1, -2, -2, -2, -2, 1, -2, -2, -2, -2, -2, -2, -2,
        -2, -2, -2, -2, -2, -2, -2, -1, 2, 2, 2, 2, 2, 2, -1, -2, -2, -2, -2, 1,
        -2, -2, -2, -2, -2, -2, -2, -2, -2, -2, -2, -2, -2, -2, -1, 2, 2, 2, 2, 
        2, 2, -1, -2, -2, -2, -2, 1, -2, -2, -2, -2, -2, -2, -2, -2, -2, -2, -2,
        -2, -2, -2, -1, 2, 2, 2, 2, 2, 2, -1, -2, -2, -2, -2, 1, -2, -2, -2, -2,
        -2, -2, -2, -2, -2, -2, -2, -2, -2, -2, -1, 2, 2, 2, 2, 2, 2, -1, -2, 
        -2, -2, -2, 1, 2, 2, 2, 2, 2, 2, 2, 2, 2, 2, 2, 2, -1, 2, 2, 2, 2, 2, 2,
        -1, -2, -2, 1, 2, 2, 1, 2, 2, 2, 2, 1, 2, 1 ],
        [ IntegerRing() | 1, 2, 2, 2, 2, 2, 2, 2, 2, 2, 2, -1, 2, 2, 2, 2, 2, 2,
        -1, -2, -2, -2, -2, 1, -2, -2, -2, -2, -2, -2, -2, -2, -2, -2, -2, -2, 
        -2, -2, -1, 2, 2, 2, 2, 2, 2, -1, -2, -2, -2, -2, 1, -2, -2, -2, -2, -2,
        -2, -2, -2, -2, -2, -2, -2, -2, -2, -1, 2, 2, 2, 2, 2, 2, -1, -2, -2, 
        -2, -2, 1, -2, -2, -2, -2, -2, -2, -2, -2, -2, -2, -2, -2, -2, -2, -1, 
        2, 2, 2, 2, 2, 2, -1, -2, -2, -2, -2, 1, -2, -2, -2, -2, -2, -2, -2, -2,
        -2, -2, -2, -2, -2, -2, -1 ],
        [ IntegerRing() | 1, 2, 2, 2, 2, 2, 2, 2, 2, 2, 2, -1, 2, 2, 2, 2, 2, 2,
        -1, -2, -2, -2, -2, 1, -2, -2, -2, -2, -2, -2, -2, -2, -2, -2, -2, -2, 
        -2, -2, -1, 2, 2, 2, 2, 2, 2, -1, -2, -2, -2, -2, 1, -2, -2, -2, -2, -2,
        -2, -2, -2, -2, -2, -2, -2, -2, -2, -1, 2, 2, 2, 2, 2, 2, -1, -2, -2, 
        -2, -2, 1, -2, -2, -2, -2, -2, -2, -2, -2, -2, -2, -2, -2, -2, -2, -1, 
        2, 2, 2, 2, 2, 2, -1, -2, -2, -2, -2, 1, -2, -2, -2, -2, -2, -2, -2, -2,
        -2, -2, -2, -2, -2, -2, -1, 2, 2, 2, 2, 2, 2, -1, -2, -2, -2, -2, 1, -2,
        -2, -2, -2, -2, -2, -2, -2, -2, -2, -2, -2, -2, -2, -1, 2, 2, 2, 2, 2, 
        2, -1, -2, -2, -2, -2, 1, -2, -2, -2, -2, -2, -2, -2, -2, -2, -2, -2, 
        -2, -2, -2, -2, -2, -2, -2, -2, -2, -2, -2, -2, -2, -1, 2, 2, 2, 2, 2, 
        2, -1, 2, 2, -1, -2, -2, -2, -2, 1, 2, 2, -1 ]
    ], level := 70, genus := 10, index := 140, contains_minus_one := true, 
    subgroups := [ IntegerRing() | 5756, 6654, 6656 ], supergroups := [ 
    IntegerRing() | 18, 780 ], name := "70A10", label := "A", order := 1728, 
    GLZConj := 2, matgens := [ PowerSequence(IntegerRing(70)) |
        [ IntegerRing(70) | 1, 35, 35, 36 ],
        [ IntegerRing(70) | 21, 40, 60, 1 ],
        [ IntegerRing(70) | 21, 60, 40, 21 ],
        [ IntegerRing(70) | 26, 55, 25, 26 ],
        [ IntegerRing(70) | 29, 0, 0, 29 ],
        [ IntegerRing(70) | 41, 0, 0, 41 ],
        [ IntegerRing(70) | 51, 40, 20, 61 ],
        [ IntegerRing(70) | 57, 0, 35, 43 ],
        [ IntegerRing(70) | 57, 56, 28, 57 ]
    ], cusps := [ IntegerRing() | 70, 70 ], c2 := [ IntegerRing() | 1, 1, 1, 1, 
    2, 2, 2, 2, 2, 2, 2, 2, 2, 2, 2, 2, 2, 2, 2, 2, 2, 2, 2, 2, 2, 2, 2, 2, 2, 
    2, 2, 2, 2, 2, 2, 2, 2, 2, 2, 2, 2, 2, 2, 2, 2, 2, 2, 2, 2, 2, 2, 2, 2, 2, 
    2, 2, 2, 2, 2, 2, 2, 2, 2, 2, 2, 2, 2, 2, 2, 2, 2, 2 ], c3 := [ 
    IntegerRing() | 1, 1, 3, 3, 3, 3, 3, 3, 3, 3, 3, 3, 3, 3, 3, 3, 3, 3, 3, 3, 
    3, 3, 3, 3, 3, 3, 3, 3, 3, 3, 3, 3, 3, 3, 3, 3, 3, 3, 3, 3, 3, 3, 3, 3, 3, 
    3, 3, 3 ], gc := [ IntegerRing() | 4, 8, 8, 12, 12, 24, 24, 24, 24 ], 
    special_name := [], special_name_html := [], direct_subgroups := [ 
    IntegerRing() | 5756, 6654, 6656 ], direct_supergroups := [ IntegerRing() | 
    780 ], length := 70, treename := [ PowerSequence(IntegerRing()) |
        [ IntegerRing() | 350, 2, 1, 10 ],
        [ IntegerRing() | 420, 2, 1, 9 ],
        [ IntegerRing() | 490, 2, 2, 10 ],
        [ IntegerRing() | 560, 2, 1, 8 ]
    ], treesupergroups := [ PowerSequence(IntegerRing()) |
        [ IntegerRing() | 350, 2, 1 ],
        [ IntegerRing() | 300, 1 ],
        [ IntegerRing() | 420, 2, 1 ],
        [ IntegerRing() | 490, 2, 2 ],
        [ IntegerRing() | 560, 2, 1 ]
    ]>
]
;

