// list of all congruence groups with genus  16
// with  96 <= level < 104
//
// by c cummins and s pauli
// load "csg16-lev88.dat";
import "csg16-lev88.dat" : L16_88;
L16_96 := L16_88 cat 
[ PowerStructure(Rec) |
    rec<recformat<generators: SeqEnum, level: IntegerRing(), genus: 
    IntegerRing(), index: IntegerRing(), contains_minus_one: BoolElt, subgroups:
    SeqEnum, supergroups: SeqEnum, name: MonStgElt, label: MonStgElt, order: 
    IntegerRing(), GLZConj: IntegerRing(), matgens: SeqEnum, cusps: SeqEnum, c2:
    SeqEnum, c3: SeqEnum, gc: SeqEnum, projections: SeqEnum, special_name: 
    SeqEnum, special_name_html: SeqEnum, direct_subgroups: SeqEnum, 
    direct_supergroups: SeqEnum, length: IntegerRing(), treename: SeqEnum, 
    treesupergroups: SeqEnum> | generators := [ PowerSequence(IntegerRing()) |
        [ IntegerRing() | -1, 2, 2, 2, 2, 2, 2, 2, 2, 2, 2, 2, 2, 2, 2, 2, 2, 2,
        2, 2, 2, 2, 2, 2, 2, 2, 2, 2, 2, 2, 2, 1 ],
        [ IntegerRing() | -1, -1, 2, 2, 2, 2, 2, 2, 2, 2, 2, 2, 2, 2, 2, 2, 2, 
        2, 2, 2, 2, 2, 2, 2, 2, 2, 2, 2, 2, 2, 2, 2, 2, 2, 2, 2, 2, 2, 2, 2, 2, 
        2, 2, 2, 2, 2, 2, 2, 2, 2, 2, 2, 2, 2, 2, 2, 2, 2, 2, 2, 2, 2, 2, 2, 2, 
        2, 1, 2, 2, 1, 1, 1, -2, -2, -2, -2, -2, -2, 1, -2, -2, 1, -2, -2, -2, 
        -2, -2, -2, -2, -2, -2, -2 ],
        [ IntegerRing() | -1, 2, 2, 2, 2, 2, 2, 2, 2, 2, 2, 2, 2, 2, 2, 2, 2, 2,
        2, 2, 2, 2, 2, 2, 2, 2, 2, 2, 2, 2, 2, 2, 2, 2, 2, 2, 2, 2, 2, 2, 2, 2, 
        2, 2, 2, 2, 2, 2, 2, 1 ],
        [ IntegerRing() | -1, 2, 2, 2, 2, 2, 2, 2, 2, 2, 2, 2, 2, 2, 2, 2, 2, 2,
        2, 2, 2, 2, 2, 2, 2, 2, 2, 2, 2, 2, 2, 2, 2, 2, 2, 2, 2, 2, 2, 2, 2, 2, 
        2, 2, 2, 2, 2, 2, 2, 2, 2, 2, 2, 2, 2, 2, 2, 2, 2, 2, 2, 1 ],
        [ IntegerRing() | -1, 2, 2, 2, 2, 2, 2, 2, 2, 2, 2, 2, 2, 2, 2, 2, 2, 2,
        2, 2, 2, 2, 2, 2, 2, 2, 2, 2, 2, 2, 2, 2, 2, -1, 2, 2, 2, 2, 2, 2, 2, 2,
        2, 2, 2, 2, 2, 2, 2, 2, 2, 2, 2, 2, 2, 2, 2, 2, 2, 2, 2, 2, 2, 2, 2, 2, 
        2, 2, 2, 2, 2, 2, 2, 2, 2, 2, 2, 2, 2, 2, 2, 2, 2, 2, 2, 2, 2, 2, 2, 2, 
        2, 2, 2, 2, 2, 2, 2, 2, 1, -2, -2, -2, -2, -2, -2, -2, -2, -2, -2, -2, 
        -2, -2, -2, -2, -2, -2, -2, -2, -2, -2, -2, -2, -2, -2, -2, -2, -2, 1, 
        -2, -2, 1, -2, -2, 1, -2, -2, -2, -2, 1, -2, -2, 1, -2, -2, -2, -2, -2, 
        -2, -2, -2, -2, -2 ],
        [ IntegerRing() | -1, -2, -2, -2, -2, -2, -2, -2, -2, -2, -2, -2, -2, 
        -2, -2, -2, -2, -2, -2, -2, -2, -2, -2, -2, -2, 1 ],
        [ IntegerRing() | -1, 2, 2, 2, 2, 2, 2, 2, 2, 2, 2, 2, 2, 2, 2, 2, 2, 2,
        2, 2, 2, 2, 2, 2, 2, 2, 2, 2, 2, 2, 2, 2, 2, -1, 2, 2, 2, 2, 2, 2, 2, 2,
        2, 2, 2, 2, 2, 2, 2, 2, 2, 2, 2, 2, 2, 2, 2, 2, 2, 2, 2, 2, 2, 2, 2, 2, 
        2, 2, 2, 2, 2, 2, 2, 2, 2, 2, 2, 2, 2, 2, 2, 2, 2, 2, 2, 2, 2, 2, 2, 2, 
        2, 2, 2, 2, 2, 2, 2, 2, 1, -2, -2, -2, -2, -2, -2, -2, -2, -2, -2, -2, 
        -2, -2, -2, -2, -2, -2, -2, -2, -2, -2, -2, -2, -2, -2, -2, -2, -2, -2, 
        -2, 1, 1, 1, -2, -2, -2, -2, 1, -2, -2, 1, -2, -2, -2, -2, -2, -2, -2, 
        -2, -2, -2, -2, -2 ],
        [ IntegerRing() | -1, 2, 2, 2, 2, 2, 2, 2, 2, 2, 2, 2, 2, 2, 2, 2, 2, 2,
        2, 2, 2, 2, 2, 2, 2, 2, 2, 2, 2, 2, 2, 2, 2, -1, 2, 2, 2, 2, 2, 2, 2, 2,
        2, 2, 2, 2, 2, 2, 2, 2, 2, 2, 2, 2, 2, 2, 2, 2, 2, 2, 2, 2, 2, 2, 2, 2, 
        2, 2, 2, 2, 2, 2, 2, 2, 2, 2, 2, 2, 2, 2, 2, 2, 2, 2, 2, 2, 2, 2, 2, 2, 
        2, 2, 2, 2, 2, 2, 2, 2, 1, 2, 2, 2, 2, 2, 2, 2, 2, 2, 2, 2, 2, 2, 2, 2, 
        2, 2, 2, 2, 2, 1, -2, -2, 1, -2, -2, 1, -2, -2, -2, -2, 1, -2, -2, 1, 
        -2, -2, -2, -2, -2, -2, -2, -2, -2, -2 ],
        [ IntegerRing() | -1, -1, 2, 2, 2, 2, 2, 2, 2, 2, 2, 2, 2, 2, 2, 2, 2, 
        2, 2, 2, 2, 2, 2, 2, 2, 2, 2, 2, 2, 2, 2, 2, 2, 2, 2, 2, 2, 2, 2, 2, 2, 
        2, 2, 2, 2, 2, 2, 2, 2, 2, 2, 2, 2, 2, 2, 2, 2, 2, 2, 2, 2, 2, 2, 2, 2, 
        2, 1, 2, 2, 2, 2, 2, 2, 2, 2, 2, 2, 2, 2, 2, 2, 2, 2, 2, 2, 2, 2, 2, 2, 
        2, 2, 2, 2, 2, 2, 2, 2, 2, 2, 2, 2, 2, 2, 2, 2, 1, -2, -2, -2, -2, -2, 
        -2, 1, -2, -2, 1, -2, -2, -2, -2, -2, -2, -2, -2, -2, -2 ],
        [ IntegerRing() | -1, -1, 2, 2, 2, 2, 2, 2, 2, 2, 2, 2, 2, 2, 2, 2, 2, 
        2, 2, 2, 2, 2, 2, 2, 2, 2, 2, 2, 2, 2, 2, 2, 2, 2, 2, 2, 2, 2, 2, 2, 2, 
        2, 2, 2, 2, 2, 2, 2, 2, 2, 2, 2, 2, 2, 2, 2, 2, 2, 2, 2, 2, 2, 2, 2, 2, 
        2, 1, 2, 2, 2, 2, 2, 2, 2, 2, 2, 2, 2, 2, 2, 2, 2, 2, 2, 2, 2, 2, 2, 2, 
        2, 2, 2, 2, 2, 2, 2, 2, 2, 2, -1, 2, 2, 2, 2, 2, 2, 2, 2, 2, 2, 2, 2, 2,
        2, 2, 2, 2, 2, 2, 2, 2, 2, 2, 2, 2, 2, 2, 2, 2, 2, 2, 2, 2, 2, 2, 2, 2, 
        2, 2, 2, 2, 2, 2, 2, 2, 2, 2, 2, 2, 2, 2, 2, 2, 2, 2, 2, 2, 2, 2, 2, 2, 
        2, 2, 2, 1, 2, 2, 2, 2, 2, 2, 2, 2, 2, 2, 2, 2, 2, 2, 2, 2, 2, 2, 2, 2, 
        2, 2, 2, 2, 2, 2, 2, 2, 2, 2, 2, 2, 1 ],
        [ IntegerRing() | -1, -1, 2, 2, 2, 2, 2, 2, 2, 2, 2, 2, 2, 2, 2, 2, 2, 
        2, 2, 2, 2, 2, 2, 2, 2, 2, 2, 2, 2, 2, 2, 2, 2, 2, 1, 2, 2, 2, 2, 2, 2, 
        2, 2, 2, 2, 2, 2, 2, 2, 2, 2, 2, 2, 2, 2, 2, 2, 2, 2, 2, 2, 2, 2, 2, 2, 
        2, 2, -1, 2, 2, 2, 2, 2, 2, 2, 2, 2, 2, 2, 2, 2, 2, 2, 2, 2, 2, 2, 2, 2,
        2, 2, 2, 2, 2, 2, 2, 2, 2, 2, 2, 2, 2, 2, 2, 2, 2, 2, 2, 2, 2, 2, 2, 2, 
        2, 2, 2, 2, 2, 2, 2, 2, 2, 2, 2, 2, 2, 2, 2, 2, 2, 2, 2, 1, 2, 2, 2, 2, 
        2, 2, 1, 1, 1, -2, -2, -2, -2, -2, -2, -2, -2, -2, -2, -2, -2, -2, -2, 
        -2, -2, -2, -2, 1, -2, -2, -2, -2, -2, 1 ],
        [ IntegerRing() | -1, -1, 2, 2, 2, 2, 2, 2, 2, 2, 2, 2, 2, 2, 2, 2, 2, 
        2, 2, 2, 2, 2, 2, 2, 2, 2, 2, 2, 2, 2, 2, 2, 2, 2, 1, 2, 2, 2, 2, 2, 2, 
        2, 2, 2, 2, 2, 2, 2, 2, 2, 2, 2, 2, 2, 2, 2, 2, 2, 2, 2, 2, 2, 2, 2, 2, 
        2, 2, -1, 2, 2, 2, 2, 2, 2, 2, 2, 2, 2, 2, 2, 2, 2, 2, 2, 2, 2, 2, 2, 2,
        2, 2, 2, 2, 2, 2, 2, 2, 2, 2, 2, 1, -2, -2, -2, -2, -2, -2, -2, -2, -2, 
        -2, -2, -2, -2, -2, -2, -2, -2, -2, 1, 1, 1, -2, -2, 1, -2, -2, -2, -2, 
        -2, -2, -2, -2, -2, -2, -2, -2, -2, 1 ]
    ], level := 96, genus := 16, index := 288, contains_minus_one := true, 
    subgroups := [], supergroups := [ IntegerRing() | 1244, 1888 ], name := 
    "96A16", label := "A", order := 2048, GLZConj := 1, matgens := [ 
        PowerSequence(IntegerRing(96)) |
        [ IntegerRing(96) | 1, 0, 24, 1 ],
        [ IntegerRing(96) | 1, 0, 36, 1 ],
        [ IntegerRing(96) | 1, 0, 48, 1 ],
        [ IntegerRing(96) | 1, 0, 66, 1 ],
        [ IntegerRing(96) | 7, 14, 59, 77 ],
        [ IntegerRing(96) | 11, 24, 60, 35 ],
        [ IntegerRing(96) | 25, 48, 48, 73 ],
        [ IntegerRing(96) | 49, 0, 0, 49 ],
        [ IntegerRing(96) | 49, 0, 48, 49 ],
        [ IntegerRing(96) | 65, 0, 0, 65 ],
        [ IntegerRing(96) | 71, 62, 11, 61 ],
        [ IntegerRing(96) | 85, 72, 24, 61 ]
    ], cusps := [ IntegerRing() | 6, 6, 6, 6, 6, 6, 6, 6, 12, 12, 12, 12, 96, 96
    ], c2 := [ IntegerRing() | 1, 1, 1, 1, 1, 1, 1, 1, 2, 2, 2, 2, 2, 2, 2, 2, 
    2, 2, 2, 2, 2, 2, 2, 2, 2, 2, 2, 2, 2, 2, 2, 2, 2, 2, 2, 2, 2, 2, 2, 2, 2, 
    2, 2, 2, 2, 2, 2, 2, 2, 2, 2, 2, 2, 2, 2, 2, 2, 2, 2, 2, 2, 2, 2, 2, 2, 2, 
    2, 2, 2, 2, 2, 2, 2, 2, 2, 2, 2, 2, 2, 2, 2, 2, 2, 2, 2, 2, 2, 2, 2, 2, 2, 
    2, 2, 2, 2, 2, 2, 2, 2, 2, 2, 2, 2, 2, 2, 2, 2, 2, 2, 2, 2, 2, 2, 2, 2, 2, 
    2, 2, 2, 2, 2, 2, 2, 2, 2, 2, 2, 2, 2, 2, 2, 2, 2, 2, 2, 2, 2, 2, 2, 2, 2, 
    2, 2, 2, 2, 2, 2, 2 ], c3 := [ IntegerRing() | 3, 3, 3, 3, 3, 3, 3, 3, 3, 3,
    3, 3, 3, 3, 3, 3, 3, 3, 3, 3, 3, 3, 3, 3, 3, 3, 3, 3, 3, 3, 3, 3, 3, 3, 3, 
    3, 3, 3, 3, 3, 3, 3, 3, 3, 3, 3, 3, 3, 3, 3, 3, 3, 3, 3, 3, 3, 3, 3, 3, 3, 
    3, 3, 3, 3, 3, 3, 3, 3, 3, 3, 3, 3, 3, 3, 3, 3, 3, 3, 3, 3, 3, 3, 3, 3, 3, 
    3, 3, 3, 3, 3, 3, 3, 3, 3, 3, 3 ], gc := [ IntegerRing() | 4, 4, 4, 4, 8, 8,
    8, 8, 8, 8, 8, 8, 16, 16, 16, 16 ], special_name := [], special_name_html :=
    [], direct_subgroups := [], direct_supergroups := [ IntegerRing() | 1244, 
    1888 ], length := 72, treename := [ PowerSequence(IntegerRing()) |
        [ IntegerRing() | 384, 3, 2, 3, 5, 5, 5, 4 ],
        [ IntegerRing() | 384, 3, 2, 3, 5, 5, 5, 12 ],
        [ IntegerRing() | 384, 3, 2, 9, 9, 9, 3, 8 ],
        [ IntegerRing() | 384, 3, 2, 9, 9, 9, 3, 12 ],
        [ IntegerRing() | 480, 6, 5, 6, 6, 14, 4, 9 ],
        [ IntegerRing() | 480, 6, 5, 6, 6, 14, 4, 17 ],
        [ IntegerRing() | 480, 6, 5, 14, 12, 4, 13, 4 ],
        [ IntegerRing() | 480, 6, 5, 14, 12, 4, 13, 6 ],
        [ IntegerRing() | 576, 4, 3, 4, 9, 7, 5, 11 ],
        [ IntegerRing() | 576, 4, 3, 4, 9, 7, 5, 17 ],
        [ IntegerRing() | 576, 4, 3, 5, 13, 9, 4, 5 ],
        [ IntegerRing() | 576, 4, 3, 5, 13, 9, 4, 7 ]
    ], treesupergroups := [ PowerSequence(IntegerRing()) |
        [ IntegerRing() | 384, 3, 2, 3, 5, 5, 5 ],
        [ IntegerRing() | 384, 3, 2, 3, 5, 5, 5 ],
        [ IntegerRing() | 384, 3, 2, 9, 9, 9, 3 ],
        [ IntegerRing() | 384, 3, 2, 9, 9, 9, 3 ],
        [ IntegerRing() | 480, 6, 5, 6, 6, 14, 4 ],
        [ IntegerRing() | 480, 6, 5, 6, 6, 14, 4 ],
        [ IntegerRing() | 480, 6, 5, 14, 12, 4, 13 ],
        [ IntegerRing() | 480, 6, 5, 14, 12, 4, 13 ],
        [ IntegerRing() | 576, 4, 3, 4, 9, 7, 5 ],
        [ IntegerRing() | 576, 4, 3, 4, 9, 7, 5 ],
        [ IntegerRing() | 576, 4, 3, 5, 13, 9, 4 ],
        [ IntegerRing() | 576, 4, 3, 5, 13, 9, 4 ]
    ]>,
    rec<recformat<generators: SeqEnum, level: IntegerRing(), genus: 
    IntegerRing(), index: IntegerRing(), contains_minus_one: BoolElt, subgroups:
    SeqEnum, supergroups: SeqEnum, name: MonStgElt, label: MonStgElt, order: 
    IntegerRing(), GLZConj: IntegerRing(), matgens: SeqEnum, cusps: SeqEnum, c2:
    SeqEnum, c3: SeqEnum, gc: SeqEnum, projections: SeqEnum, special_name: 
    SeqEnum, special_name_html: SeqEnum, direct_subgroups: SeqEnum, 
    direct_supergroups: SeqEnum, length: IntegerRing(), treename: SeqEnum, 
    treesupergroups: SeqEnum> | generators := [ PowerSequence(IntegerRing()) |
        [ IntegerRing() | -1, 2, 2, 2, 2, 2, 2, 2, 2, 2, 2, 2, 2, 2, 2, 2, 2, 2,
        2, 2, 2, 2, 2, 2, 2, 2, 2, 2, 2, 2, 2, 2, 2, 2, 2, 2, 2, 2, 2, 2, 2, 2, 
        2, 2, 2, 2, 2, 2, 2, 2, 2, 2, 2, 2, 2, 2, 2, 2, 2, 2, 2, 1 ],
        [ IntegerRing() | -1, -1, 2, 2, 2, 2, 2, 2, 2, 2, 2, 2, 2, 2, 2, 2, 2, 
        2, 2, 2, 2, 2, 2, 2, 2, 2, 2, 2, 2, 2, 2, 2, 2, 2, 2, 2, 2, 2, 2, 2, 2, 
        2, 2, 2, 2, 2, 2, 2, 2, 2, 2, 2, 2, 2, 2, 2, 2, 2, 2, 2, 2, 2, 2, 2, 2, 
        2, 1, 2, 2, 1, 1, 1, -2, -2, -2, -2, -2, -2, 1, -2, -2, 1, -2, -2, -2, 
        -2, -2, -2, -2, -2, -2, -2 ],
        [ IntegerRing() | -1, 2, 2, 2, 2, 2, 2, 2, 2, 2, 2, 2, 2, 2, 2, 2, 2, 2,
        2, 2, 2, 2, 2, 2, 2, 2, 2, 2, 2, 2, 2, 2, 2, -1, 2, 2, 2, 2, 2, 2, 2, 2,
        2, 2, 2, 2, 2, 2, 2, 2, 2, 2, 2, 2, 2, 2, 2, 2, 2, 2, 2, 2, 2, 2, 2, 2, 
        2, 2, 2, 2, 2, 2, 2, 2, 2, 2, 2, 2, 2, 2, 2, 2, 2, 2, 2, 2, 2, 2, 2, 2, 
        2, 2, 2, 2, 2, 2, 2, 2, 1, -2, -2, -2, -2, -2, -2, -2, -2, -2, -2, -2, 
        -2, -2, -2, -2, -2, -2, -2, -2, -2, -2, -2, -2, -2, -2, -2, -2, -2, 1, 
        -2, -2, 1, -2, -2, 1, -2, -2, -2, -2, 1, -2, -2, 1, -2, -2, -2, -2, -2, 
        -2, -2, -2, -2, -2 ],
        [ IntegerRing() | -1, 2, 2, 2, 2, 2, 2, 2, 2, 2, 2, 2, 2, 2, 2, 2, 2, 2,
        2, 2, 2, 2, 2, 2, 2, 2, 2, 2, 2, 2, 2, 2, 2, -1, 2, 2, 2, 2, 2, 2, 2, 2,
        2, 2, 2, 2, 2, 2, 2, 2, 2, 2, 2, 2, 2, 2, 2, 2, 2, 2, 2, 2, 2, 2, 2, 2, 
        2, 2, 2, 2, 2, 2, 2, 2, 2, 2, 2, 2, 2, 2, 2, 2, 2, 2, 2, 2, 2, 2, 2, 2, 
        2, 2, 2, 2, 2, 2, 2, 2, 1, -2, -2, -2, -2, -2, -2, -2, -2, -2, -2, -2, 
        -2, -2, -2, -2, -2, -2, -2, -2, -2, -2, -2, -2, -2, -2, -2, -2, -2, -2, 
        -2, 1, 1, 1, -2, -2, -2, -2, 1, -2, -2, 1, -2, -2, -2, -2, -2, -2, -2, 
        -2, -2, -2, -2, -2 ],
        [ IntegerRing() | -1, -2, -2, -2, -2, -2, -2, -2, -2, -2, -2, -2, -2, 
        -2, -2, -2, -2, -2, -2, -2, -2, -2, -2, -2, -2, 1 ],
        [ IntegerRing() | -1, 2, 2, 2, 2, 2, 2, 2, 2, 2, 2, 2, 2, 2, 2, 2, 2, 2,
        2, 2, 2, 2, 2, 2, 2, 2, 2, 2, 2, 2, 2, 2, 2, 2, 2, 2, 2, 2, 2, 2, 2, 2, 
        2, 2, 2, 2, 2, 2, 2, 1 ],
        [ IntegerRing() | -1, 2, 2, 2, 2, 2, 2, 2, 2, 2, 2, 2, 2, 2, 2, 2, 2, 2,
        2, 2, 2, 2, 2, 2, 2, 2, 2, 2, 2, 2, 2, 2, 2, -1, 2, 2, 2, 2, 2, 2, 2, 2,
        2, 2, 2, 2, 2, 2, 2, 2, 2, 2, 2, 2, 2, 2, 2, 2, 2, 2, 2, 2, 2, 2, 2, 2, 
        2, 2, 2, 2, 2, 2, 2, 2, 2, 2, 2, 2, 2, 2, 2, 2, 2, 2, 2, 2, 2, 2, 2, 2, 
        2, 2, 2, 2, 2, 2, 2, 2, 1, 2, 2, 2, 2, 2, 2, 2, 2, 2, 2, 2, 2, 2, 2, 2, 
        2, 2, 2, 2, 2, 1, -2, -2, 1, -2, -2, 1, -2, -2, -2, -2, 1, -2, -2, 1, 
        -2, -2, -2, -2, -2, -2, -2, -2, -2, -2 ],
        [ IntegerRing() | -1, -1, 2, 2, 2, 2, 2, 2, 2, 2, 2, 2, 2, 2, 2, 2, 2, 
        2, 2, 2, 2, 2, 2, 2, 2, 2, 2, 2, 2, 2, 2, 2, 2, 2, 2, 2, 2, 2, 2, 2, 2, 
        2, 2, 2, 2, 2, 2, 2, 2, 2, 2, 2, 2, 2, 2, 2, 2, 2, 2, 2, 2, 2, 2, 2, 2, 
        2, 1, 2, 2, 2, 2, 2, 2, 2, 2, 2, 2, 2, 2, 2, 2, 2, 2, 2, 2, 2, 2, 2, 2, 
        2, 2, 2, 2, 2, 2, 2, 2, 2, 2, 2, 2, 2, 2, 2, 2, 1, -2, -2, -2, -2, -2, 
        -2, 1, -2, -2, 1, -2, -2, -2, -2, -2, -2, -2, -2, -2, -2 ],
        [ IntegerRing() | -1, -1, 2, 2, 2, 2, 2, 2, 2, 2, 2, 2, 2, 2, 2, 2, 2, 
        2, 2, 2, 2, 2, 2, 2, 2, 2, 2, 2, 2, 2, 2, 2, 2, 2, 2, 2, 2, 2, 2, 2, 2, 
        2, 2, 2, 2, 2, 2, 2, 2, 2, 2, 2, 2, 2, 2, 2, 2, 2, 2, 2, 2, 2, 2, 2, 2, 
        2, 1, 2, 2, 2, 2, 2, 2, 2, 2, 2, 2, 2, 2, 2, 2, 2, 2, 2, 2, 2, 2, 2, 2, 
        2, 2, 2, 2, 2, 2, 2, 2, 2, 2, -1, 2, 2, 2, 2, 2, 2, 2, 2, 2, 2, 2, 2, 2,
        2, 2, 2, 2, 2, 2, 2, 2, 2, 2, 2, 2, 2, 2, 2, 2, 2, 2, 2, 2, 2, 2, 2, 2, 
        2, 2, 2, 2, 2, 2, 2, 2, 2, 2, 2, 2, 2, 2, 2, 2, 2, 2, 2, 2, 2, 2, 2, 2, 
        2, 2, 2, 1, 2, 2, 2, 2, 2, 2, 2, 2, 2, 2, 2, 2, 2, 2, 2, 2, 2, 2, 2, 2, 
        2, 2, 2, 2, 2, 2, 2, 2, 2, 2, 2, 2, 1 ],
        [ IntegerRing() | -1, -1, 2, 2, 2, 2, 2, 2, 2, 2, 2, 2, 2, 2, 2, 2, 2, 
        2, 2, 2, 2, 2, 2, 2, 2, 2, 2, 2, 2, 2, 2, 2, 2, 2, 1, 2, 2, 2, 2, 2, 2, 
        2, 2, 2, 2, 2, 2, 2, 2, 2, 2, 2, 2, 2, 2, 2, 2, 2, 2, 2, 2, 2, 2, 2, 2, 
        2, 2, -1, 2, 2, 2, 2, 2, 2, 2, 2, 2, 2, 2, 2, 2, 2, 2, 2, 2, 2, 2, 2, 2,
        2, 2, 2, 2, 2, 2, 2, 2, 2, 2, 2, 2, 2, 2, 2, 2, 2, 2, 2, 2, 2, 2, 2, 2, 
        2, 2, 2, 2, 2, 2, 2, 2, 2, 2, 2, 2, 2, 2, 2, 2, 2, 2, 2, 1, 2, 2, 2, 2, 
        2, 2, 1, 1, 1, -2, -2, -2, -2, -2, -2, -2, -2, -2, -2, -2, -2, -2, -2, 
        -2, -2, -2, -2, 1, -2, -2, -2, -2, -2, 1 ],
        [ IntegerRing() | -1, -1, 2, 2, 2, 2, 2, 2, 2, 2, 2, 2, 2, 2, 2, 2, 2, 
        2, 2, 2, 2, 2, 2, 2, 2, 2, 2, 2, 2, 2, 2, 2, 2, 2, 1, 2, 2, 2, 2, 2, 2, 
        2, 2, 2, 2, 2, 2, 2, 2, 2, 2, 2, 2, 2, 2, 2, 2, 2, 2, 2, 2, 2, 2, 2, 2, 
        2, 2, 2, 2, 2, 2, 1, 1, 1, -2, -2, -2, -2, -2, -2, -2, -2, -2, -2, -2, 
        -2, -2, -2, -2, -2, -2, -2, 1, -2, -2, -2, -2, -2, 1 ],
        [ IntegerRing() | -1, -1, 2, 2, 2, 2, 2, 2, 2, 2, 2, 2, 2, 2, 2, 2, 2, 
        2, 2, 2, 2, 2, 2, 2, 2, 2, 2, 2, 2, 2, 2, 2, 2, 2, 1, 2, 2, 2, 2, 2, 2, 
        2, 2, 2, 2, 2, 2, 2, 2, 2, 2, 2, 2, 2, 2, 2, 2, 2, 2, 2, 2, 2, 2, 2, 2, 
        2, 2, -1, 2, 2, 2, 2, 2, 2, 2, 2, 2, 2, 2, 2, 2, 2, 2, 2, 2, 2, 2, 2, 2,
        2, 2, 2, 2, 2, 2, 2, 2, 2, 2, 2, 1, -2, -2, -2, -2, -2, -2, -2, -2, -2, 
        -2, -2, -2, -2, -2, -2, -2, -2, -2, 1, 1, 1, -2, -2, 1, -2, -2, -2, -2, 
        -2, -2, -2, -2, -2, -2, -2, -2, -2, 1 ]
    ], level := 96, genus := 16, index := 288, contains_minus_one := true, 
    subgroups := [], supergroups := [ IntegerRing() | 1244, 1889 ], name := 
    "96B16", label := "B", order := 2048, GLZConj := 1, matgens := [ 
        PowerSequence(IntegerRing(96)) |
        [ IntegerRing(96) | 1, 0, 24, 1 ],
        [ IntegerRing(96) | 1, 0, 36, 1 ],
        [ IntegerRing(96) | 1, 0, 48, 1 ],
        [ IntegerRing(96) | 7, 14, 59, 77 ],
        [ IntegerRing(96) | 11, 24, 60, 35 ],
        [ IntegerRing(96) | 25, 48, 48, 73 ],
        [ IntegerRing(96) | 49, 0, 0, 49 ],
        [ IntegerRing(96) | 49, 0, 48, 49 ],
        [ IntegerRing(96) | 65, 0, 0, 65 ],
        [ IntegerRing(96) | 71, 14, 41, 73 ],
        [ IntegerRing(96) | 71, 62, 11, 61 ],
        [ IntegerRing(96) | 85, 72, 24, 61 ]
    ], cusps := [ IntegerRing() | 6, 6, 6, 6, 6, 6, 6, 6, 12, 12, 12, 12, 96, 96
    ], c2 := [ IntegerRing() | 1, 1, 1, 1, 1, 1, 1, 1, 2, 2, 2, 2, 2, 2, 2, 2, 
    2, 2, 2, 2, 2, 2, 2, 2, 2, 2, 2, 2, 2, 2, 2, 2, 2, 2, 2, 2, 2, 2, 2, 2, 2, 
    2, 2, 2, 2, 2, 2, 2, 2, 2, 2, 2, 2, 2, 2, 2, 2, 2, 2, 2, 2, 2, 2, 2, 2, 2, 
    2, 2, 2, 2, 2, 2, 2, 2, 2, 2, 2, 2, 2, 2, 2, 2, 2, 2, 2, 2, 2, 2, 2, 2, 2, 
    2, 2, 2, 2, 2, 2, 2, 2, 2, 2, 2, 2, 2, 2, 2, 2, 2, 2, 2, 2, 2, 2, 2, 2, 2, 
    2, 2, 2, 2, 2, 2, 2, 2, 2, 2, 2, 2, 2, 2, 2, 2, 2, 2, 2, 2, 2, 2, 2, 2, 2, 
    2, 2, 2, 2, 2, 2, 2 ], c3 := [ IntegerRing() | 3, 3, 3, 3, 3, 3, 3, 3, 3, 3,
    3, 3, 3, 3, 3, 3, 3, 3, 3, 3, 3, 3, 3, 3, 3, 3, 3, 3, 3, 3, 3, 3, 3, 3, 3, 
    3, 3, 3, 3, 3, 3, 3, 3, 3, 3, 3, 3, 3, 3, 3, 3, 3, 3, 3, 3, 3, 3, 3, 3, 3, 
    3, 3, 3, 3, 3, 3, 3, 3, 3, 3, 3, 3, 3, 3, 3, 3, 3, 3, 3, 3, 3, 3, 3, 3, 3, 
    3, 3, 3, 3, 3, 3, 3, 3, 3, 3, 3 ], gc := [ IntegerRing() | 4, 4, 4, 4, 8, 8,
    8, 8, 8, 8, 8, 8, 16, 16, 16, 16 ], special_name := [], special_name_html :=
    [], direct_subgroups := [], direct_supergroups := [ IntegerRing() | 1244, 
    1889 ], length := 72, treename := [ PowerSequence(IntegerRing()) |
        [ IntegerRing() | 384, 3, 2, 3, 5, 5, 5, 2 ],
        [ IntegerRing() | 384, 3, 2, 3, 5, 5, 5, 10 ],
        [ IntegerRing() | 384, 3, 2, 9, 9, 9, 2, 12 ],
        [ IntegerRing() | 384, 3, 2, 9, 9, 9, 2, 14 ],
        [ IntegerRing() | 480, 6, 5, 6, 6, 14, 4, 5 ],
        [ IntegerRing() | 480, 6, 5, 6, 6, 14, 4, 13 ],
        [ IntegerRing() | 480, 6, 5, 14, 12, 4, 5, 8 ],
        [ IntegerRing() | 480, 6, 5, 14, 12, 4, 5, 13 ],
        [ IntegerRing() | 576, 4, 3, 4, 9, 7, 5, 4 ],
        [ IntegerRing() | 576, 4, 3, 4, 9, 7, 5, 16 ],
        [ IntegerRing() | 576, 4, 3, 5, 13, 9, 6, 5 ],
        [ IntegerRing() | 576, 4, 3, 5, 13, 9, 6, 7 ]
    ], treesupergroups := [ PowerSequence(IntegerRing()) |
        [ IntegerRing() | 384, 3, 2, 3, 5, 5, 5 ],
        [ IntegerRing() | 384, 3, 2, 3, 5, 5, 5 ],
        [ IntegerRing() | 384, 3, 2, 9, 9, 9, 2 ],
        [ IntegerRing() | 384, 3, 2, 9, 9, 9, 2 ],
        [ IntegerRing() | 480, 6, 5, 6, 6, 14, 4 ],
        [ IntegerRing() | 480, 6, 5, 6, 6, 14, 4 ],
        [ IntegerRing() | 480, 6, 5, 14, 12, 4, 5 ],
        [ IntegerRing() | 480, 6, 5, 14, 12, 4, 5 ],
        [ IntegerRing() | 576, 4, 3, 4, 9, 7, 5 ],
        [ IntegerRing() | 576, 4, 3, 4, 9, 7, 5 ],
        [ IntegerRing() | 576, 4, 3, 5, 13, 9, 6 ],
        [ IntegerRing() | 576, 4, 3, 5, 13, 9, 6 ]
    ]>,
    rec<recformat<generators: SeqEnum, level: IntegerRing(), genus: 
    IntegerRing(), index: IntegerRing(), contains_minus_one: BoolElt, subgroups:
    SeqEnum, supergroups: SeqEnum, name: MonStgElt, label: MonStgElt, order: 
    IntegerRing(), GLZConj: IntegerRing(), matgens: SeqEnum, cusps: SeqEnum, c2:
    SeqEnum, c3: SeqEnum, gc: SeqEnum, projections: SeqEnum, special_name: 
    SeqEnum, special_name_html: SeqEnum, direct_subgroups: SeqEnum, 
    direct_supergroups: SeqEnum, length: IntegerRing(), treename: SeqEnum, 
    treesupergroups: SeqEnum> | generators := [ PowerSequence(IntegerRing()) |
        [ IntegerRing() | -1, 2, 2, 2, 2, 2, 2, 2, 2, 2, 2, 2, 2, 2, 2, 2, 2, 2,
        2, 2, 2, 2, 2, 2, 2, 2, 2, 2, 2, 2, 2, 1 ],
        [ IntegerRing() | -1, 2, 2, 2, 2, 2, 2, 2, 2, 2, 2, 2, 2, 2, 2, 2, 2, 2,
        2, 2, 2, 2, 2, 2, 2, 2, 2, 2, 2, 2, 2, 2, 2, -1, 2, 2, 2, 2, 2, 2, 2, 2,
        2, 2, 2, 2, 2, 2, 2, 2, 2, 2, 2, 2, 2, 2, 2, 2, 2, 2, 2, 2, 2, 2, 2, 2, 
        2, 2, 2, 2, 2, 2, 2, 2, 2, 2, 2, 2, 2, 2, 2, 2, 2, 2, 2, 2, 2, 2, 2, 2, 
        2, 2, 2, 2, 2, 2, 2, 2, 1, -2, -2, -2, -2, -2, -2, -2, -2, -2, -2, -2, 
        -2, -2, -2, -2, -2, -2, -2, -2, -2, -2, -2, -2, -2, -2, -2, -2, -2, 1, 
        -2, -2, 1, -2, -2, 1, -2, -2, -2, -2, 1, -2, -2, 1, -2, -2, -2, -2, -2, 
        -2, -2, -2, -2, -2 ],
        [ IntegerRing() | -1, -1, 2, 2, 2, 2, 2, 2, 2, 2, 2, 2, 2, 2, 2, 2, 2, 
        2, 2, 2, 2, 2, 2, 2, 2, 2, 2, 2, 2, 2, 2, 2, 2, 2, 2, 2, 2, 2, 2, 2, 2, 
        2, 2, 2, 2, 2, 2, 2, 2, 2, 2, 2, 2, 2, 2, 2, 2, 2, 2, 2, 2, 2, 2, 2, 2, 
        2, 1, 2, 2, 1, 1, 1, -2, -2, -2, -2, -2, -2, 1, -2, -2, 1, -2, -2, -2, 
        -2, -2, -2, -2, -2, -2, -2 ],
        [ IntegerRing() | -1, 2, 2, 2, 2, 2, 2, 2, 2, 2, 2, 2, 2, 2, 2, 2, 2, 2,
        2, 2, 2, 2, 2, 2, 2, 2, 2, 2, 2, 2, 2, 2, 2, 2, 2, 2, 2, 2, 2, 2, 2, 2, 
        2, 2, 2, 2, 2, 2, 2, 2, 2, 2, 2, 2, 2, 2, 2, 2, 2, 2, 2, 1 ],
        [ IntegerRing() | -1, -2, -2, -2, -2, -2, -2, -2, -2, -2, -2, -2, -2, 
        -2, -2, -2, -2, -2, -2, -2, -2, -2, -2, -2, -2, 1 ],
        [ IntegerRing() | -1, 2, 2, 2, 2, 2, 2, 2, 2, 2, 2, 2, 2, 2, 2, 2, 2, 2,
        2, 2, 2, 2, 2, 2, 2, 2, 2, 2, 2, 2, 2, 2, 2, 2, 2, 2, 2, 2, 2, 2, 2, 2, 
        2, 2, 2, 2, 2, 2, 2, 1 ],
        [ IntegerRing() | -1, 2, 2, 2, 2, 2, 2, 2, 2, 2, 2, 2, 2, 2, 2, 2, 2, 2,
        2, 2, 2, 2, 2, 2, 2, 2, 2, 2, 2, 2, 2, 2, 2, -1, 2, 2, 2, 2, 2, 2, 2, 2,
        2, 2, 2, 2, 2, 2, 2, 2, 2, 2, 2, 2, 2, 2, 2, 2, 2, 2, 2, 2, 2, 2, 2, 2, 
        2, 2, 2, 2, 2, 2, 2, 2, 2, 2, 2, 2, 2, 2, 2, 2, 2, 2, 2, 2, 2, 2, 2, 2, 
        2, 2, 2, 2, 2, 2, 2, 2, 1, -2, -2, -2, -2, -2, -2, -2, -2, -2, -2, -2, 
        -2, -2, -2, -2, -2, -2, -2, -2, -2, -2, -2, -2, -2, -2, -2, -2, -2, -2, 
        -2, 1, 1, 1, -2, -2, -2, -2, 1, -2, -2, 1, -2, -2, -2, -2, -2, -2, -2, 
        -2, -2, -2, -2, -2 ],
        [ IntegerRing() | -1, 2, 2, 2, 2, 2, 2, 2, 2, 2, 2, 2, 2, 2, 2, 2, 2, 2,
        2, 2, 2, 2, 2, 2, 2, 2, 2, 2, 2, 2, 2, 2, 2, -1, 2, 2, 2, 2, 2, 2, 2, 2,
        2, 2, 2, 2, 2, 2, 2, 2, 2, 2, 2, 2, 2, 2, 2, 2, 2, 2, 2, 2, 2, 2, 2, 2, 
        2, 2, 2, 2, 2, 2, 2, 2, 2, 2, 2, 2, 2, 2, 2, 2, 2, 2, 2, 2, 2, 2, 2, 2, 
        2, 2, 2, 2, 2, 2, 2, 2, 1, 2, 2, 2, 2, 2, 2, 2, 2, 2, 2, 2, 2, 2, 2, 2, 
        2, 2, 2, 2, 2, 1, -2, -2, 1, -2, -2, 1, -2, -2, -2, -2, 1, -2, -2, 1, 
        -2, -2, -2, -2, -2, -2, -2, -2, -2, -2 ],
        [ IntegerRing() | -1, -1, 2, 2, 2, 2, 2, 2, 2, 2, 2, 2, 2, 2, 2, 2, 2, 
        2, 2, 2, 2, 2, 2, 2, 2, 2, 2, 2, 2, 2, 2, 2, 2, 2, 2, 2, 2, 2, 2, 2, 2, 
        2, 2, 2, 2, 2, 2, 2, 2, 2, 2, 2, 2, 2, 2, 2, 2, 2, 2, 2, 2, 2, 2, 2, 2, 
        2, 1, 2, 2, 2, 2, 2, 2, 2, 2, 2, 2, 2, 2, 2, 2, 2, 2, 2, 2, 2, 2, 2, 2, 
        2, 2, 2, 2, 2, 2, 2, 2, 2, 2, 2, 2, 2, 2, 2, 2, 1, -2, -2, -2, -2, -2, 
        -2, 1, -2, -2, 1, -2, -2, -2, -2, -2, -2, -2, -2, -2, -2 ],
        [ IntegerRing() | -1, -1, 2, 2, 2, 2, 2, 2, 2, 2, 2, 2, 2, 2, 2, 2, 2, 
        2, 2, 2, 2, 2, 2, 2, 2, 2, 2, 2, 2, 2, 2, 2, 2, 2, 2, 2, 2, 2, 2, 2, 2, 
        2, 2, 2, 2, 2, 2, 2, 2, 2, 2, 2, 2, 2, 2, 2, 2, 2, 2, 2, 2, 2, 2, 2, 2, 
        2, 1, 2, 2, 2, 2, 2, 2, 2, 2, 2, 2, 2, 2, 2, 2, 2, 2, 2, 2, 2, 2, 2, 2, 
        2, 2, 2, 2, 2, 2, 2, 2, 2, 2, -1, 2, 2, 2, 2, 2, 2, 2, 2, 2, 2, 2, 2, 2,
        2, 2, 2, 2, 2, 2, 2, 2, 2, 2, 2, 2, 2, 2, 2, 2, 2, 2, 2, 2, 2, 2, 2, 2, 
        2, 2, 2, 2, 2, 2, 2, 2, 2, 2, 2, 2, 2, 2, 2, 2, 2, 2, 2, 2, 2, 2, 2, 2, 
        2, 2, 2, 1, 2, 2, 2, 2, 2, 2, 2, 2, 2, 2, 2, 2, 2, 2, 2, 2, 2, 2, 2, 2, 
        2, 2, 2, 2, 2, 2, 2, 2, 2, 2, 2, 2, 1 ],
        [ IntegerRing() | -1, -1, 2, 2, 2, 2, 2, 2, 2, 2, 2, 2, 2, 2, 2, 2, 2, 
        2, 2, 2, 2, 2, 2, 2, 2, 2, 2, 2, 2, 2, 2, 2, 2, 2, 1, 2, 2, 2, 2, 2, 2, 
        2, 2, 2, 2, 2, 2, 2, 2, 2, 2, 2, 2, 2, 2, 2, 2, 2, 2, 2, 2, 2, 2, 2, 2, 
        2, 2, -1, 2, 2, 2, 2, 2, 2, 2, 2, 2, 2, 2, 2, 2, 2, 2, 2, 2, 2, 2, 2, 2,
        2, 2, 2, 2, 2, 2, 2, 2, 2, 2, 2, 1, 1 ],
        [ IntegerRing() | -1, -1, 2, 2, 2, 2, 2, 2, 2, 2, 2, 2, 2, 2, 2, 2, 2, 
        2, 2, 2, 2, 2, 2, 2, 2, 2, 2, 2, 2, 2, 2, 2, 2, 2, 1, 2, 2, 2, 2, 2, 2, 
        2, 2, 2, 2, 2, 2, 2, 2, 2, 2, 2, 2, 2, 2, 2, 2, 2, 2, 2, 2, 2, 2, 2, 2, 
        2, 2, -1, 2, 2, 2, 2, 2, 2, 2, 2, 2, 2, 2, 2, 2, 2, 2, 2, 2, 2, 2, 2, 2,
        2, 2, 2, 2, 2, 2, 2, 2, 2, 2, 2, 1, -2, -2, -2, -2, -2, -2, -2, -2, -2, 
        -2, -2, -2, -2, -2, -2, -2, -2, -2, 1, 1, 1, -2, -2, 1, -2, -2, -2, -2, 
        -2, -2, -2, -2, -2, -2, -2, -2, -2, 1 ]
    ], level := 96, genus := 16, index := 288, contains_minus_one := true, 
    subgroups := [], supergroups := [ IntegerRing() | 1244, 1886, 1888 ], name 
    := "96C16", label := "C", order := 2048, GLZConj := 1, matgens := [ 
        PowerSequence(IntegerRing(96)) |
        [ IntegerRing(96) | 1, 0, 24, 1 ],
        [ IntegerRing(96) | 1, 0, 36, 1 ],
        [ IntegerRing(96) | 1, 0, 48, 1 ],
        [ IntegerRing(96) | 1, 0, 66, 1 ],
        [ IntegerRing(96) | 11, 24, 60, 35 ],
        [ IntegerRing(96) | 25, 48, 48, 73 ],
        [ IntegerRing(96) | 33, 32, 64, 33 ],
        [ IntegerRing(96) | 49, 0, 0, 49 ],
        [ IntegerRing(96) | 49, 0, 48, 49 ],
        [ IntegerRing(96) | 65, 0, 0, 65 ],
        [ IntegerRing(96) | 71, 62, 11, 61 ],
        [ IntegerRing(96) | 85, 72, 24, 61 ]
    ], cusps := [ IntegerRing() | 6, 6, 6, 6, 6, 6, 6, 6, 12, 12, 12, 12, 96, 96
    ], c2 := [ IntegerRing() | 1, 1, 1, 1, 1, 1, 1, 1, 2, 2, 2, 2, 2, 2, 2, 2, 
    2, 2, 2, 2, 2, 2, 2, 2, 2, 2, 2, 2, 2, 2, 2, 2, 2, 2, 2, 2, 2, 2, 2, 2, 2, 
    2, 2, 2, 2, 2, 2, 2, 2, 2, 2, 2, 2, 2, 2, 2, 2, 2, 2, 2, 2, 2, 2, 2, 2, 2, 
    2, 2, 2, 2, 2, 2, 2, 2, 2, 2, 2, 2, 2, 2, 2, 2, 2, 2, 2, 2, 2, 2, 2, 2, 2, 
    2, 2, 2, 2, 2, 2, 2, 2, 2, 2, 2, 2, 2, 2, 2, 2, 2, 2, 2, 2, 2, 2, 2, 2, 2, 
    2, 2, 2, 2, 2, 2, 2, 2, 2, 2, 2, 2, 2, 2, 2, 2, 2, 2, 2, 2, 2, 2, 2, 2, 2, 
    2, 2, 2, 2, 2, 2, 2 ], c3 := [ IntegerRing() | 3, 3, 3, 3, 3, 3, 3, 3, 3, 3,
    3, 3, 3, 3, 3, 3, 3, 3, 3, 3, 3, 3, 3, 3, 3, 3, 3, 3, 3, 3, 3, 3, 3, 3, 3, 
    3, 3, 3, 3, 3, 3, 3, 3, 3, 3, 3, 3, 3, 3, 3, 3, 3, 3, 3, 3, 3, 3, 3, 3, 3, 
    3, 3, 3, 3, 3, 3, 3, 3, 3, 3, 3, 3, 3, 3, 3, 3, 3, 3, 3, 3, 3, 3, 3, 3, 3, 
    3, 3, 3, 3, 3, 3, 3, 3, 3, 3, 3 ], gc := [ IntegerRing() | 2, 2, 4, 4, 4, 4,
    4, 8, 8, 8, 8, 8, 8, 8, 16, 16, 16, 16 ], special_name := [], 
    special_name_html := [], direct_subgroups := [], direct_supergroups := [ 
    IntegerRing() | 1244, 1886, 1888 ], length := 72, treename := [ 
        PowerSequence(IntegerRing()) |
        [ IntegerRing() | 384, 3, 2, 3, 5, 5, 5, 5 ],
        [ IntegerRing() | 384, 3, 2, 3, 5, 5, 5, 9 ],
        [ IntegerRing() | 384, 3, 2, 9, 9, 9, 3, 9 ],
        [ IntegerRing() | 384, 3, 2, 9, 9, 9, 9, 3 ],
        [ IntegerRing() | 384, 3, 2, 9, 9, 9, 9, 12 ],
        [ IntegerRing() | 384, 3, 2, 9, 9, 9, 9, 14 ],
        [ IntegerRing() | 480, 6, 5, 6, 6, 14, 4, 4 ],
        [ IntegerRing() | 480, 6, 5, 6, 6, 14, 4, 11 ],
        [ IntegerRing() | 480, 6, 5, 14, 12, 4, 4, 7 ],
        [ IntegerRing() | 480, 6, 5, 14, 12, 4, 4, 13 ],
        [ IntegerRing() | 480, 6, 5, 14, 12, 4, 4, 16 ],
        [ IntegerRing() | 480, 6, 5, 14, 12, 4, 13, 13 ],
        [ IntegerRing() | 576, 4, 3, 4, 9, 7, 5, 5 ],
        [ IntegerRing() | 576, 4, 3, 4, 9, 7, 5, 9 ],
        [ IntegerRing() | 576, 4, 3, 5, 13, 9, 4, 17 ],
        [ IntegerRing() | 576, 4, 3, 5, 13, 9, 5, 5 ],
        [ IntegerRing() | 576, 4, 3, 5, 13, 9, 5, 7 ],
        [ IntegerRing() | 576, 4, 3, 5, 13, 9, 5, 17 ]
    ], treesupergroups := [ PowerSequence(IntegerRing()) |
        [ IntegerRing() | 384, 3, 2, 3, 5, 5, 5 ],
        [ IntegerRing() | 384, 3, 2, 3, 5, 5, 5 ],
        [ IntegerRing() | 384, 3, 2, 9, 9, 9, 3 ],
        [ IntegerRing() | 384, 3, 2, 9, 9, 9, 9 ],
        [ IntegerRing() | 384, 3, 2, 9, 9, 9, 9 ],
        [ IntegerRing() | 384, 3, 2, 9, 9, 9, 9 ],
        [ IntegerRing() | 480, 6, 5, 6, 6, 14, 4 ],
        [ IntegerRing() | 480, 6, 5, 6, 6, 14, 4 ],
        [ IntegerRing() | 480, 6, 5, 14, 12, 4, 4 ],
        [ IntegerRing() | 480, 6, 5, 14, 12, 4, 4 ],
        [ IntegerRing() | 480, 6, 5, 14, 12, 4, 4 ],
        [ IntegerRing() | 480, 6, 5, 14, 12, 4, 13 ],
        [ IntegerRing() | 576, 4, 3, 4, 9, 7, 5 ],
        [ IntegerRing() | 576, 4, 3, 4, 9, 7, 5 ],
        [ IntegerRing() | 576, 4, 3, 5, 13, 9, 4 ],
        [ IntegerRing() | 576, 4, 3, 5, 13, 9, 5 ],
        [ IntegerRing() | 576, 4, 3, 5, 13, 9, 5 ],
        [ IntegerRing() | 576, 4, 3, 5, 13, 9, 5 ]
    ]>,
    rec<recformat<generators: SeqEnum, level: IntegerRing(), genus: 
    IntegerRing(), index: IntegerRing(), contains_minus_one: BoolElt, subgroups:
    SeqEnum, supergroups: SeqEnum, name: MonStgElt, label: MonStgElt, order: 
    IntegerRing(), GLZConj: IntegerRing(), matgens: SeqEnum, cusps: SeqEnum, c2:
    SeqEnum, c3: SeqEnum, gc: SeqEnum, projections: SeqEnum, special_name: 
    SeqEnum, special_name_html: SeqEnum, direct_subgroups: SeqEnum, 
    direct_supergroups: SeqEnum, length: IntegerRing(), treename: SeqEnum, 
    treesupergroups: SeqEnum> | generators := [ PowerSequence(IntegerRing()) |
        [ IntegerRing() | -1, 2, 2, 2, 2, 2, 2, 2, 2, 2, 2, 2, 2, 2, 2, 2, 2, 2,
        2, 2, 2, 2, 2, 2, 2, 2, 2, 2, 2, 2, 2, 2, 2, 2, 2, 2, 2, 2, 2, 2, 2, 2, 
        2, 2, 2, 2, 2, 2, 2, 2, 2, 2, 2, 2, 2, 2, 2, 2, 2, 2, 2, 1 ],
        [ IntegerRing() | -1, 2, 2, 2, 2, 2, 2, 2, 2, 2, 2, 2, 2, 2, 2, 2, 2, 2,
        2, 2, 2, 2, 2, 2, 2, 2, 2, 2, 2, 2, 2, 2, 2, 2, 2, 2, 2, 2, 2, 2, 2, 2, 
        2, 2, 2, 2, 2, 2, 2, 1 ],
        [ IntegerRing() | -1, -1, 2, 2, 2, 2, 2, 2, 2, 2, 2, 2, 2, 2, 2, 2, 2, 
        2, 2, 2, 2, 2, 2, 2, 2, 2, 2, 2, 2, 2, 2, 2, 2, 2, 2, 2, 2, 2, 2, 2, 2, 
        2, 2, 2, 2, 2, 2, 2, 2, 2, 2, 2, 2, 2, 2, 2, 2, 2, 2, 2, 2, 2, 2, 2, 2, 
        2, 1, 2, 2, 1, 1, 1, -2, -2, -2, -2, -2, -2, 1, -2, -2, 1, -2, -2, -2, 
        -2, -2, -2, -2, -2, -2, -2 ],
        [ IntegerRing() | -1, 2, 2, 2, 2, 2, 2, 2, 2, 2, 2, 2, 2, 2, 2, 2, 2, 2,
        2, 2, 2, 2, 2, 2, 2, 2, 2, 2, 2, 2, 2, 2, 2, -1, 2, 2, 2, 2, 2, 2, 2, 2,
        2, 2, 2, 2, 2, 2, 2, 2, 2, 2, 2, 2, 2, 2, 2, 2, 2, 2, 2, 2, 2, 2, 2, 2, 
        2, 2, 2, 2, 2, 2, 2, 2, 2, 2, 2, 2, 2, 2, 2, 2, 2, 2, 2, 2, 2, 2, 2, 2, 
        2, 2, 2, 2, 2, 2, 2, 2, 1, -2, -2, -2, -2, -2, -2, -2, -2, -2, -2, -2, 
        -2, -2, -2, -2, -2, -2, -2, -2, -2, -2, -2, -2, -2, -2, -2, -2, -2, -2, 
        -2, 1, 1, 1, -2, -2, -2, -2, 1, -2, -2, 1, -2, -2, -2, -2, -2, -2, -2, 
        -2, -2, -2, -2, -2 ],
        [ IntegerRing() | -1, -2, -2, -2, -2, -2, -2, -2, -2, -2, -2, -2, -2, 
        -2, -2, -2, -2, -2, -2, -2, -2, -2, -2, -2, -2, 1 ],
        [ IntegerRing() | -1, 2, 2, 2, 2, 2, 2, 2, 2, 2, 2, 2, 2, 2, 2, 2, 2, 2,
        2, 2, 2, 2, 2, 2, 2, 2, 2, 2, 2, 2, 2, 2, 2, -1, 2, 2, 2, 2, 2, 2, 2, 2,
        2, 2, 2, 2, 2, 2, 2, 2, 2, 2, 2, 2, 2, 2, 2, 2, 2, 2, 2, 2, 2, 2, 2, 2, 
        2, 2, 2, 2, 2, 2, 2, 2, 2, 2, 2, 2, 2, 2, 2, 2, 2, 2, 2, 2, 2, 2, 2, 2, 
        2, 2, 2, 2, 2, 2, 2, 2, 1, -2, -2, -2, -2, -2, -2, -2, -2, -2, -2, -2, 
        -2, -2, -2, -2, -2, -2, -2, -2, -2, -2, -2, -2, -2, -2, -2, -2, -2, 1, 
        -2, -2, 1, -2, -2, 1, -2, -2, -2, -2, 1, -2, -2, 1, -2, -2, -2, -2, -2, 
        -2, -2, -2, -2, -2 ],
        [ IntegerRing() | -1, 2, 2, 2, 2, 2, 2, 2, 2, 2, 2, 2, 2, 2, 2, 2, 2, 2,
        2, 2, 2, 2, 2, 2, 2, 2, 2, 2, 2, 2, 2, 2, 2, -1, 2, 2, 2, 2, 2, 2, 2, 2,
        2, 2, 2, 2, 2, 2, 2, 2, 2, 2, 2, 2, 2, 2, 2, 2, 2, 2, 2, 2, 2, 2, 2, 2, 
        2, 2, 2, 2, 2, 2, 2, 2, 2, 2, 2, 2, 2, 2, 2, 2, 2, 2, 2, 2, 2, 2, 2, 2, 
        2, 2, 2, 2, 2, 2, 2, 2, 1, 2, 2, 2, 2, 2, 2, 2, 2, 2, 2, 2, 2, 2, 2, 2, 
        2, 2, 2, 2, 2, 1, -2, -2, 1, -2, -2, 1, -2, -2, -2, -2, 1, -2, -2, 1, 
        -2, -2, -2, -2, -2, -2, -2, -2, -2, -2 ],
        [ IntegerRing() | -1, -1, 2, 2, 2, 2, 2, 2, 2, 2, 2, 2, 2, 2, 2, 2, 2, 
        2, 2, 2, 2, 2, 2, 2, 2, 2, 2, 2, 2, 2, 2, 2, 2, 2, 2, 2, 2, 2, 2, 2, 2, 
        2, 2, 2, 2, 2, 2, 2, 2, 2, 2, 2, 2, 2, 2, 2, 2, 2, 2, 2, 2, 2, 2, 2, 2, 
        2, 1, 2, 2, 2, 2, 2, 2, 2, 2, 2, 2, 2, 2, 2, 2, 2, 2, 2, 2, 2, 2, 2, 2, 
        2, 2, 2, 2, 2, 2, 2, 2, 2, 2, 2, 2, 2, 2, 2, 2, 1, -2, -2, -2, -2, -2, 
        -2, 1, -2, -2, 1, -2, -2, -2, -2, -2, -2, -2, -2, -2, -2 ],
        [ IntegerRing() | -1, -1, 2, 2, 2, 2, 2, 2, 2, 2, 2, 2, 2, 2, 2, 2, 2, 
        2, 2, 2, 2, 2, 2, 2, 2, 2, 2, 2, 2, 2, 2, 2, 2, 2, 2, 2, 2, 2, 2, 2, 2, 
        2, 2, 2, 2, 2, 2, 2, 2, 2, 2, 2, 2, 2, 2, 2, 2, 2, 2, 2, 2, 2, 2, 2, 2, 
        2, 1, 2, 2, 2, 2, 2, 2, 2, 2, 2, 2, 2, 2, 2, 2, 2, 2, 2, 2, 2, 2, 2, 2, 
        2, 2, 2, 2, 2, 2, 2, 2, 2, 2, -1, 2, 2, 2, 2, 2, 2, 2, 2, 2, 2, 2, 2, 2,
        2, 2, 2, 2, 2, 2, 2, 2, 2, 2, 2, 2, 2, 2, 2, 2, 2, 2, 2, 2, 2, 2, 2, 2, 
        2, 2, 2, 2, 2, 2, 2, 2, 2, 2, 2, 2, 2, 2, 2, 2, 2, 2, 2, 2, 2, 2, 2, 2, 
        2, 2, 2, 1, 2, 2, 2, 2, 2, 2, 2, 2, 2, 2, 2, 2, 2, 2, 2, 2, 2, 2, 2, 2, 
        2, 2, 2, 2, 2, 2, 2, 2, 2, 2, 2, 2, 1 ],
        [ IntegerRing() | -1, -1, 2, 2, 2, 2, 2, 2, 2, 2, 2, 2, 2, 2, 2, 2, 2, 
        2, 2, 2, 2, 2, 2, 2, 2, 2, 2, 2, 2, 2, 2, 2, 2, 2, 1, 2, 2, 2, 2, 2, 2, 
        2, 2, 2, 2, 2, 2, 2, 2, 2, 2, 2, 2, 2, 2, 2, 2, 2, 2, 2, 2, 2, 2, 2, 2, 
        2, 2, -1, 2, 2, 2, 2, 2, 2, 2, 2, 2, 2, 2, 2, 2, 2, 2, 2, 2, 2, 2, 2, 2,
        2, 2, 2, 2, 2, 2, 2, 2, 2, 2, 2, 1, 1 ],
        [ IntegerRing() | -1, -1, 2, 2, 2, 2, 2, 2, 2, 2, 2, 2, 2, 2, 2, 2, 2, 
        2, 2, 2, 2, 2, 2, 2, 2, 2, 2, 2, 2, 2, 2, 2, 2, 2, 1, 2, 2, 2, 2, 2, 2, 
        2, 2, 2, 2, 2, 2, 2, 2, 2, 2, 2, 2, 2, 2, 2, 2, 2, 2, 2, 2, 2, 2, 2, 2, 
        2, 2, 2, 2, 2, 2, 1, 1, 1, -2, -2, -2, -2, -2, -2, -2, -2, -2, -2, -2, 
        -2, -2, -2, -2, -2, -2, -2, 1, -2, -2, -2, -2, -2, 1 ],
        [ IntegerRing() | -1, -1, 2, 2, 2, 2, 2, 2, 2, 2, 2, 2, 2, 2, 2, 2, 2, 
        2, 2, 2, 2, 2, 2, 2, 2, 2, 2, 2, 2, 2, 2, 2, 2, 2, 1, 2, 2, 2, 2, 2, 2, 
        2, 2, 2, 2, 2, 2, 2, 2, 2, 2, 2, 2, 2, 2, 2, 2, 2, 2, 2, 2, 2, 2, 2, 2, 
        2, 2, -1, 2, 2, 2, 2, 2, 2, 2, 2, 2, 2, 2, 2, 2, 2, 2, 2, 2, 2, 2, 2, 2,
        2, 2, 2, 2, 2, 2, 2, 2, 2, 2, 2, 1, -2, -2, -2, -2, -2, -2, -2, -2, -2, 
        -2, -2, -2, -2, -2, -2, -2, -2, -2, 1, 1, 1, -2, -2, 1, -2, -2, -2, -2, 
        -2, -2, -2, -2, -2, -2, -2, -2, -2, 1 ]
    ], level := 96, genus := 16, index := 288, contains_minus_one := true, 
    subgroups := [], supergroups := [ IntegerRing() | 1244, 1887, 1889 ], name 
    := "96D16", label := "D", order := 2048, GLZConj := 1, matgens := [ 
        PowerSequence(IntegerRing(96)) |
        [ IntegerRing(96) | 1, 0, 24, 1 ],
        [ IntegerRing(96) | 1, 0, 36, 1 ],
        [ IntegerRing(96) | 1, 0, 48, 1 ],
        [ IntegerRing(96) | 11, 24, 60, 35 ],
        [ IntegerRing(96) | 25, 48, 48, 73 ],
        [ IntegerRing(96) | 33, 32, 64, 33 ],
        [ IntegerRing(96) | 49, 0, 0, 49 ],
        [ IntegerRing(96) | 49, 0, 48, 49 ],
        [ IntegerRing(96) | 65, 0, 0, 65 ],
        [ IntegerRing(96) | 71, 14, 41, 73 ],
        [ IntegerRing(96) | 71, 62, 11, 61 ],
        [ IntegerRing(96) | 85, 72, 24, 61 ]
    ], cusps := [ IntegerRing() | 6, 6, 6, 6, 6, 6, 6, 6, 12, 12, 12, 12, 96, 96
    ], c2 := [ IntegerRing() | 1, 1, 1, 1, 1, 1, 1, 1, 2, 2, 2, 2, 2, 2, 2, 2, 
    2, 2, 2, 2, 2, 2, 2, 2, 2, 2, 2, 2, 2, 2, 2, 2, 2, 2, 2, 2, 2, 2, 2, 2, 2, 
    2, 2, 2, 2, 2, 2, 2, 2, 2, 2, 2, 2, 2, 2, 2, 2, 2, 2, 2, 2, 2, 2, 2, 2, 2, 
    2, 2, 2, 2, 2, 2, 2, 2, 2, 2, 2, 2, 2, 2, 2, 2, 2, 2, 2, 2, 2, 2, 2, 2, 2, 
    2, 2, 2, 2, 2, 2, 2, 2, 2, 2, 2, 2, 2, 2, 2, 2, 2, 2, 2, 2, 2, 2, 2, 2, 2, 
    2, 2, 2, 2, 2, 2, 2, 2, 2, 2, 2, 2, 2, 2, 2, 2, 2, 2, 2, 2, 2, 2, 2, 2, 2, 
    2, 2, 2, 2, 2, 2, 2 ], c3 := [ IntegerRing() | 3, 3, 3, 3, 3, 3, 3, 3, 3, 3,
    3, 3, 3, 3, 3, 3, 3, 3, 3, 3, 3, 3, 3, 3, 3, 3, 3, 3, 3, 3, 3, 3, 3, 3, 3, 
    3, 3, 3, 3, 3, 3, 3, 3, 3, 3, 3, 3, 3, 3, 3, 3, 3, 3, 3, 3, 3, 3, 3, 3, 3, 
    3, 3, 3, 3, 3, 3, 3, 3, 3, 3, 3, 3, 3, 3, 3, 3, 3, 3, 3, 3, 3, 3, 3, 3, 3, 
    3, 3, 3, 3, 3, 3, 3, 3, 3, 3, 3 ], gc := [ IntegerRing() | 2, 2, 4, 4, 4, 4,
    4, 8, 8, 8, 8, 8, 8, 8, 16, 16, 16, 16 ], special_name := [], 
    special_name_html := [], direct_subgroups := [], direct_supergroups := [ 
    IntegerRing() | 1244, 1887, 1889 ], length := 72, treename := [ 
        PowerSequence(IntegerRing()) |
        [ IntegerRing() | 384, 3, 2, 3, 5, 5, 5, 3 ],
        [ IntegerRing() | 384, 3, 2, 3, 5, 5, 5, 11 ],
        [ IntegerRing() | 384, 3, 2, 9, 9, 9, 2, 3 ],
        [ IntegerRing() | 384, 3, 2, 9, 9, 9, 5, 4 ],
        [ IntegerRing() | 384, 3, 2, 9, 9, 9, 5, 11 ],
        [ IntegerRing() | 384, 3, 2, 9, 9, 9, 5, 14 ],
        [ IntegerRing() | 480, 6, 5, 6, 6, 14, 4, 7 ],
        [ IntegerRing() | 480, 6, 5, 6, 6, 14, 4, 15 ],
        [ IntegerRing() | 480, 6, 5, 14, 12, 4, 5, 11 ],
        [ IntegerRing() | 480, 6, 5, 14, 12, 4, 11, 6 ],
        [ IntegerRing() | 480, 6, 5, 14, 12, 4, 11, 14 ],
        [ IntegerRing() | 480, 6, 5, 14, 12, 4, 11, 18 ],
        [ IntegerRing() | 576, 4, 3, 4, 9, 7, 5, 12 ],
        [ IntegerRing() | 576, 4, 3, 4, 9, 7, 5, 18 ],
        [ IntegerRing() | 576, 4, 3, 5, 13, 9, 6, 17 ],
        [ IntegerRing() | 576, 4, 3, 5, 13, 9, 9, 5 ],
        [ IntegerRing() | 576, 4, 3, 5, 13, 9, 9, 7 ],
        [ IntegerRing() | 576, 4, 3, 5, 13, 9, 9, 17 ]
    ], treesupergroups := [ PowerSequence(IntegerRing()) |
        [ IntegerRing() | 384, 3, 2, 3, 5, 5, 5 ],
        [ IntegerRing() | 384, 3, 2, 3, 5, 5, 5 ],
        [ IntegerRing() | 384, 3, 2, 9, 9, 9, 2 ],
        [ IntegerRing() | 384, 3, 2, 9, 9, 9, 5 ],
        [ IntegerRing() | 384, 3, 2, 9, 9, 9, 5 ],
        [ IntegerRing() | 384, 3, 2, 9, 9, 9, 5 ],
        [ IntegerRing() | 480, 6, 5, 6, 6, 14, 4 ],
        [ IntegerRing() | 480, 6, 5, 6, 6, 14, 4 ],
        [ IntegerRing() | 480, 6, 5, 14, 12, 4, 5 ],
        [ IntegerRing() | 480, 6, 5, 14, 12, 4, 11 ],
        [ IntegerRing() | 480, 6, 5, 14, 12, 4, 11 ],
        [ IntegerRing() | 480, 6, 5, 14, 12, 4, 11 ],
        [ IntegerRing() | 576, 4, 3, 4, 9, 7, 5 ],
        [ IntegerRing() | 576, 4, 3, 4, 9, 7, 5 ],
        [ IntegerRing() | 576, 4, 3, 5, 13, 9, 6 ],
        [ IntegerRing() | 576, 4, 3, 5, 13, 9, 9 ],
        [ IntegerRing() | 576, 4, 3, 5, 13, 9, 9 ],
        [ IntegerRing() | 576, 4, 3, 5, 13, 9, 9 ]
    ]>,
    rec<recformat<generators: SeqEnum, level: IntegerRing(), genus: 
    IntegerRing(), index: IntegerRing(), contains_minus_one: BoolElt, subgroups:
    SeqEnum, supergroups: SeqEnum, name: MonStgElt, label: MonStgElt, order: 
    IntegerRing(), GLZConj: IntegerRing(), matgens: SeqEnum, cusps: SeqEnum, c2:
    SeqEnum, c3: SeqEnum, gc: SeqEnum, projections: SeqEnum, special_name: 
    SeqEnum, special_name_html: SeqEnum, direct_subgroups: SeqEnum, 
    direct_supergroups: SeqEnum, length: IntegerRing(), treename: SeqEnum, 
    treesupergroups: SeqEnum> | generators := [ PowerSequence(IntegerRing()) |
        [ IntegerRing() | -1, -1, 2, 2, 2, 2, 2, 2, 2, 2, 2, 2, 2, 2, 2, 2, 2, 
        2, 2, 2, 2, 2, 2, 2, 2, 2, 2, 2, 2, 2, 2, 2, 2, 2, 2, 2, 2, 2, 2, 2, 2, 
        2, 2, 2, 2, 2, 2, 2, 2, 2, 2, 2, 2, 2, 2, 2, 2, 2, 2, 2, 2, 2, 2, 2, 2, 
        2, 1, 2, 2, 2, 2, 2, 2, 2, 2, 2, 2, 2, 2, 2, 2, 2, 2, 2, 2, 2, 2, 2, 2, 
        2, 2, 2, 2, 2, 2, 2, 2, 2, 2, 2, 2, 2, 2, 2, 2, 2, 2, 2, 2, 2, 2, 2, 2, 
        2, 2, 2, 2, 2, 2, 2, 2, 2, 2, 2, 2, 2, 2, 2, 2, 2, 2, -1, 2, 2, 2, 2, 2,
        2, 2, 2, 2, 2, 2, 2, 2, 2, 2, 2, 2, 2, 2, 2, 2, 2, 2, 2, 2, 2, 2, 2, 2, 
        2, 2, 2, 1, -2, -2, -2, -2, -2, -2, -2, -2, -2, -2, -2, -2, -2, -2, -2, 
        -2, -2, -2, -2, -2, -2, -2, -2, -2, -2, -2, 1, 1, 1, -2, -2, -2, -2, -2,
        -2, -2, -2, -2, -2, -2, -2, -2, -2, -2, -2, -2, -2, 1, -2, -2, -2, -2, 
        -2, 1 ],
        [ IntegerRing() | -1, -1, 2, 2, 2, 2, 2, 2, 2, 2, 2, 2, 2, 2, 2, 2, 2, 
        2, 2, 2, 2, 2, 2, 2, 2, 2, 2, 2, 2, 2, 2, 2, 2, 2, 2, 2, 2, 2, 2, 2, 2, 
        2, 2, 2, 2, 2, 2, 2, 2, 2, 2, 2, 2, 2, 2, 2, 2, 2, 2, 2, 2, 2, 2, 2, 2, 
        2, 1, 2, 2, 1, 1, 1, -2, -2, -2, -2, -2, -2, 1, -2, -2, 1, -2, -2, -2, 
        -2, -2, -2, -2, -2, -2, -2 ],
        [ IntegerRing() | -1, 2, 2, 2, 2, 2, 2, 2, 2, 2, 2, 2, 2, 2, 2, 2, 2, 2,
        2, 2, 2, 2, 2, 2, 2, 2, 2, 2, 2, 2, 2, 2, 2, -1, 2, 2, 2, 2, 2, 2, 2, 2,
        2, 2, 2, 2, 2, 2, 2, 2, 2, 2, 2, 2, 2, 2, 2, 2, 2, 2, 2, 2, 2, 2, 2, 2, 
        2, 2, 2, 2, 2, 2, 2, 2, 2, 2, 2, 2, 2, 2, 2, 2, 2, 2, 2, 2, 2, 2, 2, 2, 
        2, 2, 2, 2, 2, 2, 2, 2, 1, -2, -2, -2, -2, -2, -2, -2, -2, -2, -2, -2, 
        -2, -2, -2, -2, -2, -2, -2, -2, -2, -2, -2, -2, -2, -2, -2, -2, -2, 1, 
        -2, -2, 1, -2, -2, 1, -2, -2, -2, -2, 1, -2, -2, 1, -2, -2, -2, -2, -2, 
        -2, -2, -2, -2, -2 ],
        [ IntegerRing() | -1, 2, 2, 2, 2, 2, 2, 2, 2, 2, 2, 2, 2, 2, 2, 2, 2, 2,
        2, 2, 2, 2, 2, 2, 2, 2, 2, 2, 2, 2, 2, 2, 2, 2, 2, 2, 2, 2, 2, 2, 2, 2, 
        2, 2, 2, 2, 2, 2, 2, 2, 2, 2, 2, 2, 2, 2, 2, 2, 2, 2, 2, 1 ],
        [ IntegerRing() | -1, 2, 2, 2, 2, 2, 2, 2, 2, 2, 2, 2, 2, 2, 2, 2, 2, 2,
        2, 2, 2, 2, 2, 2, 2, 2, 2, 2, 2, 2, 2, 2, 2, -1, 2, 2, 2, 2, 2, 2, 2, 2,
        2, 2, 2, 2, 2, 2, 2, 2, 2, 2, 2, 2, 2, 2, 2, 2, 2, 2, 2, 2, 2, 2, 2, 2, 
        2, 2, 2, 2, 2, 2, 2, 2, 2, 2, 2, 2, 2, 2, 2, 2, 2, 2, 2, 2, 2, 2, 2, 2, 
        2, 2, 2, 2, 2, 2, 2, 2, 1, -2, -2, -2, -2, -2, -2, -2, -2, -2, -2, -2, 
        -2, -2, -2, -2, -2, -2, -2, -2, -2, -2, -2, -2, -2, -2, -2, -2, -2, -2, 
        -2, 1, 1, 1, -2, -2, -2, -2, 1, -2, -2, 1, -2, -2, -2, -2, -2, -2, -2, 
        -2, -2, -2, -2, -2 ],
        [ IntegerRing() | -1, 2, 2, 2, 2, 2, 2, 2, 2, 2, 2, 2, 2, 2, 2, 2, 2, 2,
        2, 2, 2, 2, 2, 2, 2, 2, 2, 2, 2, 2, 2, 2, 2, -1, 2, 2, 2, 2, 2, 2, 2, 2,
        2, 2, 2, 2, 2, 2, 2, 2, 2, 2, 2, 2, 2, 2, 2, 2, 2, 2, 2, 2, 2, 2, 2, 2, 
        2, 2, 2, 2, 2, 2, 2, 2, 2, 2, 2, 2, 2, 2, 2, 2, 2, 2, 2, 2, 2, 2, 2, 2, 
        2, 2, 2, 2, 2, 2, 2, 2, 1, 2, 2, 2, 2, 2, 2, 2, 2, 2, 2, 2, 2, 2, 2, 2, 
        2, 2, 2, 2, 2, 1, -2, -2, 1, -2, -2, 1, -2, -2, -2, -2, 1, -2, -2, 1, 
        -2, -2, -2, -2, -2, -2, -2, -2, -2, -2 ],
        [ IntegerRing() | -1, 2, 2, 2, 2, 2, 2, 2, 2, 2, 2, 2, 2, 2, 2, 2, 2, 2,
        2, 2, 2, 2, 2, 2, 2, 2, 2, 2, 2, 2, 2, 2, 2, 2, 2, 2, 2, 2, 2, 2, 2, 2, 
        2, 2, 2, 2, 2, 2, 2, 1 ],
        [ IntegerRing() | -1, -2, -2, -2, -2, -2, -2, -2, -2, -2, -2, -2, -2, 
        -2, -2, -2, -2, -2, -2, -2, -2, -2, -2, -2, -2, 1 ],
        [ IntegerRing() | -1, -1, 2, 2, 2, 2, 2, 2, 2, 2, 2, 2, 2, 2, 2, 2, 2, 
        2, 2, 2, 2, 2, 2, 2, 2, 2, 2, 2, 2, 2, 2, 2, 2, 2, 2, 2, 2, 2, 2, 2, 2, 
        2, 2, 2, 2, 2, 2, 2, 2, 2, 2, 2, 2, 2, 2, 2, 2, 2, 2, 2, 2, 2, 2, 2, 2, 
        2, 1, 2, 2, 2, 2, 2, 2, 2, 2, 2, 2, 2, 2, 2, 2, 2, 2, 2, 2, 2, 2, 2, 2, 
        2, 2, 2, 2, 2, 2, 2, 2, 2, 2, 2, 2, 2, 2, 2, 2, 1, -2, -2, -2, -2, -2, 
        -2, 1, -2, -2, 1, -2, -2, -2, -2, -2, -2, -2, -2, -2, -2 ],
        [ IntegerRing() | -1, -1, 2, 2, 2, 2, 2, 2, 2, 2, 2, 2, 2, 2, 2, 2, 2, 
        2, 2, 2, 2, 2, 2, 2, 2, 2, 2, 2, 2, 2, 2, 2, 2, 2, 1, 2, 2, 2, 2, 2, 2, 
        2, 2, 2, 2, 2, 2, 2, 2, 2, 2, 2, 2, 2, 2, 2, 2, 2, 2, 2, 2, 2, 2, 2, 2, 
        2, 2, -1, 2, 2, 2, 2, 2, 2, 2, 2, 2, 2, 2, 2, 2, 2, 2, 2, 2, 2, 2, 2, 2,
        2, 2, 2, 2, 2, 2, 2, 2, 2, 2, 2, 2, 2, 2, 2, 2, 2, 2, 2, 2, 2, 2, 2, 2, 
        2, 2, 2, 2, 2, 2, 2, 2, 2, 2, 2, 2, 2, 2, 2, 2, 2, 2, 2, 1, 2, 2, 2, 2, 
        2, 2, 2, 2, 2, 2, 2, 2, 1, 1, 1, -2, -2, -2, -2, -2, -2, 1, -2, -2, -2, 
        -2, 1, -2, -2, -2, -2, -2, -2, -2, -2, -2, -2 ],
        [ IntegerRing() | -1, -1, 2, 2, 2, 2, 2, 2, 2, 2, 2, 2, 2, 2, 2, 2, 2, 
        2, 2, 2, 2, 2, 2, 2, 2, 2, 2, 2, 2, 2, 2, 2, 2, 2, 2, 2, 2, 2, 2, 2, 2, 
        2, 2, 2, 2, 2, 2, 2, 2, 2, 2, 2, 2, 2, 2, 2, 2, 2, 2, 2, 2, 2, 2, 2, 2, 
        2, 1, 2, 2, 2, 2, 2, 2, 2, 2, 2, 2, 2, 2, 2, 2, 2, 2, 2, 2, 2, 2, 2, 2, 
        2, 2, 2, 2, 2, 2, 2, 2, 2, 2, -1, 2, 2, 2, 2, 2, 2, 2, 2, 2, 2, 2, 2, 2,
        2, 2, 2, 2, 2, 2, 2, 2, 2, 2, 2, 2, 2, 2, 2, 2, 2, 2, 2, 1, -2, -2, -2, 
        -2, -2, -2, 1, -2, -2, -2, -2, -2, -2, 1, -2, -2, 1, -2, -2, -2, -2, 1, 
        2, 1 ],
        [ IntegerRing() | -1, -1, 2, 2, 2, 2, 2, 2, 2, 2, 2, 2, 2, 2, 2, 2, 2, 
        2, 2, 2, 2, 2, 2, 2, 2, 2, 2, 2, 2, 2, 2, 2, 2, 2, 1, 2, 2, 2, 2, 2, 2, 
        2, 2, 2, 2, 2, 2, 2, 2, 2, 2, 2, 2, 2, 2, 2, 2, 2, 2, 2, 2, 2, 2, 2, 2, 
        2, 2, 2, 2, 2, 2, 1, 1, 1, -2, -2, -2, -2, -2, -2, -2, -2, -2, -2, -2, 
        -2, -2, -2, -2, -2, -2, -2, 1, -2, -2, -2, -2, -2, 1 ]
    ], level := 96, genus := 16, index := 288, contains_minus_one := true, 
    subgroups := [], supergroups := [ IntegerRing() | 1243 ], name := "96E16", 
    label := "E", order := 2048, GLZConj := 2, matgens := [ 
        PowerSequence(IntegerRing(96)) |
        [ IntegerRing(96) | 1, 0, 24, 1 ],
        [ IntegerRing(96) | 1, 0, 36, 1 ],
        [ IntegerRing(96) | 1, 0, 48, 1 ],
        [ IntegerRing(96) | 7, 46, 91, 77 ],
        [ IntegerRing(96) | 11, 24, 60, 35 ],
        [ IntegerRing(96) | 25, 48, 48, 73 ],
        [ IntegerRing(96) | 41, 0, 24, 89 ],
        [ IntegerRing(96) | 49, 0, 0, 49 ],
        [ IntegerRing(96) | 49, 0, 48, 49 ],
        [ IntegerRing(96) | 71, 14, 41, 73 ],
        [ IntegerRing(96) | 79, 38, 35, 29 ],
        [ IntegerRing(96) | 85, 72, 24, 61 ]
    ], cusps := [ IntegerRing() | 6, 6, 6, 6, 6, 6, 6, 6, 12, 12, 12, 12, 96, 96
    ], c2 := [ IntegerRing() | 1, 1, 1, 1, 1, 1, 1, 1, 2, 2, 2, 2, 2, 2, 2, 2, 
    2, 2, 2, 2, 2, 2, 2, 2, 2, 2, 2, 2, 2, 2, 2, 2, 2, 2, 2, 2, 2, 2, 2, 2, 2, 
    2, 2, 2, 2, 2, 2, 2, 2, 2, 2, 2, 2, 2, 2, 2, 2, 2, 2, 2, 2, 2, 2, 2, 2, 2, 
    2, 2, 2, 2, 2, 2, 2, 2, 2, 2, 2, 2, 2, 2, 2, 2, 2, 2, 2, 2, 2, 2, 2, 2, 2, 
    2, 2, 2, 2, 2, 2, 2, 2, 2, 2, 2, 2, 2, 2, 2, 2, 2, 2, 2, 2, 2, 2, 2, 2, 2, 
    2, 2, 2, 2, 2, 2, 2, 2, 2, 2, 2, 2, 2, 2, 2, 2, 2, 2, 2, 2, 2, 2, 2, 2, 2, 
    2, 2, 2, 2, 2, 2, 2 ], c3 := [ IntegerRing() | 3, 3, 3, 3, 3, 3, 3, 3, 3, 3,
    3, 3, 3, 3, 3, 3, 3, 3, 3, 3, 3, 3, 3, 3, 3, 3, 3, 3, 3, 3, 3, 3, 3, 3, 3, 
    3, 3, 3, 3, 3, 3, 3, 3, 3, 3, 3, 3, 3, 3, 3, 3, 3, 3, 3, 3, 3, 3, 3, 3, 3, 
    3, 3, 3, 3, 3, 3, 3, 3, 3, 3, 3, 3, 3, 3, 3, 3, 3, 3, 3, 3, 3, 3, 3, 3, 3, 
    3, 3, 3, 3, 3, 3, 3, 3, 3, 3, 3 ], gc := [ IntegerRing() | 4, 4, 8, 8, 8, 8,
    8, 8, 8, 8, 8, 8, 8, 16, 16, 16, 16, 16, 16, 16, 16, 16, 16, 16, 16 ], 
    special_name := [], special_name_html := [], direct_subgroups := [], 
    direct_supergroups := [ IntegerRing() | 1243 ], length := 144, treename := [
        PowerSequence(IntegerRing()) |
        [ IntegerRing() | 384, 3, 2, 3, 5, 5, 4, 2 ],
        [ IntegerRing() | 384, 3, 2, 3, 5, 5, 4, 4 ],
        [ IntegerRing() | 384, 3, 2, 3, 5, 5, 4, 6 ],
        [ IntegerRing() | 384, 3, 2, 3, 5, 5, 4, 8 ],
        [ IntegerRing() | 384, 3, 2, 3, 5, 5, 4, 10 ],
        [ IntegerRing() | 384, 3, 2, 3, 5, 5, 4, 12 ],
        [ IntegerRing() | 384, 3, 2, 3, 5, 5, 4, 14 ],
        [ IntegerRing() | 384, 3, 2, 3, 5, 5, 4, 15 ],
        [ IntegerRing() | 480, 6, 5, 6, 6, 14, 7, 5 ],
        [ IntegerRing() | 480, 6, 5, 6, 6, 14, 7, 6 ],
        [ IntegerRing() | 480, 6, 5, 6, 6, 14, 7, 7 ],
        [ IntegerRing() | 480, 6, 5, 6, 6, 14, 7, 8 ],
        [ IntegerRing() | 480, 6, 5, 6, 6, 14, 7, 9 ],
        [ IntegerRing() | 480, 6, 5, 6, 6, 14, 7, 10 ],
        [ IntegerRing() | 480, 6, 5, 6, 6, 14, 7, 11 ],
        [ IntegerRing() | 480, 6, 5, 6, 6, 14, 7, 18 ],
        [ IntegerRing() | 576, 4, 3, 4, 9, 7, 4, 4 ],
        [ IntegerRing() | 576, 4, 3, 4, 9, 7, 4, 6 ],
        [ IntegerRing() | 576, 4, 3, 4, 9, 7, 4, 7 ],
        [ IntegerRing() | 576, 4, 3, 4, 9, 7, 4, 11 ],
        [ IntegerRing() | 576, 4, 3, 4, 9, 7, 4, 13 ],
        [ IntegerRing() | 576, 4, 3, 4, 9, 7, 4, 14 ],
        [ IntegerRing() | 576, 4, 3, 4, 9, 7, 4, 16 ],
        [ IntegerRing() | 576, 4, 3, 4, 9, 7, 4, 17 ]
    ], treesupergroups := [ PowerSequence(IntegerRing()) |
        [ IntegerRing() | 384, 3, 2, 3, 5, 5, 4 ],
        [ IntegerRing() | 384, 3, 2, 3, 5, 5, 4 ],
        [ IntegerRing() | 384, 3, 2, 3, 5, 5, 4 ],
        [ IntegerRing() | 384, 3, 2, 3, 5, 5, 4 ],
        [ IntegerRing() | 384, 3, 2, 3, 5, 5, 4 ],
        [ IntegerRing() | 384, 3, 2, 3, 5, 5, 4 ],
        [ IntegerRing() | 384, 3, 2, 3, 5, 5, 4 ],
        [ IntegerRing() | 384, 3, 2, 3, 5, 5, 4 ],
        [ IntegerRing() | 480, 6, 5, 6, 6, 14, 7 ],
        [ IntegerRing() | 480, 6, 5, 6, 6, 14, 7 ],
        [ IntegerRing() | 480, 6, 5, 6, 6, 14, 7 ],
        [ IntegerRing() | 480, 6, 5, 6, 6, 14, 7 ],
        [ IntegerRing() | 480, 6, 5, 6, 6, 14, 7 ],
        [ IntegerRing() | 480, 6, 5, 6, 6, 14, 7 ],
        [ IntegerRing() | 480, 6, 5, 6, 6, 14, 7 ],
        [ IntegerRing() | 480, 6, 5, 6, 6, 14, 7 ],
        [ IntegerRing() | 576, 4, 3, 4, 9, 7, 4 ],
        [ IntegerRing() | 576, 4, 3, 4, 9, 7, 4 ],
        [ IntegerRing() | 576, 4, 3, 4, 9, 7, 4 ],
        [ IntegerRing() | 576, 4, 3, 4, 9, 7, 4 ],
        [ IntegerRing() | 576, 4, 3, 4, 9, 7, 4 ],
        [ IntegerRing() | 576, 4, 3, 4, 9, 7, 4 ],
        [ IntegerRing() | 576, 4, 3, 4, 9, 7, 4 ],
        [ IntegerRing() | 576, 4, 3, 4, 9, 7, 4 ]
    ]>,
    rec<recformat<generators: SeqEnum, level: IntegerRing(), genus: 
    IntegerRing(), index: IntegerRing(), contains_minus_one: BoolElt, subgroups:
    SeqEnum, supergroups: SeqEnum, name: MonStgElt, label: MonStgElt, order: 
    IntegerRing(), GLZConj: IntegerRing(), matgens: SeqEnum, cusps: SeqEnum, c2:
    SeqEnum, c3: SeqEnum, gc: SeqEnum, projections: SeqEnum, special_name: 
    SeqEnum, special_name_html: SeqEnum, direct_subgroups: SeqEnum, 
    direct_supergroups: SeqEnum, length: IntegerRing(), treename: SeqEnum, 
    treesupergroups: SeqEnum> | generators := [ PowerSequence(IntegerRing()) |
        [ IntegerRing() | -2, -2, -2, -2, 1, -2, -2, -2, 1, 2, -1, -2, -2, -2, 
        -2, -1, -2, -1, -1, -2, -2, -1, -2, -1, -2, -1, -1, -1, -2, -2, -1, -2, 
        -2, -1, -2, -1, -2, -2, -2, -1, -2, -1, -2, -2, -1, -2, -1, -1, -2, -1, 
        -2, -1, -2, -1, -1, -1, -2, -1, -2, -2, -2, -1, -2, -1, -1, -2, -2, -1, 
        -2, -1, -2, -2, -1, -2, -1, -2, -1, -1, -1, -2, -1, -2, -1, -2, -2, -2, 
        -2, -2, -2, 1, -2, -2, -2, 1, 2, -1, -2, -2, -2, -2, -1, -2, -1, -1, -2,
        -2, -1, -2, -1, -2, -1, -1, -1, -2, -2, -1, -2, -2, -1, -2, -1, -2, -2, 
        -2, -1, -2, -1, -2, -2, -1, -2, -1, -1, -2, -1, -2, -1, -2, -1, -1, -1, 
        -2, -1, -2, -2, -2, -1, -2, -1, -1, -2, -2, -1, -2, -1, -2, -2, -1, -2, 
        -1, -2, -1, -1, -1, -2, -1, -2, -1, -2, -2, -2, -2, -2, -2, 1, -2, -2, 
        -2, 1, 2, -1, -2, -2, -2, -2, -1, -2, -1, -1, -2, -2, -1, -2, -1, -2, 
        -1, -1, -1, -2, -2, -1, -2, -2, -1, -2, -1, -2, -2, -2, -1, -2, -1, -2, 
        -2, -1, -2, -1, -1, -2, -1, -2, -1, -2, -1, -1, -1, -2, -1, -2, -2, -2, 
        -1, -2, -1, -1, -2, -2, -1, -2, -1, -2, -2, -1, -2, -1, -2, -1, -1, -1, 
        -2, -1, -2, -1, -2, -2, -2, -2, -2, -2, 1, -2, -2, -2, 1, 2, -1, -2, -2,
        -2, -2, -1, -2, -1, -1, -2, -2, -1, -2, -1, -2, -1, -1, -1, -2, -2, -1, 
        -2, -2, -1, -2, -1, -2, -2, -2, -1, -2, -1, -2, -2, -1, -2, -1, -1, -2, 
        -1, -2, -1, -2, -1, -1, -1, -2, -1, -2, -2, -2, -1, -2, -1, -1, -2, -2, 
        -1, -2, -1, -2, -2, -1, -2, -1, -2, -1, -1, -1, -2, -1, -2, -1, -2, -2, 
        -2, -2, -2, -2, 1, -2, -2, -2, 1, 2, -1, -2, -2, -2, -2, -1, -2, -1, -1,
        -2, -2, -1, -2, -1, -2, -1, -1, -1, -2, -2, -1, -2, -2, -1, -2, -1, -2, 
        -2, -2, -1, -2, -1, -2, -2, -1, -2, -1, -1, -2, -1, -2, -1, -2, -1, -1, 
        -1, -2, -1, -2, -2, -2, -1, -2, -1, -1, -2, -2, -1, -2, -1, -2, -2, -1, 
        -2, -1, -2, -1, -1, -1, -2, -1, -2, -1, -2, -2, -2, -2, -2, -2, 1, -2, 
        -2, -2, 1, 2, -1, -2, -2, -2, -2, -1, -2, -1, -1, -2, -2, -1, -2, -1, 
        -2, -1, -1, -1, -2, -2, -1, -2, -2, -1, -2, -1, -2, -2, -2, -1, -2, -1, 
        -2, -2, -1, -2, -1, -1, -2, -1, -2, -1, -2, -1, -1, -1, -2, -1, -2, -2, 
        -2, -1, -2, -1, -1, -2, -2, -1, -2, -1, -2, -2, -1, -2, -1, -2, -1, -1, 
        -1, -2, -1, -2, -1, -2, -2, -2, -2, -2, -2, 1, -2, -2, -2, 1, 2, -1, -2,
        -2, -2, -2, -1, -2, -1, -1, -2, -2, -1, -2, -1, -2, -1, -1, -1, -2, -2, 
        -1, -2, -2, -1, -2, -1, -2, -2, -2, -1, -2, -1, -2, -2, -1, -2, -1, -1, 
        -2, -1, -2, -1, -2, -1, -1, -1, -2, -1, -2, -2, -2, -1, -2, -1, -1, -2, 
        -2, -1, -2, -1, -2, -2, -1, -2, -1, -2, -1, -1, -1, -2, -1, -2, -1, -2, 
        -2, -2, -2, -2, -2, -2, -2, 1, -2, -2, -2, 1, 2, -1, -2, -2, -2, -2, -1,
        -2, -1, -1, -2, -2, -1, -2, -1, -2, -1, -1, -1, -2, -2, -1, -2, -2, -1, 
        -2, -1, -2, -2, -2, -1, -2, -1, -2, -2, -1, -2, -1, -1, -2, -1, -2, -1, 
        -2, -1, -1, -1, -2, -1, -2, -2, -2, -1, -2, -1, -1, -2, -2, -1, -2, -1, 
        -2, -2, -1, -2, -1, -2, -1, -1, -1, -2, -1, -2, -1, -2, -2, -2, -2, -2, 
        -2, 1, -2, -2, -2, 1, 2, -1, -2, -2, -2, -2, -1, -2, -1, -1, -2, -2, -1,
        -2, -1, -2, -1, -1, -1, -2, -2, -1, -2, -2, -1, -2, -1, -2, -2, -2, -1, 
        -2, -1, -2, -2, -1, -2, -1, -1, -2, -1, -2, -1, -2, -1, -1, -1, -2, -1, 
        -2, -2, -2, -1, -2, -1, -1, -2, -2, -1, -2, -1, -2, -2, -1, -2, -1, -2, 
        -1, -1, -1, -2, -1, -2, -1, -2, -2, -2, 1, 2, 2, 1, -2, -2, -2, -2, 1, 
        -2, -2, -2, 1, 2, -1, -2, -2, -2, -2, -1, -2, -1, -1, -2, -2, -1, -2, 
        -1, -2, -1, -1, -1, -2, -2, -1, -2, -2, -1, -2, -1, -2, -2, -2, -1, -2, 
        -1, -2, -2, -1, -2, -1, -1, -2, -1, -2, -1, -2, -1, -1, -1, -2, -1, -2, 
        -2, -2, -1, -2, -1, -1, -2, -2, -1, -2, -1, -2, -2, -1, -2, -1, -2, -1, 
        -1, -1, -2, -1, -2, -1, -2, -2, -2, -2, -2, -2, 1, -2, -2, -2, 1, 2, -1,
        -2, -2, -2, -2, -1, -2, -1, -1, -2, -2, -1, -2, -1, -2, -1, -1, -1, -2, 
        -2, -1, -2, -2, -1, -2, -1, -2, -2, -2, -1, -2, -1, -2, -2, -1, -2, -1, 
        -1, -2, -1, -2, -1, -2, -1, -1, -1, -2, -1, -2, -2, -2, -1, -2, -1, -1, 
        -2, -2, -1, -2, -1, -2, -2, -1, -2, -1, -2, -1, -1, -1, -2, -1, -2, -1, 
        -2, -2 ],
        [ IntegerRing() | -2, -2, -2, -2, 1, -2, -2, -2, 1, 2, -1, -2, -2, -2, 
        -2, -1, -2, -1, -1, -2, -2, -1, -2, -1, -2, -1, -1, -1, -2, -2, -1, -2, 
        -2, -1, -2, -1, -2, -2, -2, -1, -2, -1, -2, -2, -1, -2, -1, -1, -2, -1, 
        -2, -1, -2, -1, -1, -1, -2, -1, -2, -2, -2, -1, -2, -1, -1, -2, -2, -1, 
        -2, -1, -2, -2, -1, -2, -1, -2, -1, -1, -1, -2, -1, -2, -1, -2, -2, -2, 
        -2, -2, -2, 1, -2, -2, -2, 1, 2, -1, -2, -2, -2, -2, -1, -2, -1, -1, -2,
        -2, -1, -2, -1, -2, -1, -1, -1, -2, -2, -1, -2, -2, -1, -2, -1, -2, -2, 
        -2, -1, -2, -1, -2, -2, -1, -2, -1, -1, -2, -1, -2, -1, -2, -1, -1, -1, 
        -2, -1, -2, -2, -2, -1, -2, -1, -1, -2, -2, -1, -2, -1, -2, -2, -1, -2, 
        -1, -2, -1, -1, -1, -2, -1, -2, -1, -2, -2, -2, -2, -2, -2, 1, -2, -2, 
        -2, 1, 2, -1, -2, -2, -2, -2, -1, -2, -1, -1, -2, -2, -1, -2, -1, -2, 
        -1, -1, -1, -2, -2, -1, -2, -2, -1, -2, -1, -2, -2, -2, -1, -2, -1, -2, 
        -2, -1, -2, -1, -1, -2, -1, -2, -1, -2, -1, -1, -1, -2, -1, -2, -2, -2, 
        -1, -2, -1, -1, -2, -2, -1, -2, -1, -2, -2, -1, -2, -1, -2, -1, -1, -1, 
        -2, -1, -2, -1, -2, -2, -2, -2, -2, -2, 1, -2, -2, -2, 1, 2, -1, -2, -2,
        -2, -2, -1, -2, -1, -1, -2, -2, -1, -2, -1, -2, -1, -1, -1, -2, -2, -1, 
        -2, -2, -1, -2, -1, -2, -2, -2, -1, -2, -1, -2, -2, -1, -2, -1, -1, -2, 
        -1, -2, -1, -2, -1, -1, -1, -2, -1, -2, -2, -2, -1, -2, -1, -1, -2, -2, 
        -1, -2, -1, -2, -2, -1, -2, -1, -2, -1, -1, -1, -2, -1, -2, -1, -2, -2, 
        -2, -2, -2, -2, 1, -2, -2, -2, 1, 2, -1, -2, -2, -2, -2, -1, -2, -1, -1,
        -2, -2, -1, -2, -1, -2, -1, -1, -1, -2, -2, -1, -2, -2, -1, -2, -1, -2, 
        -2, -2, -1, -2, -1, -2, -2, -1, -2, -1, -1, -2, -1, -2, -1, -2, -1, -1, 
        -1, -2, -1, -2, -2, -2, -1, -2, -1, -1, -2, -2, -1, -2, -1, -2, -2, -1, 
        -2, -1, -2, -1, -1, -1, -2, -1, -2, -1, -2, -2, -2, -2, -2, -2, 1, -2, 
        -2, -2, 1, 2, -1, -2, -2, -2, -2, -1, -2, -1, -1, -2, -2, -1, -2, -1, 
        -2, -1, -1, -1, -2, -2, -1, -2, -2, -1, -2, -1, -2, -2, -2, -1, -2, -1, 
        -2, -2, -1, -2, -1, -1, -2, -1, -2, -1, -2, -1, -1, -1, -2, -1, -2, -2, 
        -2, -1, -2, -1, -1, -2, -2, -1, -2, -1, -2, -2, -1, -2, -1, -2, -1, -1, 
        -1, -2, -1, -2, -1, -2, -2, -2, -2, -2, -2, 1, -2, -2, -2, 1, 2, -1, -2,
        -2, -2, -2, -1, -2, -1, -1, -2, -2, -1, -2, -1, -2, -1, -1, -1, -2, -2, 
        -1, -2, -2, -1, -2, -1, -2, -2, -2, -1, -2, -1, -2, -2, -1, -2, -1, -1, 
        -2, -1, -2, -1, -2, -1, -1, -1, -2, -1, -2, -2, -2, -1, -2, -1, -1, -2, 
        -2, -1, -2, -1, -2, -2, -1, -2, -1, -2, -1, -1, -1, -2, -1, -2, -1, -2, 
        -2, -2, -2, -2, -2, 1, -2, -2, -2, 1, 2, -1, -2, -2, -2, -2, -1, -2, -1,
        -1, -2, -2, -1, -2, -1, -2, -1, -1, -1, -2, -2, -1, -2, -2, -1, -2, -1, 
        -2, -2, -2, -1, -2, -1, -2, -2, -1, -2, -1, -1, -2, -1, -2, -1, -2, -1, 
        -1, -1, -2, -1, -2, -2, -2, -1, -2, -1, -1, -2, -2, -1, -2, -1, -2, -2, 
        -1, -2, -1, -2, -1, -1, -1, -2, -1, -2, -1, -2, -2, -2, -2, -2, -2, 1, 
        -2, -2, -2, 1, 2, -1, -2, -2, -2, -2, -1, -2, -1, -1, -2, -2, -1, -2, 
        -1, -2, -1, -1, -1, -2, -2, -1, -2, -2, -1, -2, -1, -2, -2, -2, -1, -2, 
        -1, -2, -2, -1, -2, -1, -1, -2, -1, -2, -1, -2, -1, -1, -1, -2, -1, -2, 
        -2, -2, -1, -2, -1, -1, -2, -2, -1, -2, -1, -2, -2, -1, -2, -1, -2, -1, 
        -1, -1, -2, -1, -2, -1, -2, -2, -2, -2, -2, -2, 1, -2, -2, -2, 1, 2, -1,
        -2, -2, -2, -2, -1, -2, -1, -1, -2, -2, -1, -2, -1, -2, -1, -1, -1, -2, 
        -2, -1, -2, -2, -1, -2, -1, -2, -2, -2, -1, -2, -1, -2, -2, -1, -2, -1, 
        -1, -2, -1, -2, -1, -2, -1, -1, -1, -2, -1, -2, -2, -2, -1, -2, -1, -1, 
        -2, -2, -1, -2, -1, -2, -2, -1, -2, -1, -2, -1, -1, -1, -2, -1, -2, -1, 
        -2, -2, -2, -2, -2, -2, 1, -2, -2, -2, 1, 2, -1, -2, -2, -2, -2, -1, -2,
        -1, -1, -2, -2, -1, -2, -1, -2, -1, -1, -1, -2, -2, -1, -2, -2, -1, -2, 
        -1, -2, -2, -2, -1, -2, -1, -2, -2, -1, -2, -1, -1, -2, -1, -2, -1, -2, 
        -1, -1, -1, -2, -1, -2, -2, -2, -1, -2, -1, -1, -2, -2, -1, -2, -1, -2, 
        -2, -1, -2, -1, -2, -1, -1, -1, -2, -1, -2, -1, -2, -2, -2, -2, -2, -2, 
        1, -2, -2, -2, 1, 2, -1, -2, -2, -2, -2, -1, -2, -1, -1, -2, -2, -1, -2,
        -1, -2, -1, -1, -1, -2, -2, -1, -2, -2, -1, -2, -1, -2, -2, -2, -1, -2, 
        -1, -2, -2, -1, -2, -1, -1, -2, -1, -2, -1, -2, -1, -1, -1, -2, -1, -2, 
        -2, -2, -1, -2, -1, -1, -2, -2, -1, -2, -1, -2, -2, -1, -2, -1, -2, -1, 
        -1, -1, -2, -1, -2, -1, 2, 1, 2, 1, 2, 1, 1, 1, 2, 1, 2, 1, 2, 2, 1, 2, 
        1, 2, 2, 1, 1, 2, 1, 2, 2, 2, 1, 2, 1, 1, 1, 2, 1, 2, 1, 2, 1, 1, 2, 1, 
        2, 2, 1, 2, 1, 2, 2, 2, 1, 2, 1, 2, 2, 1, 2, 2, 1, 1, 1, 2, 1, 2, 1, 2, 
        2, 1, 1, 2, 1, 2, 2, 2, 2, 1, -2, -1, 2, 2, 2, -1, 2, 2, 2, 2, 2, 2, 1, 
        2, 1, 2, 1, 1, 1, 2, 1, 2, 1, 2, 2, 1, 2, 1, 2, 2, 1, 1, 2, 1, 2, 2, 2, 
        1, 2, 1, 1, 1, 2, 1, 2, 1, 2, 1, 1, 2, 1, 2, 2, 1, 2, 1, 2, 2, 2, 1, 2, 
        1, 2, 2, 1, 2, 2, 1, 1, 1, 2, 1, 2, 1, 2, 2, 1, 1, 2, 1, 2, 2, 2, 2, 1, 
        -2, -1, 2, 2, 2, -1, 2, 2, 2, 2, 2, 1, 2, 2, -1, 2, 2, 1, 2, 1, 2, 1, 1,
        1, 2, 1, 2, 1, 2, 2, 1, 2, 1, 2, 2, 1, 1, 2, 1, 2, 2, 2, 1, 2, 1, 1, 1, 
        2, 1, 2, 1, 2, 1, 1, 2, 1, 2, 2, 1, 2, 1, 2, 2, 2, 1, 2, 1, 2, 2, 1, 2, 
        2, 1, 1, 1, 2, 1, 2, 1, 2, 2, 1, 1, 2, 1, 2, 2, 2, 2, 1, -2, -1, 2, 2, 
        2, -1, 2, 2 ],
        [ IntegerRing() | 2, 2, 1, 2, 1, 2, 1, 1, 1, 2, 1, 2, 1, 2, 2, 1, 2, 1, 
        2, 2, 1, 1, 2, 1, 2, 2, 2, 1, 2, 1, 1, 1, 2, 1, 2, 1, 2, 1, 1, 2, 1, 2, 
        2, 1, 2, 1, 2, 2, 2, 1, 2, 1, 2, 2, 1, 2, 2, 1, 1, 1, 2, 1, 2, 1, 2, 2, 
        1, 1, 2, 1, 2, 2, 2, 2, 1, -2, -1, 2, 2, 2, -1, 2, 2, 2, 2, 2, 2, 1, 2, 
        1, 2, 1, 1, 1, 2, 1, 2, 1, 2, 2, 1, 2, 1, 2, 2, 1, 1, 2, 1, 2, 2, 2, 1, 
        2, 1, 1, 1, 2, 1, 2, 1, 2, 1, 1, 2, 1, 2, 2, 1, 2, 1, 2, 2, 2, 1, 2, 1, 
        2, 2, 1, 2, 2, 1, 1, 1, 2, 1, 2, 1, 2, 2, 1, 1, 2, 1, 2, 2, 2, 2, 1, -2,
        -1, 2, 2, 2, -1, 2, 2, 2, 2, 2, 2, 1, 2, 1, 2, 1, 1, 1, 2, 1, 2, 1, 2, 
        2, 1, 2, 1, 2, 2, 1, 1, 2, 1, 2, 2, 2, 1, 2, 1, 1, 1, 2, 1, 2, 1, 2, 1, 
        1, 2, 1, 2, 2, 1, 2, 1, 2, 2, 2, 1, 2, 1, 2, 2, 1, 2, 2, 1, 1, 1, 2, 1, 
        2, 1, 2, 2, 1, 1, 2, 1, 2, 2, 2, 2, 1, -2, -1, 2, 2, 2, -1, 2, 2, 2, 2, 
        2, 1, 2, 1, 2, 1, 1, 1, 2, 1, 2, 1, 2, 2, 1, 2, 1, 2, 2, 1, 1, 2, 1, 2, 
        2, 2, 1, 2, 1, 1, 1, 2, 1, 2, 1, 2, 1, 1, 2, 1, 2, 2, 1, 2, 1, 2, 2, 2, 
        1, 2, 1, 2, 2, 1, 2, 2, 1, 1, 1, 2, 1, 2, 1, 2, 2, 1, 1, 2, 1, 2, 2, 2, 
        2, 1, -2, -1, 2, 2, 2, -1, 2, 2, 2, 2, 2, 2, 1, 2, 1, 2, 1, 1, 1, 2, 1, 
        2, 1, 2, 2, 1, 2, 1, 2, 2, 1, 1, 2, 1, 2, 2, 2, 1, 2, 1, 1, 1, 2, 1, 2, 
        1, 2, 1, 1, 2, 1, 2, 2, 1, 2, 1, 2, 2, 2, 1, 2, 1, 2, 2, 1, 2, 2, 1, 1, 
        1, 2, 1, 2, 1, 2, 2, 1, 1, 2, 1, 2, 2, 2, 2, 1, -2, -1, 2, 2, 2, -1, 2, 
        2, 2, 2, 1, 2, 2, 2, 2, 1, 2, 1, 2, 1, 1, 1, 2, 1, 2, 1, 2, 2, 1, 2, 1, 
        2, 2, 1, 1, 2, 1, 2, 2, 2, 1, 2, 1, 1, 1, 2, 1, 2, 1, 2, 1, 1, 2, 1, 2, 
        2, 1, 2, 1, 2, 2, 2, 1, 2, 1, 2, 2, 1, 2, 2, 1, 1, 1, 2, 1, 2, 1, 2, 2, 
        1, 1, 2, 1, 2, 2, 2, 2, 1, -2, -1, 2, 2, 2, -1, 2, 2, 2, -1 ],
        [ IntegerRing() | -2, -2, -2, -2, 1, -2, -2, -2, 1, 2, -1, -2, -2, -2, 
        -2, -1, -2, -1, -1, -2, -2, -1, -2, -1, -2, -1, -1, -1, -2, -2, -1, -2, 
        -2, -1, -2, -1, -2, -2, -2, -1, -2, -1, -2, -2, -1, -2, -1, -1, -2, -1, 
        -2, -1, -2, -1, -1, -1, -2, -1, -2, -2, -2, -1, -2, -1, -1, -2, -2, -1, 
        -2, -1, -2, -2, -1, -2, -1, -2, -1, -1, -1, -2, -1, -2, -1, -2, -2, -2, 
        -2, -2, -2, 1, -2, -2, -2, 1, 2, -1, -2, -2, -2, -2, -1, -2, -1, -1, -2,
        -2, -1, -2, -1, -2, -1, -1, -1, -2, -2, -1, -2, -2, -1, -2, -1, -2, -2, 
        -2, -1, -2, -1, -2, -2, -1, -2, -1, -1, -2, -1, -2, -1, -2, -1, -1, -1, 
        -2, -1, -2, -2, -2, -1, -2, -1, -1, -2, -2, -1, -2, -1, -2, -2, -1, -2, 
        -1, -2, -1, -1, -1, -2, -1, -2, -1, -2, -2, -2, -2, -2, -2, 1, -2, -2, 
        -2, 1, 2, -1, -2, -2, -2, -2, -1, -2, -1, -1, -2, -2, -1, -2, -1, -2, 
        -1, -1, -1, -2, -2, -1, -2, -2, -1, -2, -1, -2, -2, -2, -1, -2, -1, -2, 
        -2, -1, -2, -1, -1, -2, -1, -2, -1, -2, -1, -1, -1, -2, -1, -2, -2, -2, 
        -1, -2, -1, -1, -2, -2, -1, -2, -1, -2, -2, -1, -2, -1, -2, -1, -1, -1, 
        -2, -1, -2, -1, -2, -2, -2, -2, -2, -2, 1, -2, -2, -2, 1, 2, -1, -2, -2,
        -2, -2, -1, -2, -1, -1, -2, -2, -1, -2, -1, -2, -1, -1, -1, -2, -2, -1, 
        -2, -2, -1, -2, -1, -2, -2, -2, -1, -2, -1, -2, -2, -1, -2, -1, -1, -2, 
        -1, -2, -1, -2, -1, -1, -1, -2, -1, -2, -2, -2, -1, -2, -1, -1, -2, -2, 
        -1, -2, -1, -2, -2, -1, -2, -1, -2, -1, -1, -1, -2, -1, -2, -1, -2, -2, 
        -2, -2, -2, -2, 1, -2, -2, -2, 1, 2, -1, -2, -2, -2, -2, -1, -2, -1, -1,
        -2, -2, -1, -2, -1, -2, -1, -1, -1, -2, -2, -1, -2, -2, -1, -2, -1, -2, 
        -2, -2, -1, -2, -1, -2, -2, -1, -2, -1, -1, -2, -1, -2, -1, -2, -1, -1, 
        -1, -2, -1, -2, -2, -2, -1, -2, -1, -1, -2, -2, -1, -2, -1, -2, -2, -1, 
        -2, -1, -2, -1, -1, -1, -2, -1, -2, -1, -2, -2, -2, -2, -2, -2, 1, -2, 
        -2, -2, 1, 2, -1, -2, -2, -2, -2, -1, -2, -1, -1, -2, -2, -1, -2, -1, 
        -2, -1, -1, -1, -2, -2, -1, -2, -2, -1, -2, -1, -2, -2, -2, -1, -2, -1, 
        -2, -2, -1, -2, -1, -1, -2, -1, -2, -1, -2, -1, -1, -1, -2, -1, -2, -2, 
        -2, -1, -2, -1, -1, -2, -2, -1, -2, -1, -2, -2, -1, -2, -1, -2, -1, -1, 
        -1, -2, -1, -2, -1, -2, -2, -2, -2, -2, -2, 1, -2, -2, -2, 1, 2, -1, -2,
        -2, -2, -2, -1, -2, -1, -1, -2, -2, -1, -2, -1, -2, -1, -1, -1, -2, -2, 
        -1, -2, -2, -1, -2, -1, -2, -2, -2, -1, -2, -1, -2, -2, -1, -2, -1, -1, 
        -2, -1, -2, -1, -2, -1, -1, -1, -2, -1, -2, -2, -2, -1, -2, -1, -1, -2, 
        -2, -1, -2, -1, -2, -2, -1, -2, -1, -2, -1, -1, -1, -2, -1, -2, -1, -2, 
        -2, -2, -2, -2, -2, 1, -2, -2, -2, 1, 2, -1, -2, -2, -2, -2, -1, -2, -1,
        -1, -2, -2, -1, -2, -1, -2, -1, -1, -1, -2, -2, -1, -2, -2, -1, -2, -1, 
        -2, -2, -2, -1, -2, -1, -2, -2, -1, -2, -1, -1, -2, -1, -2, -1, -2, -1, 
        -1, -1, -2, -1, -2, -2, -2, -1, -2, -1, -1, -2, -2, -1, -2, -1, -2, -2, 
        -1, -2, -1, -2, -1, -1, -1, -2, -1, -2, -1, -2, -2, -2, -2, -2, -2, 1, 
        -2, -2, -2, 1, 2, -1, -2, -2, -2, -2, -1, -2, -1, -1, -2, -2, -1, -2, 
        -1, -2, -1, -1, -1, -2, -2, -1, -2, -2, -1, -2, -1, -2, -2, -2, -1, -2, 
        -1, -2, -2, -1, -2, -1, -1, -2, -1, -2, -1, -2, -1, -1, -1, -2, -1, -2, 
        -2, -2, -1, -2, -1, -1, -2, -2, -1, -2, -1, -2, -2, -1, -2, -1, -2, -1, 
        -1, -1, -2, -1, -2, -1, -2, -2, -2, -2, -2, -2, 1, -2, -2, -2, 1, 2, -1,
        -2, -2, -2, -2, -1, -2, -1, -1, -2, -2, -1, -2, -1, -2, -1, -1, -1, -2, 
        -2, -1, -2, -2, -1, -2, -1, -2, -2, -2, -1, -2, -1, -2, -2, -1, -2, -1, 
        -1, -2, -1, -2, -1, -2, -1, -1, -1, -2, -1, -2, -2, -2, -1, -2, -1, -1, 
        -2, -2, -1, -2, -1, -2, -2, -1, -2, -1, -2, -1, -1, -1, -2, -1, -2, -1, 
        -2, -2, -2, -2, -2, -2, 1, -2, -2, -2, 1, 2, -1, -2, -2, -2, -2, -1, -2,
        -1, -1, -2, -2, -1, -2, -1, -2, -1, -1, -1, -2, -2, -1, -2, -2, -1, -2, 
        -1, -2, -2, -2, -1, -2, -1, -2, -2, -1, -2, -1, -1, -2, -1, -2, -1, -2, 
        -1, -1, -1, -2, -1, -2, -2, -2, -1, -2, -1, -1, -2, -2, -1, -2, -1, -2, 
        -2, -1, -2, -1, -2, -1, -1, -1, -2, -1, -2, -1, -2, -2, -2, -2, -2, -2, 
        1, -2, -2, -2, 1, 2, -1, -2, -2, -2, -2, -1, -2, -1, -1, -2, -2, -1, -2,
        -1, -2, -1, -1, -1, -2, -2, -1, -2, -2, -1, -2, -1, -2, -2, -2, -1, -2, 
        -1, -2, -2, -1, -2, -1, -1, -2, -1, -2, -1, -2, -1, -1, -1, -2, -1, -2, 
        -2, -2, -1, -2, -1, -1, -2, -2, -1, -2, -1, -2, -2, -1, -2, -1, -2, -1, 
        -1, -1, -2, -1, -2, -1, 2, 2, 1, 2, 1, 2, 1, 1, 1, 2, 1, 2, 1, 2, 2, 1, 
        2, 1, 2, 2, 1, 1, 2, 1, 2, 2, 2, 1, 2, 1, 1, 1, 2, 1, 2, 1, 2, 1, 1, 2, 
        1, 2, 2, 1, 2, 1, 2, 2, 2, 1, 2, 1, 2, 2, 1, 2, 2, 1, 1, 1, 2, 1, 2, 1, 
        2, 2, 1, 1, 2, 1, 2, 2, 2, 2, 1, -2, -1, 2, 2, 2, -1, 2, 2, 2, 2, 2, 2, 
        1, 2, 2, -1, 2, 2, 1, 2, 1, 2, 1, 1, 1, 2, 1, 2, 1, 2, 2, 1, 2, 1, 2, 2,
        1, 1, 2, 1, 2, 2, 2, 1, 2, 1, 1, 1, 2, 1, 2, 1, 2, 1, 1, 2, 1, 2, 2, 1, 
        2, 1, 2, 2, 2, 1, 2, 1, 2, 2, 1, 2, 2, 1, 1, 1, 2, 1, 2, 1, 2, 2, 1, 1, 
        2, 1, 2, 2, 2, 2, 1, -2, -1, 2, 2, 2, -1, 2, 2, 2, 2, 2, 2, 1, 2, 1, 2, 
        1, 1, 1, 2, 1, 2, 1, 2, 2, 1, 2, 1, 2, 2, 1, 1, 2, 1, 2, 2, 2, 1, 2, 1, 
        1, 1, 2, 1, 2, 1, 2, 1, 1, 2, 1, 2, 2, 1, 2, 1, 2, 2, 2, 1, 2, 1, 2, 2, 
        1, 2, 2, 1, 1, 1, 2, 1, 2, 1, 2, 2, 1, 1, 2, 1, 2, 2, 2, 2, 1, -2, -1, 
        2, 2, 2, -1, 2, 2, 2 ]
    ], level := 101, genus := 16, index := 204, contains_minus_one := true, 
    subgroups := [], supergroups := [ IntegerRing() | 1890 ], name := "101A16", 
    label := "A", order := 5050, GLZConj := 1, matgens := [ 
        PowerSequence(IntegerRing(101)) |
        [ IntegerRing(101) | 23, 30, 53, 56 ],
        [ IntegerRing(101) | 48, 53, 86, 55 ],
        [ IntegerRing(101) | 65, 81, 32, 43 ],
        [ IntegerRing(101) | 99, 47, 46, 80 ]
    ], cusps := [ IntegerRing() | 1, 1, 101, 101 ], c2 := [ IntegerRing() | 2, 
    2, 2, 2, 2, 2, 2, 2, 2, 2, 2, 2, 2, 2, 2, 2, 2, 2, 2, 2, 2, 2, 2, 2, 2, 2, 
    2, 2, 2, 2, 2, 2, 2, 2, 2, 2, 2, 2, 2, 2, 2, 2, 2, 2, 2, 2, 2, 2, 2, 2, 2, 
    2, 2, 2, 2, 2, 2, 2, 2, 2, 2, 2, 2, 2, 2, 2, 2, 2, 2, 2, 2, 2, 2, 2, 2, 2, 
    2, 2, 2, 2, 2, 2, 2, 2, 2, 2, 2, 2, 2, 2, 2, 2, 2, 2, 2, 2, 2, 2, 2, 2, 2, 2
    ], c3 := [ IntegerRing() | 3, 3, 3, 3, 3, 3, 3, 3, 3, 3, 3, 3, 3, 3, 3, 3, 
    3, 3, 3, 3, 3, 3, 3, 3, 3, 3, 3, 3, 3, 3, 3, 3, 3, 3, 3, 3, 3, 3, 3, 3, 3, 
    3, 3, 3, 3, 3, 3, 3, 3, 3, 3, 3, 3, 3, 3, 3, 3, 3, 3, 3, 3, 3, 3, 3, 3, 3, 
    3, 3 ], gc := [ IntegerRing() | 1, 1, 100 ], special_name := [], 
    special_name_html := [], direct_subgroups := [], direct_supergroups := [ 
    IntegerRing() | 1890 ], length := 102, treename := [ 
        PowerSequence(IntegerRing()) |
        [ IntegerRing() | 303, 5, 5 ],
        [ IntegerRing() | 404, 5, 5 ],
        [ IntegerRing() | 505, 5, 6 ]
    ], treesupergroups := [ PowerSequence(IntegerRing()) |
        [ IntegerRing() | 303, 5 ],
        [ IntegerRing() | 404, 5 ],
        [ IntegerRing() | 505, 5 ]
    ]>
]
;

