// list of all congruence groups with genus  14
// with  104 <= level < 112
//
// by c cummins and s pauli
// load "csg14-lev96.dat";
import "csg14-lev96.dat" : L14_96;
L14_104 := L14_96 cat 
[ PowerStructure(Rec) |
    rec<recformat<generators: SeqEnum, level: IntegerRing(), genus: 
    IntegerRing(), index: IntegerRing(), contains_minus_one: BoolElt, subgroups:
    SeqEnum, supergroups: SeqEnum, name: MonStgElt, label: MonStgElt, order: 
    IntegerRing(), GLZConj: IntegerRing(), matgens: SeqEnum, cusps: SeqEnum, c2:
    SeqEnum, c3: SeqEnum, gc: SeqEnum, projections: SeqEnum, special_name: 
    SeqEnum, special_name_html: SeqEnum, direct_subgroups: SeqEnum, 
    direct_supergroups: SeqEnum, length: IntegerRing(), treename: SeqEnum, 
    treesupergroups: SeqEnum> | generators := [ PowerSequence(IntegerRing()) |
        [ IntegerRing() | 1, 2, 2, 1, -2, -1, -2, 1, 2, 2, 1, -2, -1, -2, 1, 2, 
        2, 1, -2, -1, -2, 1, 2, 2, 1, -2, -1, -2, 1, 2, 2, 1, -2, -1, -2, 1, 2, 
        2, 1, -2, -1, -2, 1, 2, 2, 1, -2, -1, -2, 1, 2, 2, 1, -2, -1, -2, 1, 2, 
        2, 1, -2, -1, -2, 1, 2, 2, 1, -2, -1, -2, 1, 2, 2, 1, -2, -1, -2, 1, 2, 
        2, 1, -2, -1, -2, 1, 2, 2, 1, -2, -1, -2, 1, 2, 2, 1, -2, -1, -2, 1, 2, 
        2, 1, -2, -1, -2, 1, 2, 2, 1, -2, -1, -2, 1, 2, 2, 1, -2, -1, -2, 1, 2, 
        2, 1, -2, -1, -2, 1, 2, 2, 1, -2, -1, -2, 1, 2, 2, 1, -2, -1, -2, 1, 2, 
        2, 1, -2, -1, -2, 1, 2, 2, 1, -2, -1, -2, 1, 2, 2, 1, -2, -1, -2, 1, 2, 
        2, 1, -2, -1, 2, 2, 2, 2, 2, 2, 2, 2, 2, 2, 2, 2, 2, 2, 2, 2, 2, 2, 2, 
        2, 2, 2, 2, 2, 2, 2, 2, 2, 2, 2, 2, 2, 2, 2, 2, 2, 2, 2, 2, 2, 2, 2, 2, 
        2, 2, 2, 2, 2, 2, 2, 2, 2, 2, 2, 2, 2, 2, 2, 2, 2, 2, 2, 2, 2, 2, 2, 2, 
        2, 2, 2, 2, 2, 2, 2, 2, 2, 2, 2, 2, 2, 2, 2, 2, 2, 2, 2, 2, 2, 2, 1, 2, 
        2, 1, -2, -1, -2 ],
        [ IntegerRing() | 1, 2, 2, 1, -2, -1, -2, 1, 2, 2, 1, -2, -1, -2, 1, 2, 
        2, 1, -2, -1, -2, 1, 2, 2, 1, -2, -1, -2, 1, 2, 2, 1, -2, -1, -2, 1, 2, 
        2, 1, -2, -1, -2, 1, 2, 2, 1, -2, -1, -2, 1, 2, 2, 1, -2, -1, -2, 1, 2, 
        2, 1, -2, -1, -2, 1, 2, 2, 1, -2, -1, -2, 1, 2, 2, 1, -2, -1, -2, 1, 2, 
        2, 1, -2, -1, -2, 1, 2, 2, 1, -2, -1, -2, 1, 2, 2, 1, -2, -1, -2, 1, 2, 
        2, 1, -2, -1, -2, 1, 2, 2, 1, -2, -1, -2, 1, 2, 2, 1, -2, -1, -2, 1, 2, 
        2, 1, -2, -1, -2, 1, 2, 2, 1, -2, -1, -2, 1, 2, 2, 1, -2, -1, -2, 1, 2, 
        2, 1, -2, -1, -2, 1, 2, 2, 1, -2, -1, -2, 1, 2, 2, 1, -2, -1, -2, 1, 2, 
        2, 1, -2, -1, -2, 1, 2, 2, 1, -2, -1, -2, 1, 2, 2, 1, -2, -1, -2, 1, 2, 
        2, 1, -2, -1, -2, 1, 2, 2, 1, -2, -1, -2, 1, 2, 2, 1, -2, -1, -2, 1, 2, 
        2, 1, -2, -1, -2, 1, 2, 2, 1, -2, -1, -2, 1, 2, 2, 1, -2, -1, -2, 1, 2, 
        2, 1, -2, -1, 2, 2, 2, 2, 2, 2, 2, 2, 2, 2, 2, 2, 2, 2, 2, 2, 2, 2, 2, 
        2, 2, 2, 2, 2, 2, 2, 2, 2, 2, 2, 2, 2, 2, 2, 2, 2, 2, 2, 2, 2, 2, 2, 2, 
        2, 2, 2, 2, 2, 2, 2, 2, 2, 2, 2, 2, 1, 2, 2, 1, -2, -1, -2, 1, 2, 2, 1, 
        -2, -1, -2, 1, 2, 2, 1, -2, -1, -2, 1, 2, 2, 1, -2, -1, 2, 2, 2, 2, 2, 
        1, 2, 2, 1, -2, -1, -2, 1, 2, 2, 1, -2, -1, -2, 1, 2, 2, 1, -2, -1, -2, 
        1, 2, 2, 1, -2, -1, -2, 1, 2 ],
        [ IntegerRing() | 1, 2, 2, 1, -2, -1, -2, 1, 2, 2, 1, -2, -1, -2, 1, 2, 
        2, 1, -2, -1, -2, 1, 2, 2, 1, -2, -1, -2, 1, 2, 2, 1, -2, -1, -2, 1, 2, 
        2, 1, -2, -1, -2, 1, 2, 2, 1, -2, -1, -2, 1, 2, 2, 1, -2, -1, -2, 1, 2, 
        2, 1, -2, -1, -2, 1, 2, 2, 1, -2, -1, -2, 1, 2, 2, 1, -2, -1, -2, 1, 2, 
        2, 1, -2, -1, -2, 1, 2, 2, 1, -2, -1, -2, 1, 2, 2, 1, -2, -1, -2, 1, 2, 
        2, 1, -2, -1, 2, 2, 2, 2, 2, 2, 2, 2, 2, 2, 2, 2, 2, 2, 2, 2, 2, 2, 2, 
        2, 2, 2, 2, 2, 2, 2, 2, 2, 2, 2, 2, 2, 2, 2, 2, 2, 2, 2, 2, 2, 2, 1, 2, 
        2, 1, -2, -1, -2, 1, 2, 2, 1, 2, 1, 2 ],
        [ IntegerRing() | 1, 2, 2, 1, -2, -1, -2, 1, 2, 2, 1, -2, -1, -2, 1, 2, 
        2, 1, -2, -1, -2, 1, 2, 2, 1, -2, -1, -2, 1, 2, 2, 1, -2, -1, -2, 1, 2, 
        2, 1, -2, -1, -2, 1, 2, 2, 1, -2, -1, -2, 1, 2, 2, 1, -2, -1, -2, 1, 2, 
        2, 1, -2, -1, -2, 1, 2, 2, 1, -2, -1, -2, 1, 2, 2, 1, -2, -1, -2, 1, 2, 
        2, 1, -2, -1, -2, 1, 2, 2, 1, -2, -1, -2, 1, 2, 2, 1, -2, -1, -2, 1, 2, 
        2, 1, -2, -1, -2, 1, 2, 2, 1, -2, -1, -2, 1, 2, 2, 1, -2, -1, -2, 1, 2, 
        2, 1, -2, -1, -2, 1, 2, 2, 1, -2, -1, -2, 1, 2, 2, 1, -2, -1, -2, 1, 2, 
        2, 1, -2, -1, -2, 1, 2, 2, 1, -2, -1, -2, 1, 2, 2, 1, -2, -1, 2, 2, 2, 
        2, 2, 2, 2, 2, 2, 2, 2, 2, 2, 2, 2, 2, 2, 2, 2, 2, 2, 2, 2, 2, 2, 2, 2, 
        2, 2, 2, 2, 2, 2, 2, 2, 2, 2, 2, 2, 2, 2, 2, 2, 2, 2, 2, 2, 2, 2, 2, 2, 
        2, 2, 2, 2, 2, 2, 2, 2, 2, 2, 2, 1, 2, 2, 1, -2, -1, 2, 2, 2, 2, 2, 2, 
        2, 1, 2, 2, 1, -2, -1, -2, 1, 2, 2, 1, -2, -1, -2, 1, 2, 2, 1, -2, -1 ],
        [ IntegerRing() | 1, 2, 2, 1, -2, -1, -2, 1, 2, 2, 1, -2, -1, -2, 1, 2, 
        2, 1, -2, -1, -2, 1, 2, 2, 1, -2, -1, -2, 1, 2, 2, 1, -2, -1, -2, 1, 2, 
        2, 1, -2, -1, -2, 1, 2, 2, 1, -2, -1, -2, 1, 2, 2, 1, -2, -1, -2, 1, 2, 
        2, 1, -2, -1, -2, 1, 2, 2, 1, -2, -1, -2, 1, 2, 2, 1, -2, -1, -2, 1, 2, 
        2, 1, -2, -1, -2, 1, 2, 2, 1, -2, -1, -2, 1, 2, 2, 1, -2, -1, -2, 1, 2, 
        2, 1, -2, -1, -2, 1, 2, 2, 1, -2, -1, -2, 1, 2, 2, 1, -2, -1, -2, 1, 2, 
        2, 1, -2, -1, -2, 1, 2, 2, 1, -2, -1, -2, 1, 2, 2, 1, -2, -1, -2, 1, 2, 
        2, 1, -2, -1, -2, 1, 2, 2, 1, -2, -1, -2, 1, 2, 2, 1, -2, -1, -2, 1, 2, 
        2, 1, -2, -1, 2, 2, 2, 2, 2, 2, 2, 2, 2, 2, 2, 2, 2, 2, 2, 2, 2, 2, 2, 
        2, 2, 2, 2, 2, 2, 2, 2, 2, 2, 2, 2, 2, 2, 2, 2, 1, 2, 2, 1, 2 ],
        [ IntegerRing() | 1, 2, 2, 1, -2, -1, -2, 1, 2, 2, 1, -2, -1, -2, 1, 2, 
        2, 1, -2, -1, -2, 1, 2, 2, 1, -2, -1, -2, 1, 2, 2, 1, -2, -1, -2, 1, 2, 
        2, 1, -2, -1, -2, 1, 2, 2, 1, -2, -1, -2, 1, 2, 2, 1, -2, -1, -2, 1, 2, 
        2, 1, -2, -1, -2, 1, 2, 2, 1, -2, -1, -2, 1, 2, 2, 1, -2, -1, -2, 1, 2, 
        2, 1, -2, -1, -2, 1, 2, 2, 1, -2, -1, -2, 1, 2, 2, 1, -2, -1, -2, 1, 2, 
        2, 1, -2, -1, -2, 1, 2, 2, 1, -2, -1, 2, 2, 2, 2, 2, 2, 2, 2, 2, 2, 2, 
        2, 2, 2, 2, 2, 2, 2, 2, 2, 2, 2, 2, 2, 2, 2, 2, 2, 2, 2, 2, 2, 2, 2, 2, 
        2, 2, 2, 2, 2, 2, 2, 2, 2, 2, 2, 2, 2, 2, 2, 2, 2, 2, 2, 2, 2, 2, 2, 2, 
        2, 2, 2, 2, 2, 2, 2, 2, 2, 2, 2, 2, 2, 2, 2, 2, 2, 2, 2, 2, 2, 2, 2, 2, 
        2, 2, 2, 2, 2, 2, 1, 2, 2, 1, -2, -1, -2, 1, 2, 2, 1, -2, -1, -2, 1, 2, 
        2, 1, -2, -1, -2, 1, 2, 2, 1, -2, -1, -2 ],
        [ IntegerRing() | 1, 2, 2, 1, -2, -1, -2, 1, 2, 2, 1, -2, -1, -2, 1, 2, 
        2, 1, -2, -1, -2, 1, 2, 2, 1, -2, -1, -2, 1, 2, 2, 1, -2, -1, -2, 1, 2, 
        2, 1, -2, -1, -2, 1, 2, 2, 1, -2, -1, -2, 1, 2, 2, 1, -2, -1, -2, 1, 2, 
        2, 1, -2, -1, -2, 1, 2, 2, 1, -2, -1, -2, 1, 2, 2, 1, -2, -1, -2, 1, 2, 
        2, 1, -2, -1, -2, 1, 2, 2, 1, -2, -1, -2, 1, 2, 2, 1, -2, -1, -2, 1, 2, 
        2, 1, -2, -1, -2, 1, 2, 2, 1, -2, -1, -2, 1, 2, 2, 1, -2, -1, -2, 1, 2, 
        2, 1, -2, -1, -2, 1, 2, 2, 1, -2, -1, -2, 1, 2, 2, 1, -2, -1, -2, 1, 2, 
        2, 1, -2, -1, -2, 1, 2, 2, 1, -2, -1, -2, 1, 2, 2, 1, -2, -1, -2, 1, 2, 
        2, 1, -2, -1, 2, 2, 2, 2, 2, 2, 2, 2, 2, 2, 2, 2, 2, 2, 2, 2, 2, 2, 2, 
        2, 2, 2, 2, 2, 2, 2, 2, 2, 2, 2, 2, 2, 2, 2, 2, 2, 2, 2, 2, 2, 2, 2, 2, 
        2, 2, 2, 2, 2, 2, 2, 2, 2, 2, 2, 2, 2, 2, 2, 2, 2, 2, 2, 1, 2, 2, 1, -2,
        -1, -2, 1, 2, 2, 1, -2, -1, -2, 1, 2, 2, 1, -2, -1, -2, 1, 2, 2, 1, -2, 
        -1, -2 ],
        [ IntegerRing() | 1, 2, 2, 1, -2, -1, -2, 1, 2, 2, 1, -2, -1, -2, 1, 2, 
        2, 1, -2, -1, -2, 1, 2, 2, 1, -2, -1, -2, 1, 2, 2, 1, -2, -1, -2, 1, 2, 
        2, 1, -2, -1, -2, 1, 2, 2, 1, -2, -1, -2, 1, 2, 2, 1, -2, -1, -2, 1, 2, 
        2, 1, -2, -1, -2, 1, 2, 2, 1, -2, -1, -2, 1, 2, 2, 1, -2, -1, -2, 1, 2, 
        2, 1, -2, -1, 2, 2, 2, 2, 2, 2, 2, 2, 2, 2, 2, 2, 2, 2, 2, 2, 2, 2, 2, 
        2, 2, 2, 2, 2, 2, 2, 2, 2, 2, 2, 2, 2, 2, 2, 2, 2, 2, 2, 2, 2, 2, 2, 2, 
        2, 2, 2, 2, 2, 2, 2, 2, 2, 2, 2, 2, 2, 2, 2, 2, 2, 2, 2, 2, 2, 2, 2, 2, 
        2, 2, 2, 2, 2, 2, 2, 2, 2, 1, 2, 2, 1, -2, -1, -2, 1, 2, 2, 1, -2, -1, 
        2, 2, 2, 2, 2, 2 ],
        [ IntegerRing() | 1, 2, 2, 1, -2, -1, -2, 1, 2, 2, 1, -2, -1, -2, 1, 2, 
        2, 1, -2, -1, -2, 1, 2, 2, 1, -2, -1, 2, 2, 2, 2, 2, 2, 2, 2, 2, 2, 2, 
        2, 2, 2, 2, 2, 2, 2, 2, 2, 2, 2, 2, 2, 2, 2, 2, 2, 2, 1, 2, 2, 1, -2, 
        -1, -2 ],
        [ IntegerRing() | 1, 2, 2, 1, -2, -1, 2, 2, 2, 2, 2, 2, 2, 2, 2, 2, 2, 
        2, 2, 2, 2, 2, 2, 2, 2, 2, 2, 2, 2, 2, 2, 2, 2, 1, 2, 2, 1, -2, -1, 2, 
        2, 2, 2, 2, 2, 2, 2, 2, 2, 2, 2, 1, 2, 2, 1, -2, -1, -2, 1, 2, 2, 1, -2,
        -1, -2, 1, 2, 2, 1, -2, -1, -2, 1, 2, 2, 1, -2, -1, -2, 1, 2 ],
        [ IntegerRing() | 1, 2, 2, 1, -2, -1, -2, 1, 2, 2, 1, -2, -1, -2, 1, 2, 
        2, 1, -2, -1, -2, 1, 2, 2, 1, -2, -1, -2, 1, 2, 2, 1, -2, -1, -2, 1, 2, 
        2, 1, -2, -1, -2, 1, 2, 2, 1, -2, -1, -2, 1, 2, 2, 1, -2, -1, -2, 1, 2, 
        2, 1, -2, -1, -2, 1, 2, 2, 1, -2, -1, -2, 1, 2, 2, 1, -2, -1, -2, 1, 2, 
        2, 1, -2, -1, -2, 1, 2, 2, 1, -2, -1, -2, 1, 2, 2, 1, -2, -1, -2, 1, 2, 
        2, 1, -2, -1, -2, 1, 2, 2, 1, -2, -1, -2, 1, 2, 2, 1, -2, -1, -2, 1, 2, 
        2, 1, -2, -1, -2, 1, 2, 2, 1, -2, -1, -2, 1, 2, 2, 1, -2, -1, -2, 1, 2, 
        2, 1, -2, -1, -2, 1, 2, 2, 1, -2, -1, 2, 2, 2, 2, 2, 2, 2, 2, 2, 2, 2, 
        2, 2, 2, 2, 2, 2, 2, 2, 2, 2, 2, 2, 2, 2, 2, 2, 1, 2, 2, 1, -2, -1, -2, 
        1, 2, 2, 1, 2, 1, -2, -1, -2, 1, 2, 2, 1, -2, -1, -2, 1, 2, 2, 1, -2, 1 
        ]
    ], level := 105, genus := 14, index := 210, contains_minus_one := true, 
    subgroups := [], supergroups := [ IntegerRing() | 16, 93, 779, 1309 ], name 
    := "105A14", label := "A", order := 4608, GLZConj := 2, matgens := [ 
        PowerSequence(IntegerRing(105)) |
        [ IntegerRing(105) | 1, 35, 35, 71 ],
        [ IntegerRing(105) | 16, 30, 15, 61 ],
        [ IntegerRing(105) | 43, 42, 56, 1 ],
        [ IntegerRing(105) | 46, 90, 45, 31 ],
        [ IntegerRing(105) | 64, 0, 0, 64 ],
        [ IntegerRing(105) | 71, 0, 0, 71 ],
        [ IntegerRing(105) | 71, 35, 35, 1 ],
        [ IntegerRing(105) | 76, 0, 0, 76 ],
        [ IntegerRing(105) | 76, 90, 15, 91 ],
        [ IntegerRing(105) | 85, 14, 56, 50 ],
        [ IntegerRing(105) | 85, 63, 63, 85 ]
    ], cusps := [ IntegerRing() | 105, 105 ], c2 := [ IntegerRing() | 1, 1, 1, 
    1, 1, 1, 2, 2, 2, 2, 2, 2, 2, 2, 2, 2, 2, 2, 2, 2, 2, 2, 2, 2, 2, 2, 2, 2, 
    2, 2, 2, 2, 2, 2, 2, 2, 2, 2, 2, 2, 2, 2, 2, 2, 2, 2, 2, 2, 2, 2, 2, 2, 2, 
    2, 2, 2, 2, 2, 2, 2, 2, 2, 2, 2, 2, 2, 2, 2, 2, 2, 2, 2, 2, 2, 2, 2, 2, 2, 
    2, 2, 2, 2, 2, 2, 2, 2, 2, 2, 2, 2, 2, 2, 2, 2, 2, 2, 2, 2, 2, 2, 2, 2, 2, 
    2, 2, 2, 2, 2 ], c3 := [ IntegerRing() | 1, 1, 1, 1, 1, 1, 3, 3, 3, 3, 3, 3,
    3, 3, 3, 3, 3, 3, 3, 3, 3, 3, 3, 3, 3, 3, 3, 3, 3, 3, 3, 3, 3, 3, 3, 3, 3, 
    3, 3, 3, 3, 3, 3, 3, 3, 3, 3, 3, 3, 3, 3, 3, 3, 3, 3, 3, 3, 3, 3, 3, 3, 3, 
    3, 3, 3, 3, 3, 3, 3, 3, 3, 3, 3, 3 ], gc := [ IntegerRing() | 4, 12, 12, 16,
    48, 48 ], special_name := [], special_name_html := [], direct_subgroups := 
    [], direct_supergroups := [ IntegerRing() | 779, 1309 ], length := 35, 
    treename := [ PowerSequence(IntegerRing()) |
        [ IntegerRing() | 315, 2, 6, 5, 10 ],
        [ IntegerRing() | 315, 2, 6, 10, 7 ],
        [ IntegerRing() | 420, 2, 6, 6, 12 ],
        [ IntegerRing() | 420, 2, 6, 13, 11 ],
        [ IntegerRing() | 525, 2, 5, 6, 10 ],
        [ IntegerRing() | 525, 2, 5, 10, 8 ]
    ], treesupergroups := [ PowerSequence(IntegerRing()) |
        [ IntegerRing() | 315, 2, 6, 5 ],
        [ IntegerRing() | 315, 2, 6, 10 ],
        [ IntegerRing() | 300, 5, 5 ],
        [ IntegerRing() | 300, 5 ],
        [ IntegerRing() | 420, 2, 6, 6 ],
        [ IntegerRing() | 420, 2, 6, 13 ],
        [ IntegerRing() | 525, 2, 5, 6 ],
        [ IntegerRing() | 525, 2, 5, 10 ]
    ]>,
    rec<recformat<generators: SeqEnum, level: IntegerRing(), genus: 
    IntegerRing(), index: IntegerRing(), contains_minus_one: BoolElt, subgroups:
    SeqEnum, supergroups: SeqEnum, name: MonStgElt, label: MonStgElt, order: 
    IntegerRing(), GLZConj: IntegerRing(), matgens: SeqEnum, cusps: SeqEnum, c2:
    SeqEnum, c3: SeqEnum, gc: SeqEnum, projections: SeqEnum, special_name: 
    SeqEnum, special_name_html: SeqEnum, direct_subgroups: SeqEnum, 
    direct_supergroups: SeqEnum, length: IntegerRing(), treename: SeqEnum, 
    treesupergroups: SeqEnum> | generators := [ PowerSequence(IntegerRing()) |
        [ IntegerRing() | 1, 2, 2, 1, -2, -1, -2, 1, 2, 2, 1, -2, -1, -2, 1, 2, 
        2, 1, -2, -1, -2, 1, 2, 2, 1, -2, -1, -2, 1, 2, 2, 1, -2, -1, -2, 1, 2, 
        2, 1, -2, -1, -2, 1, 2, 2, 1, -2, -1, -2, 1, 2, 2, 1, -2, -1, -2, 1, 2, 
        2, 1, -2, -1, -2, 1, 2, 2, 1, -2, -1, -2, 1, 2, 2, 1, -2, -1, -2, 1, 2, 
        2, 1, -2, -1, -2, 1, 2, 2, 1, -2, -1, -2, 1, 2, 2, 1, -2, -1, -2, 1, 2, 
        2, 1, -2, -1, -2, 1, 2, 2, 1, -2, -1, -2, 1, 2, 2, 1, -2, -1, -2, 1, 2, 
        2, 1, -2, -1, 2, 2, 2, 2, 2, 2, 2, 2, 2, 2, 2, 2, 2, 2, 2, 2, 2, 2, 2, 
        2, 2, 2, 2, 2, 2, 2, 2, 2, 2, 2, 2, 2, 2, 2, 2, 2, 2, 2, 2, 2, 2, 2, 2, 
        2, 2, 2, 2, 2, 2, 2, 2, 2, 2, 2, 2, 2, 2, 2, 2, 2, 2, 2, 2, 2, 2, 2, 2, 
        2, 2, 2, 2, 2, 2, 2, 2, 2, 2, 2, 2, 2, 2, 2, 2, 1, 2, 2, 1, -2, -1, -2, 
        1, 2, 2, 1, -2, -1, -2, 1, 2, 2, 1, -2, -1, -2 ],
        [ IntegerRing() | 1, 2, 2, 1, -2, -1, -2, 1, 2, 2, 1, -2, -1, -2, 1, 2, 
        2, 1, -2, -1, -2, 1, 2, 2, 1, -2, -1, -2, 1, 2, 2, 1, -2, -1, -2, 1, 2, 
        2, 1, -2, -1, -2, 1, 2, 2, 1, -2, -1, -2, 1, 2, 2, 1, -2, -1, -2, 1, 2, 
        2, 1, -2, -1, -2, 1, 2, 2, 1, -2, -1, -2, 1, 2, 2, 1, -2, -1, -2, 1, 2, 
        2, 1, -2, -1, -2, 1, 2, 2, 1, -2, -1, -2, 1, 2, 2, 1, -2, -1, -2, 1, 2, 
        2, 1, -2, -1, -2, 1, 2, 2, 1, -2, -1, -2, 1, 2, 2, 1, -2, -1, -2, 1, 2, 
        2, 1, -2, -1, -2, 1, 2, 2, 1, -2, -1, -2, 1, 2, 2, 1, -2, -1, -2, 1, 2, 
        2, 1, -2, -1, -2, 1, 2, 2, 1, -2, -1, -2, 1, 2, 2, 1, -2, -1, -2, 1, 2, 
        2, 1, -2, -1, 2, 2, 2, 2, 2, 2, 2, 2, 2, 2, 2, 2, 2, 2, 2, 2, 2, 2, 2, 
        2, 2, 2, 2, 2, 2, 2, 2, 2, 2, 2, 2, 2, 2, 2, 2, 2, 2, 2, 2, 2, 2, 2, 2, 
        2, 2, 2, 2, 2, 2, 2, 2, 2, 2, 2, 2, 2, 2, 2, 2, 2, 2, 2, 2, 2, 2, 2, 2, 
        2, 2, 2, 2, 2, 2, 2, 2, 2, 2, 2, 2, 2, 2, 2, 2, 2, 2, 2, 2, 2, 2, 1, 2, 
        2, 1, -2, -1, -2 ],
        [ IntegerRing() | 1, 2, 2, 1, -2, -1, -2, 1, 2, 2, 1, -2, -1, -2, 1, 2, 
        2, 1, -2, -1, -2, 1, 2, 2, 1, -2, -1, -2, 1, 2, 2, 1, -2, -1, -2, 1, 2, 
        2, 1, -2, -1, -2, 1, 2, 2, 1, -2, -1, -2, 1, 2, 2, 1, -2, -1, -2, 1, 2, 
        2, 1, -2, -1, -2, 1, 2, 2, 1, -2, -1, -2, 1, 2, 2, 1, -2, -1, -2, 1, 2, 
        2, 1, -2, -1, -2, 1, 2, 2, 1, -2, -1, -2, 1, 2, 2, 1, -2, -1, -2, 1, 2, 
        2, 1, -2, -1, -2, 1, 2, 2, 1, -2, -1, -2, 1, 2, 2, 1, -2, -1, -2, 1, 2, 
        2, 1, -2, -1, -2, 1, 2, 2, 1, -2, -1, -2, 1, 2, 2, 1, -2, -1, -2, 1, 2, 
        2, 1, -2, -1, -2, 1, 2, 2, 1, -2, -1, -2, 1, 2, 2, 1, -2, -1, 2, 2, 2, 
        2, 2, 2, 2, 2, 2, 2, 2, 2, 2, 2, 2, 2, 2, 2, 2, 2, 2, 2, 2, 2, 2, 2, 2, 
        2, 2, 2, 2, 2, 2, 2, 2, 2, 2, 2, 2, 2, 2, 2, 2, 2, 2, 2, 2, 2, 2, 2, 2, 
        2, 2, 2, 2, 2, 2, 2, 2, 2, 2, 2, 1, 2, 2, 1, -2, -1, 2, 2, 2, 2, 2, 2, 
        2, 1, 2, 2, 1, -2, -1, -2, 1, 2, 2, 1, -2, -1, -2, 1, 2, 2, 1, -2, -1 ],
        [ IntegerRing() | 1, 2, 2, 1, -2, -1, -2, 1, 2, 2, 1, -2, -1, -2, 1, 2, 
        2, 1, -2, -1, -2, 1, 2, 2, 1, -2, -1, -2, 1, 2, 2, 1, -2, -1, -2, 1, 2, 
        2, 1, -2, -1, -2, 1, 2, 2, 1, -2, -1, -2, 1, 2, 2, 1, -2, -1, -2, 1, 2, 
        2, 1, -2, -1, -2, 1, 2, 2, 1, -2, -1, -2, 1, 2, 2, 1, -2, -1, -2, 1, 2, 
        2, 1, -2, -1, -2, 1, 2, 2, 1, -2, -1, -2, 1, 2, 2, 1, -2, -1, -2, 1, 2, 
        2, 1, -2, -1, -2, 1, 2, 2, 1, -2, -1, -2, 1, 2, 2, 1, -2, -1, -2, 1, 2, 
        2, 1, -2, -1, -2, 1, 2, 2, 1, -2, -1, -2, 1, 2, 2, 1, -2, -1, -2, 1, 2, 
        2, 1, -2, -1, -2, 1, 2, 2, 1, -2, -1, -2, 1, 2, 2, 1, -2, -1, -2, 1, 2, 
        2, 1, -2, -1, 2, 2, 2, 2, 2, 2, 2, 2, 2, 2, 2, 2, 2, 2, 2, 2, 2, 2, 2, 
        2, 2, 2, 2, 2, 2, 2, 2, 2, 2, 2, 2, 2, 2, 2, 2, 1, 2, 2, 1, 2 ],
        [ IntegerRing() | 1, 2, 2, 1, -2, -1, -2, 1, 2, 2, 1, -2, -1, -2, 1, 2, 
        2, 1, -2, -1, -2, 1, 2, 2, 1, -2, -1, -2, 1, 2, 2, 1, -2, -1, -2, 1, 2, 
        2, 1, -2, -1, -2, 1, 2, 2, 1, -2, -1, -2, 1, 2, 2, 1, -2, -1, -2, 1, 2, 
        2, 1, -2, -1, -2, 1, 2, 2, 1, -2, -1, -2, 1, 2, 2, 1, -2, -1, -2, 1, 2, 
        2, 1, -2, -1, -2, 1, 2, 2, 1, -2, -1, -2, 1, 2, 2, 1, -2, -1, -2, 1, 2, 
        2, 1, -2, -1, -2, 1, 2, 2, 1, -2, -1, -2, 1, 2, 2, 1, -2, -1, -2, 1, 2, 
        2, 1, -2, -1, -2, 1, 2, 2, 1, -2, -1, -2, 1, 2, 2, 1, -2, -1, -2, 1, 2, 
        2, 1, -2, -1, -2, 1, 2, 2, 1, -2, -1, 2, 2, 2, 2, 2, 2, 2, 2, 2, 2, 2, 
        2, 2, 1, 2, 2, 1, -2, -1, 2, 2, 2, 2, 2, 1, 2, 2, 1, -2, -1, -2, 1, 2, 
        2, 1, -2, -1, -2, 1, 2, 2, 1, -2, -1, -2, 1, 2, 2, 1, -2, -1, -2, 1, 2 
        ],
        [ IntegerRing() | 1, 2, 2, 1, -2, -1, -2, 1, 2, 2, 1, -2, -1, -2, 1, 2, 
        2, 1, -2, -1, -2, 1, 2, 2, 1, -2, -1, -2, 1, 2, 2, 1, -2, -1, -2, 1, 2, 
        2, 1, -2, -1, -2, 1, 2, 2, 1, -2, -1, -2, 1, 2, 2, 1, -2, -1, -2, 1, 2, 
        2, 1, -2, -1, -2, 1, 2, 2, 1, -2, -1, -2, 1, 2, 2, 1, -2, -1, -2, 1, 2, 
        2, 1, -2, -1, -2, 1, 2, 2, 1, -2, -1, -2, 1, 2, 2, 1, -2, -1, -2, 1, 2, 
        2, 1, -2, -1, -2, 1, 2, 2, 1, -2, -1, 2, 2, 2, 2, 2, 2, 2, 2, 2, 2, 2, 
        2, 2, 2, 2, 2, 2, 2, 2, 2, 2, 2, 2, 2, 2, 2, 2, 2, 2, 2, 2, 2, 2, 2, 2, 
        2, 2, 2, 2, 2, 2, 2, 2, 2, 2, 2, 2, 2, 2, 2, 2, 2, 2, 2, 2, 2, 2, 2, 2, 
        2, 2, 2, 2, 2, 2, 2, 2, 2, 2, 2, 2, 2, 2, 2, 2, 2, 2, 2, 2, 2, 2, 2, 2, 
        2, 2, 2, 2, 2, 2, 1, 2, 2, 1, -2, -1, -2, 1, 2, 2, 1, -2, -1, -2, 1, 2, 
        2, 1, -2, -1, -2, 1, 2, 2, 1, -2, -1, -2 ],
        [ IntegerRing() | 1, 2, 2, 1, -2, -1, -2, 1, 2, 2, 1, -2, -1, -2, 1, 2, 
        2, 1, -2, -1, -2, 1, 2, 2, 1, -2, -1, -2, 1, 2, 2, 1, -2, -1, -2, 1, 2, 
        2, 1, -2, -1, -2, 1, 2, 2, 1, -2, -1, -2, 1, 2, 2, 1, -2, -1, -2, 1, 2, 
        2, 1, -2, -1, -2, 1, 2, 2, 1, -2, -1, -2, 1, 2, 2, 1, -2, -1, -2, 1, 2, 
        2, 1, -2, -1, -2, 1, 2, 2, 1, -2, -1, -2, 1, 2, 2, 1, -2, -1, -2, 1, 2, 
        2, 1, -2, -1, -2, 1, 2, 2, 1, -2, -1, -2, 1, 2, 2, 1, -2, -1, -2, 1, 2, 
        2, 1, -2, -1, -2, 1, 2, 2, 1, -2, -1, -2, 1, 2, 2, 1, -2, -1, -2, 1, 2, 
        2, 1, -2, -1, -2, 1, 2, 2, 1, -2, -1, -2, 1, 2, 2, 1, -2, -1, -2, 1, 2, 
        2, 1, -2, -1, -2, 1, 2, 2, 1, -2, -1, -2, 1, 2, 2, 1, -2, -1, -2, 1, 2, 
        2, 1, -2, -1, 2, 2, 2, 2, 2, 2, 2, 2, 2, 2, 2, 2, 2, 2, 2, 2, 2, 2, 2, 
        2, 2, 2, 2, 2, 2, 2, 2, 2, 2, 2, 2, 2, 2, 2, 2, 2, 2, 2, 2, 2, 2, 2, 2, 
        2, 2, 2, 2, 2, 2, 2, 2, 2, 2, 2, 2, 2, 2, 2, 2, 2, 2, 2, 1, 2, 2, 1, -2,
        -1, -2, 1, 2, 2, 1, -2, -1, -2, 1, 2, 2, 1, -2, -1, -2, 1, 2, 2, 1, 2, 
        1, 2 ],
        [ IntegerRing() | 1, 2, 2, 1, -2, -1, -2, 1, 2, 2, 1, -2, -1, -2, 1, 2, 
        2, 1, -2, -1, -2, 1, 2, 2, 1, -2, -1, -2, 1, 2, 2, 1, -2, -1, -2, 1, 2, 
        2, 1, -2, -1, -2, 1, 2, 2, 1, -2, -1, -2, 1, 2, 2, 1, -2, -1, -2, 1, 2, 
        2, 1, -2, -1, -2, 1, 2, 2, 1, -2, -1, -2, 1, 2, 2, 1, -2, -1, -2, 1, 2, 
        2, 1, -2, -1, 2, 2, 2, 2, 2, 2, 2, 2, 2, 2, 2, 2, 2, 2, 2, 2, 2, 2, 2, 
        2, 2, 2, 2, 2, 2, 2, 2, 2, 2, 2, 2, 2, 2, 2, 2, 2, 2, 2, 2, 2, 2, 2, 2, 
        2, 2, 2, 2, 2, 2, 2, 2, 2, 2, 2, 2, 2, 2, 2, 2, 2, 2, 2, 2, 2, 2, 2, 2, 
        2, 2, 2, 2, 2, 2, 2, 2, 2, 1, 2, 2, 1, -2, -1, -2, 1, 2, 2, 1, -2, -1, 
        2, 2, 2, 2, 2, 2 ],
        [ IntegerRing() | 1, 2, 2, 1, -2, -1, -2, 1, 2, 2, 1, -2, -1, -2, 1, 2, 
        2, 1, -2, -1, -2, 1, 2, 2, 1, -2, -1, 2, 2, 2, 2, 2, 2, 2, 2, 2, 2, 2, 
        2, 2, 2, 2, 2, 2, 2, 2, 2, 2, 2, 2, 2, 2, 2, 2, 2, 2, 1, 2, 2, 1, -2, 
        -1, -2 ],
        [ IntegerRing() | 1, 2, 2, 1, -2, -1, 2, 2, 2, 2, 2, 2, 2, 2, 2, 2, 2, 
        2, 2, 2, 2, 2, 2, 2, 2, 2, 2, 2, 2, 2, 2, 2, 2, 1, 2, 2, 1, -2, -1, 2, 
        2, 2, 2, 2, 2, 2, 2, 2, 2, 2, 2, 1, 2, 2, 1, -2, -1, -2, 1, 2, 2, 1, -2,
        -1, -2, 1, 2, 2, 1, -2, -1, -2, 1, 2, 2, 1, -2, -1, -2, 1, 2 ],
        [ IntegerRing() | 1, 2, 2, 1, -2, -1, -2, 1, 2, 2, 1, -2, -1, -2, 1, 2, 
        2, 1, -2, -1, -2, 1, 2, 2, 1, -2, -1, -2, 1, 2, 2, 1, -2, -1, -2, 1, 2, 
        2, 1, -2, -1, -2, 1, 2, 2, 1, -2, -1, -2, 1, 2, 2, 1, -2, -1, -2, 1, 2, 
        2, 1, -2, -1, -2, 1, 2, 2, 1, -2, -1, -2, 1, 2, 2, 1, -2, -1, -2, 1, 2, 
        2, 1, -2, -1, -2, 1, 2, 2, 1, -2, -1, -2, 1, 2, 2, 1, -2, -1, -2, 1, 2, 
        2, 1, -2, -1, -2, 1, 2, 2, 1, -2, -1, -2, 1, 2, 2, 1, -2, -1, -2, 1, 2, 
        2, 1, -2, -1, -2, 1, 2, 2, 1, -2, -1, -2, 1, 2, 2, 1, -2, -1, -2, 1, 2, 
        2, 1, -2, -1, -2, 1, 2, 2, 1, -2, -1, 2, 2, 2, 2, 2, 2, 2, 2, 2, 2, 2, 
        2, 2, 2, 2, 2, 2, 2, 2, 2, 2, 2, 2, 2, 2, 2, 2, 1, 2, 2, 1, -2, -1, -2, 
        1, 2, 2, 1, 2, 1, -2, -1, -2, 1, 2, 2, 1, -2, -1, -2, 1, 2, 2, 1, -2, 1 
        ]
    ], level := 105, genus := 14, index := 210, contains_minus_one := true, 
    subgroups := [], supergroups := [ IntegerRing() | 16, 93, 779, 1310 ], name 
    := "105B14", label := "B", order := 4608, GLZConj := 2, matgens := [ 
        PowerSequence(IntegerRing(105)) |
        [ IntegerRing(105) | 1, 35, 35, 71 ],
        [ IntegerRing(105) | 1, 63, 14, 43 ],
        [ IntegerRing(105) | 16, 30, 15, 61 ],
        [ IntegerRing(105) | 22, 35, 35, 8 ],
        [ IntegerRing(105) | 46, 90, 45, 31 ],
        [ IntegerRing(105) | 64, 0, 0, 64 ],
        [ IntegerRing(105) | 71, 0, 0, 71 ],
        [ IntegerRing(105) | 71, 35, 35, 1 ],
        [ IntegerRing(105) | 76, 0, 0, 76 ],
        [ IntegerRing(105) | 76, 90, 15, 91 ],
        [ IntegerRing(105) | 85, 84, 21, 85 ]
    ], cusps := [ IntegerRing() | 105, 105 ], c2 := [ IntegerRing() | 1, 1, 1, 
    1, 1, 1, 2, 2, 2, 2, 2, 2, 2, 2, 2, 2, 2, 2, 2, 2, 2, 2, 2, 2, 2, 2, 2, 2, 
    2, 2, 2, 2, 2, 2, 2, 2, 2, 2, 2, 2, 2, 2, 2, 2, 2, 2, 2, 2, 2, 2, 2, 2, 2, 
    2, 2, 2, 2, 2, 2, 2, 2, 2, 2, 2, 2, 2, 2, 2, 2, 2, 2, 2, 2, 2, 2, 2, 2, 2, 
    2, 2, 2, 2, 2, 2, 2, 2, 2, 2, 2, 2, 2, 2, 2, 2, 2, 2, 2, 2, 2, 2, 2, 2, 2, 
    2, 2, 2, 2, 2 ], c3 := [ IntegerRing() | 1, 1, 1, 1, 1, 1, 3, 3, 3, 3, 3, 3,
    3, 3, 3, 3, 3, 3, 3, 3, 3, 3, 3, 3, 3, 3, 3, 3, 3, 3, 3, 3, 3, 3, 3, 3, 3, 
    3, 3, 3, 3, 3, 3, 3, 3, 3, 3, 3, 3, 3, 3, 3, 3, 3, 3, 3, 3, 3, 3, 3, 3, 3, 
    3, 3, 3, 3, 3, 3, 3, 3, 3, 3, 3, 3 ], gc := [ IntegerRing() | 4, 12, 12, 16,
    48, 48 ], special_name := [], special_name_html := [], direct_subgroups := 
    [], direct_supergroups := [ IntegerRing() | 779, 1310 ], length := 35, 
    treename := [ PowerSequence(IntegerRing()) |
        [ IntegerRing() | 315, 2, 6, 6, 10 ],
        [ IntegerRing() | 315, 2, 6, 10, 16 ],
        [ IntegerRing() | 420, 2, 6, 5, 12 ],
        [ IntegerRing() | 420, 2, 6, 13, 10 ],
        [ IntegerRing() | 525, 2, 5, 5, 10 ],
        [ IntegerRing() | 525, 2, 5, 10, 5 ]
    ], treesupergroups := [ PowerSequence(IntegerRing()) |
        [ IntegerRing() | 315, 2, 6, 6 ],
        [ IntegerRing() | 315, 2, 6, 10 ],
        [ IntegerRing() | 300, 5, 5 ],
        [ IntegerRing() | 300, 5 ],
        [ IntegerRing() | 420, 2, 6, 5 ],
        [ IntegerRing() | 420, 2, 6, 13 ],
        [ IntegerRing() | 525, 2, 5, 5 ],
        [ IntegerRing() | 525, 2, 5, 10 ]
    ]>,
    rec<recformat<generators: SeqEnum, level: IntegerRing(), genus: 
    IntegerRing(), index: IntegerRing(), contains_minus_one: BoolElt, subgroups:
    SeqEnum, supergroups: SeqEnum, name: MonStgElt, label: MonStgElt, order: 
    IntegerRing(), GLZConj: IntegerRing(), matgens: SeqEnum, cusps: SeqEnum, c2:
    SeqEnum, c3: SeqEnum, gc: SeqEnum, projections: SeqEnum, special_name: 
    SeqEnum, special_name_html: SeqEnum, direct_subgroups: SeqEnum, 
    direct_supergroups: SeqEnum, length: IntegerRing(), treename: SeqEnum, 
    treesupergroups: SeqEnum> | generators := [ PowerSequence(IntegerRing()) |
        [ IntegerRing() | 1, 2, 2, 1, -2, -1, -2, 1, 2, 2, 1, -2, -1, -2, 1, 2, 
        2, 1, -2, -1, -2, 1, 2, 2, 1, -2, -1, -2, 1, 2, 2, 1, -2, -1, -2, 1, 2, 
        2, 1, -2, -1, -2, 1, 2, 2, 1, -2, -1, -2, 1, 2, 2, 1, -2, -1, -2, 1, 2, 
        2, 1, -2, -1, -2, 1, 2, 2, 1, -2, -1, -2, 1, 2, 2, 1, -2, -1, -2, 1, 2, 
        2, 1, -2, -1, -2, 1, 2, 2, 1, -2, -1, -2, 1, 2, 2, 1, -2, -1, -2, 1, 2, 
        2, 1, -2, -1, -2, 1, 2, 2, 1, -2, -1, -2, 1, 2, 2, 1, -2, -1, -2, 1, 2, 
        2, 1, -2, -1, -2, 1, 2, 2, 1, -2, -1, -2, 1, 2, 2, 1, -2, -1, -2, 1, 2, 
        2, 1, -2, -1, -2, 1, 2, 2, 1, -2, -1, -2, 1, 2, 2, 1, -2, -1, -2, 1, 2, 
        2, 1, -2, -1, -2, 1, 2, 2, 1, -2, -1, -2, 1, 2, 2, 1, -2, -1, -2, 1, 2, 
        2, 1, -2, -1, 2, 2, 2, 2, 2, 2, 2, 2, 2, 2, 2, 2, 2, 2, 2, 2, 2, 2, 2, 
        2, 2, 2, 2, 2, 2, 2, 2, 2, 2, 2, 2, 2, 2, 2, 2, 2, 2, 2, 2, 2, 2, 2, 2, 
        2, 2, 2, 2, 2, 2, 2, 2, 2, 2, 2, 2, 2, 2, 2, 2, 2, 2, 2, 2, 2, 2, 2, 2, 
        2, 2, 2, 2, 2, 2, 2, 1, 2, 2, 1, -2, -1, -2, 1, 2, 2, 1, -2, -1, -2, 1, 
        2, 2, 1, -2, -1, -2 ],
        [ IntegerRing() | 1, 2, 2, 1, -2, -1, -2, 1, 2, 2, 1, -2, -1, -2, 1, 2, 
        2, 1, -2, -1, -2, 1, 2, 2, 1, -2, -1, -2, 1, 2, 2, 1, -2, -1, -2, 1, 2, 
        2, 1, -2, -1, -2, 1, 2, 2, 1, -2, -1, -2, 1, 2, 2, 1, -2, -1, -2, 1, 2, 
        2, 1, -2, -1, 2, 2, 2, 2, 2, 2, 2, 2, 2, 2, 2, 2, 2, 2, 2, 2, 2, 2, 2, 
        2, 2, 2, 2, 2, 2, 2, 2, 2, 2, 2, 2, 2, 2, 2, 2, 2, 2, 2, 2, 2, 2, 2, 2, 
        2, 2, 2, 2, 2, 2, 2, 2, 2, 2, 2, 2, 2, 2, 2, 2, 2, 2, 2, 2, 2, 2, 2, 2, 
        2, 2, 2, 2, 2, 2, 2, 2, 2, 2, 2, 2, 2, 2, 2, 2, 2, 2, 2, 2, 2, 2, 2, 1, 
        2, 2, 1, 2 ],
        [ IntegerRing() | 1, 2, 2, 1, -2, -1, -2, 1, 2, 2, 1, -2, -1, -2, 1, 2, 
        2, 1, -2, -1, -2, 1, 2, 2, 1, -2, -1, -2, 1, 2, 2, 1, -2, -1, -2, 1, 2, 
        2, 1, -2, -1, -2, 1, 2, 2, 1, -2, -1, -2, 1, 2, 2, 1, -2, -1, -2, 1, 2, 
        2, 1, -2, -1, -2, 1, 2, 2, 1, -2, -1, -2, 1, 2, 2, 1, -2, -1, -2, 1, 2, 
        2, 1, -2, -1, 2, 2, 2, 2, 2, 2, 2, 2, 2, 2, 2, 2, 2, 2, 2, 2, 2, 2, 2, 
        2, 2, 2, 2, 2, 2, 2, 2, 2, 2, 2, 2, 2, 2, 2, 2, 2, 2, 2, 2, 2, 2, 2, 2, 
        2, 2, 2, 2, 2, 2, 2, 2, 2, 2, 2, 2, 2, 2, 2, 2, 2, 2, 2, 2, 2, 2, 2, 2, 
        2, 2, 2, 2, 2, 2, 2, 2, 2, 1, 2, 2, 1, -2, -1, -2, 1, 2, 2, 1, -2, -1, 
        2, 2, 2, 2, 2, 2 ],
        [ IntegerRing() | 1, 2, 2, 1, -2, -1, -2, 1, 2, 2, 1, -2, -1, -2, 1, 2, 
        2, 1, -2, -1, -2, 1, 2, 2, 1, -2, -1, -2, 1, 2, 2, 1, -2, -1, -2, 1, 2, 
        2, 1, -2, -1, -2, 1, 2, 2, 1, -2, -1, -2, 1, 2, 2, 1, -2, -1, -2, 1, 2, 
        2, 1, -2, -1, -2, 1, 2, 2, 1, -2, -1, -2, 1, 2, 2, 1, -2, -1, -2, 1, 2, 
        2, 1, -2, -1, 2, 2, 2, 2, 2, 2, 2, 2, 2, 2, 2, 2, 2, 2, 2, 2, 2, 2, 2, 
        2, 1, 2, 2, 1, -2, -1, -2, 1, 2, 2, 1, -2, -1, -2 ],
        [ IntegerRing() | 1, 2, 2, 1, -2, -1, -2, 1, 2, 2, 1, -2, -1, -2, 1, 2, 
        2, 1, -2, -1, -2, 1, 2, 2, 1, -2, -1, -2, 1, 2, 2, 1, -2, -1, -2, 1, 2, 
        2, 1, -2, -1, -2, 1, 2, 2, 1, -2, -1, -2, 1, 2, 2, 1, -2, -1, -2, 1, 2, 
        2, 1, -2, -1, -2, 1, 2, 2, 1, -2, -1, -2, 1, 2, 2, 1, -2, -1, -2, 1, 2, 
        2, 1, -2, -1, -2, 1, 2, 2, 1, -2, -1, -2, 1, 2, 2, 1, -2, -1, -2, 1, 2, 
        2, 1, -2, -1, -2, 1, 2, 2, 1, -2, -1, -2, 1, 2, 2, 1, -2, -1, -2, 1, 2, 
        2, 1, -2, -1, -2, 1, 2, 2, 1, -2, -1, -2, 1, 2, 2, 1, -2, -1, -2, 1, 2, 
        2, 1, -2, -1, -2, 1, 2, 2, 1, -2, -1, -2, 1, 2, 2, 1, -2, -1, -2, 1, 2, 
        2, 1, -2, -1, 2, 2, 2, 2, 2, 2, 2, 2, 2, 2, 2, 2, 2, 2, 2, 2, 2, 2, 2, 
        2, 2, 2, 2, 2, 2, 2, 2, 2, 2, 2, 2, 2, 2, 2, 2, 1, 2, 2, 1, 2 ],
        [ IntegerRing() | 1, 2, 2, 1, -2, -1, -2, 1, 2, 2, 1, -2, -1, -2, 1, 2, 
        2, 1, -2, -1, -2, 1, 2, 2, 1, -2, -1, -2, 1, 2, 2, 1, -2, -1, -2, 1, 2, 
        2, 1, -2, -1, -2, 1, 2, 2, 1, -2, -1, -2, 1, 2, 2, 1, -2, -1, -2, 1, 2, 
        2, 1, -2, -1, -2, 1, 2, 2, 1, -2, -1, 2, 2, 2, 2, 2, 2, 2, 1, 2, 2, 1, 
        -2, -1, -2, 1, 2, 2, 1, -2, -1, -2, 1, 2, 2, 1, -2, 1 ],
        [ IntegerRing() | 1, 2, 2, 1, -2, -1, -2, 1, 2, 2, 1, -2, -1, -2, 1, 2, 
        2, 1, -2, -1, -2, 1, 2, 2, 1, -2, -1, -2, 1, 2, 2, 1, -2, -1, -2, 1, 2, 
        2, 1, -2, -1, -2, 1, 2, 2, 1, -2, -1, -2, 1, 2, 2, 1, -2, -1, -2, 1, 2, 
        2, 1, -2, -1, -2, 1, 2, 2, 1, -2, -1, -2, 1, 2, 2, 1, -2, -1, -2, 1, 2, 
        2, 1, -2, -1, -2, 1, 2, 2, 1, -2, -1, -2, 1, 2, 2, 1, -2, -1, -2, 1, 2, 
        2, 1, -2, -1, -2, 1, 2, 2, 1, -2, -1, -2, 1, 2, 2, 1, -2, -1, -2, 1, 2, 
        2, 1, -2, -1, -2, 1, 2, 2, 1, -2, -1, -2, 1, 2, 2, 1, -2, -1, -2, 1, 2, 
        2, 1, -2, -1, -2, 1, 2, 2, 1, -2, -1, 2, 2, 2, 2, 2, 2, 2, 2, 2, 2, 2, 
        2, 2, 2, 2, 2, 2, 2, 2, 2, 2, 2, 2, 2, 2, 2, 2, 1, 2, 2, 1, -2, -1, -2, 
        1, 2, 2, 1, 2, 1, -2, -1, -2, 1, 2, 2, 1, -2, -1, -2, 1, 2, 2, 1, -2, 1 
        ],
        [ IntegerRing() | 1, 2, 2, 1, -2, -1, -2, 1, 2, 2, 1, -2, -1, -2, 1, 2, 
        2, 1, -2, -1, -2, 1, 2, 2, 1, -2, -1, -2, 1, 2, 2, 1, -2, -1, -2, 1, 2, 
        2, 1, -2, -1, -2, 1, 2, 2, 1, -2, -1, -2, 1, 2, 2, 1, -2, -1, -2, 1, 2, 
        2, 1, -2, -1, -2, 1, 2, 2, 1, -2, -1, -2, 1, 2, 2, 1, -2, -1, -2, 1, 2, 
        2, 1, -2, -1, 2, 2, 2, 2, 2, 2, 2, 2, 2, 2, 2, 2, 2, 2, 2, 2, 2, 2, 2, 
        2, 2, 2, 2, 2, 2, 2, 2, 2, 2, 2, 2, 2, 2, 2, 2, 2, 2, 2, 2, 2, 2, 2, 2, 
        2, 2, 2, 2, 2, 1, 2, 2, 1, -2, -1, -2, 1, 2, 2, 1, -2, -1, -2, 1, 2, 2, 
        1, 2, 1, -2, -1, -2, 1, 2, 2, 1, 2, 1, -2, -1, -2 ],
        [ IntegerRing() | 1, 2, 2, 1, -2, -1, -2, 1, 2, 2, 1, -2, -1, -2, 1, 2, 
        2, 1, -2, -1, -2, 1, 2, 2, 1, -2, -1, -2, 1, 2, 2, 1, -2, -1, -2, 1, 2, 
        2, 1, -2, -1, -2, 1, 2, 2, 1, -2, -1, -2, 1, 2, 2, 1, -2, -1, -2, 1, 2, 
        2, 1, -2, -1, -2, 1, 2, 2, 1, -2, -1, -2, 1, 2, 2, 1, -2, -1, -2, 1, 2, 
        2, 1, -2, -1, -2, 1, 2, 2, 1, -2, -1, -2, 1, 2, 2, 1, -2, -1, -2, 1, 2, 
        2, 1, -2, -1, -2, 1, 2, 2, 1, -2, -1, -2, 1, 2, 2, 1, -2, -1, -2, 1, 2, 
        2, 1, -2, -1, -2, 1, 2, 2, 1, -2, -1, -2, 1, 2, 2, 1, -2, -1, -2, 1, 2, 
        2, 1, -2, -1, -2, 1, 2, 2, 1, -2, -1, -2, 1, 2, 2, 1, -2, -1, 2, 2, 2, 
        2, 2, 2, 2, 2, 2, 2, 2, 2, 2, 2, 2, 2, 2, 2, 2, 2, 2, 2, 2, 2, 2, 2, 2, 
        2, 2, 2, 2, 2, 2, 2, 2, 2, 2, 2, 2, 2, 2, 2, 2, 2, 2, 2, 2, 2, 2, 2, 2, 
        2, 2, 2, 2, 2, 2, 2, 2, 2, 2, 2, 1, 2, 2, 1, -2, -1, 2, 2, 2, 2, 2, 2, 
        2, 1, 2, 2, 1, -2, -1, -2, 1, 2, 2, 1, -2, -1, -2, 1, 2, 2, 1, -2, -1 ],
        [ IntegerRing() | 1, 2, 2, 1, -2, -1, -2, 1, 2, 2, 1, -2, -1, -2, 1, 2, 
        2, 1, -2, -1, -2, 1, 2, 2, 1, -2, -1, -2, 1, 2, 2, 1, -2, -1, -2, 1, 2, 
        2, 1, -2, -1, -2, 1, 2, 2, 1, -2, -1, -2, 1, 2, 2, 1, -2, -1, -2, 1, 2, 
        2, 1, -2, -1, -2, 1, 2, 2, 1, -2, -1, 2, 2, 2, 2, 2, 2, 2, 2, 2, 2, 2, 
        2, 2, 2, 2, 2, 2, 2, 2, 2, 2, 2, 2, 2, 2, 2, 2, 2, 2, 2, 2, 2, 2, 2, 2, 
        2, 2, 2, 2, 2, 2, 2, 2, 2, 2, 2, 2, 2, 2, 2, 2, 2, 2, 2, 2, 1, 2, 2, 1, 
        -2, -1, -2, 1, 2, 2, 1, 2, 1, -2, -1, -2, 1, 2, 2, 1, -2, -1, -2, 1, 2, 
        2, 1, -2, -1, -2, 1, 2, 2, 1, -2, -1, -2, 1, 2, 2, 1, -2, -1, -2, 1, 1, 
        1 ],
        [ IntegerRing() | 1, 2, 2, 1, -2, -1, -2, 1, 2, 2, 1, -2, -1, -2, 1, 2, 
        2, 1, -2, -1, -2, 1, 2, 2, 1, -2, -1, -2, 1, 2, 2, 1, -2, -1, -2, 1, 2, 
        2, 1, -2, -1, -2, 1, 2, 2, 1, -2, -1, -2, 1, 2, 2, 1, -2, -1, -2, 1, 2, 
        2, 1, -2, -1, -2, 1, 2, 2, 1, -2, -1, -2, 1, 2, 2, 1, -2, -1, -2, 1, 2, 
        2, 1, -2, -1, -2, 1, 2, 2, 1, -2, -1, -2, 1, 2, 2, 1, -2, -1, -2, 1, 2, 
        2, 1, -2, -1, -2, 1, 2, 2, 1, -2, -1, -2, 1, 2, 2, 1, -2, -1, -2, 1, 2, 
        2, 1, -2, -1, -2, 1, 2, 2, 1, -2, -1, -2, 1, 2, 2, 1, -2, -1, -2, 1, 2, 
        2, 1, -2, -1, -2, 1, 2, 2, 1, -2, -1, -2, 1, 2, 2, 1, -2, -1, -2, 1, 2, 
        2, 1, -2, -1, 2, 2, 2, 2, 2, 2, 2, 2, 2, 2, 2, 2, 2, 2, 2, 2, 2, 2, 2, 
        2, 2, 2, 2, 2, 2, 2, 2, 2, 2, 2, 2, 2, 2, 2, 2, 2, 2, 2, 2, 2, 2, 2, 2, 
        2, 2, 2, 2, 2, 2, 2, 2, 2, 2, 2, 2, 2, 2, 2, 2, 2, 2, 2, 1, 2, 2, 1, -2,
        -1, -2, 1, 2, 2, 1, -2, -1, -2, 1, 2, 2, 1, -2, -1, -2, 1, 2, 2, 1, -2, 
        -1, -2 ]
    ], level := 105, genus := 14, index := 210, contains_minus_one := true, 
    subgroups := [], supergroups := [ IntegerRing() | 16, 245, 779 ], name := 
    "105C14", label := "C", order := 4608, GLZConj := 2, matgens := [ 
        PowerSequence(IntegerRing(105)) |
        [ IntegerRing(105) | 36, 35, 70, 36 ],
        [ IntegerRing(105) | 61, 75, 90, 16 ],
        [ IntegerRing(105) | 64, 0, 0, 64 ],
        [ IntegerRing(105) | 71, 0, 0, 71 ],
        [ IntegerRing(105) | 71, 35, 35, 1 ],
        [ IntegerRing(105) | 71, 63, 84, 8 ],
        [ IntegerRing(105) | 76, 0, 0, 76 ],
        [ IntegerRing(105) | 76, 90, 50, 91 ],
        [ IntegerRing(105) | 85, 21, 84, 85 ],
        [ IntegerRing(105) | 85, 63, 63, 85 ],
        [ IntegerRing(105) | 91, 45, 30, 91 ]
    ], cusps := [ IntegerRing() | 105, 105 ], c2 := [ IntegerRing() | 1, 1, 1, 
    1, 1, 1, 2, 2, 2, 2, 2, 2, 2, 2, 2, 2, 2, 2, 2, 2, 2, 2, 2, 2, 2, 2, 2, 2, 
    2, 2, 2, 2, 2, 2, 2, 2, 2, 2, 2, 2, 2, 2, 2, 2, 2, 2, 2, 2, 2, 2, 2, 2, 2, 
    2, 2, 2, 2, 2, 2, 2, 2, 2, 2, 2, 2, 2, 2, 2, 2, 2, 2, 2, 2, 2, 2, 2, 2, 2, 
    2, 2, 2, 2, 2, 2, 2, 2, 2, 2, 2, 2, 2, 2, 2, 2, 2, 2, 2, 2, 2, 2, 2, 2, 2, 
    2, 2, 2, 2, 2 ], c3 := [ IntegerRing() | 1, 1, 1, 1, 1, 1, 3, 3, 3, 3, 3, 3,
    3, 3, 3, 3, 3, 3, 3, 3, 3, 3, 3, 3, 3, 3, 3, 3, 3, 3, 3, 3, 3, 3, 3, 3, 3, 
    3, 3, 3, 3, 3, 3, 3, 3, 3, 3, 3, 3, 3, 3, 3, 3, 3, 3, 3, 3, 3, 3, 3, 3, 3, 
    3, 3, 3, 3, 3, 3, 3, 3, 3, 3, 3, 3 ], gc := [ IntegerRing() | 4, 12, 12, 16,
    48, 48 ], special_name := [], special_name_html := [], direct_subgroups := 
    [], direct_supergroups := [ IntegerRing() | 245, 779 ], length := 70, 
    treename := [ PowerSequence(IntegerRing()) |
        [ IntegerRing() | 315, 2, 6, 10, 11 ],
        [ IntegerRing() | 315, 2, 6, 10, 12 ],
        [ IntegerRing() | 315, 2, 9, 9, 9 ],
        [ IntegerRing() | 420, 2, 6, 13, 6 ],
        [ IntegerRing() | 420, 2, 6, 13, 7 ],
        [ IntegerRing() | 420, 2, 11, 9, 9 ],
        [ IntegerRing() | 525, 2, 5, 10, 11 ],
        [ IntegerRing() | 525, 2, 5, 10, 12 ],
        [ IntegerRing() | 525, 2, 8, 8, 8 ]
    ], treesupergroups := [ PowerSequence(IntegerRing()) |
        [ IntegerRing() | 315, 2, 6, 10 ],
        [ IntegerRing() | 315, 2, 6, 10 ],
        [ IntegerRing() | 315, 2, 9, 9 ],
        [ IntegerRing() | 300, 5 ],
        [ IntegerRing() | 420, 2, 6, 13 ],
        [ IntegerRing() | 420, 2, 6, 13 ],
        [ IntegerRing() | 420, 2, 11, 9 ],
        [ IntegerRing() | 525, 2, 5, 10 ],
        [ IntegerRing() | 525, 2, 5, 10 ],
        [ IntegerRing() | 525, 2, 8, 8 ]
    ]>,
    rec<recformat<generators: SeqEnum, level: IntegerRing(), genus: 
    IntegerRing(), index: IntegerRing(), contains_minus_one: BoolElt, subgroups:
    SeqEnum, supergroups: SeqEnum, name: MonStgElt, label: MonStgElt, order: 
    IntegerRing(), GLZConj: IntegerRing(), matgens: SeqEnum, cusps: SeqEnum, c2:
    SeqEnum, c3: SeqEnum, gc: SeqEnum, projections: SeqEnum, special_name: 
    SeqEnum, special_name_html: SeqEnum, direct_subgroups: SeqEnum, 
    direct_supergroups: SeqEnum, length: IntegerRing(), treename: SeqEnum, 
    treesupergroups: SeqEnum> | generators := [ PowerSequence(IntegerRing()) |
        [ IntegerRing() | 1, 2, 2, 1, -2, -1, -2, 1, 2, 2, 1, -2, -1, -2, 1, 2, 
        2, 1, -2, -1, -2, 1, 2, 2, 1, -2, -1, -2, 1, 2, 2, 1, -2, -1, -2, 1, 2, 
        2, 1, -2, -1, -2, 1, 2, 2, 1, -2, -1, -2, 1, 2, 2, 1, -2, -1, -2, 1, 2, 
        2, 1, -2, -1, -2, 1, 2, 2, 1, -2, -1, -2, 1, 2, 2, 1, -2, -1, -2, 1, 2, 
        2, 1, -2, -1, -2, 1, 2, 2, 1, -2, -1, -2, 1, 2, 2, 1, -2, -1, -2, 1, 2, 
        2, 1, -2, -1, -2, 1, 2, 2, 1, -2, -1, -2, 1, 2, 2, 1, -2, -1, -2, 1, 2, 
        2, 1, -2, -1, -2, 1, 2, 2, 1, -2, -1, -2, 1, 2, 2, 1, -2, -1, -2, 1, 2, 
        2, 1, -2, -1, -2, 1, 2, 2, 1, -2, -1, -2, 1, 2, 2, 1, -2, -1, -2, 1, 2, 
        2, 1, -2, -1, -2, 1, 2, 2, 1, -2, -1, -2, 1, 2, 2, 1, -2, -1, -2, 1, 2, 
        2, 1, -2, -1, 2, 2, 2, 2, 2, 2, 2, 2, 2, 2, 2, 2, 2, 2, 2, 2, 2, 2, 2, 
        2, 2, 2, 2, 2, 2, 2, 2, 2, 2, 2, 2, 2, 2, 2, 2, 2, 2, 2, 2, 2, 2, 2, 2, 
        2, 2, 2, 2, 2, 2, 2, 2, 2, 2, 2, 2, 2, 2, 2, 2, 2, 2, 2, 2, 2, 2, 2, 2, 
        2, 2, 2, 2, 2, 2, 2, 1, 2, 2, 1, -2, -1, -2, 1, 2, 2, 1, -2, -1, -2, 1, 
        2, 2, 1, -2, -1, -2 ],
        [ IntegerRing() | 1, 2, 2, 1, -2, -1, -2, 1, 2, 2, 1, -2, -1, -2, 1, 2, 
        2, 1, -2, -1, -2, 1, 2, 2, 1, -2, -1, -2, 1, 2, 2, 1, -2, -1, -2, 1, 2, 
        2, 1, -2, -1, -2, 1, 2, 2, 1, -2, -1, -2, 1, 2, 2, 1, -2, -1, -2, 1, 2, 
        2, 1, -2, -1, -2, 1, 2, 2, 1, -2, -1, -2, 1, 2, 2, 1, -2, -1, -2, 1, 2, 
        2, 1, -2, -1, -2, 1, 2, 2, 1, -2, -1, -2, 1, 2, 2, 1, -2, -1, -2 ],
        [ IntegerRing() | 1, 2, 2, 1, -2, -1, -2, 1, 2, 2, 1, -2, -1, -2, 1, 2, 
        2, 1, -2, -1, -2, 1, 2, 2, 1, -2, -1, -2, 1, 2, 2, 1, -2, -1, -2, 1, 2, 
        2, 1, -2, -1, -2, 1, 2, 2, 1, -2, -1, -2, 1, 2, 2, 1, -2, -1, -2, 1, 2, 
        2, 1, -2, -1, -2, 1, 2, 2, 1, -2, -1, -2, 1, 2, 2, 1, -2, -1, -2, 1, 2, 
        2, 1, -2, -1, 2, 2, 2, 2, 2, 2, 2, 2, 2, 2, 2, 2, 2, 2, 2, 2, 2, 2, 2, 
        2, 2, 2, 2, 2, 2, 2, 2, 2, 2, 2, 2, 2, 2, 2, 2, 2, 2, 2, 2, 2, 2, 2, 2, 
        2, 2, 2, 2, 2, 2, 2, 2, 2, 2, 2, 2, 2, 2, 2, 2, 2, 2, 2, 2, 2, 2, 2, 2, 
        2, 2, 2, 1, 1, 1, 2 ],
        [ IntegerRing() | 1, 1 ],
        [ IntegerRing() | 1, 2, 2, 1, -2, -1, -2, 1, 2, 2, 1, -2, -1, -2, 1, 2, 
        2, 1, -2, -1, -2, 1, 2, 2, 1, -2, -1, -2, 1, 2, 2, 1, -2, -1, -2, 1, 2, 
        2, 1, -2, -1, -2, 1, 2, 2, 1, -2, -1, -2, 1, 2, 2, 1, -2, -1, -2, 1, 2, 
        2, 1, -2, -1, -2, 1, 2, 2, 1, -2, -1, -2, 1, 2, 2, 1, -2, -1, -2, 1, 2, 
        2, 1, -2, -1, -2, 1, 2, 2, 1, -2, -1, -2, 1, 2, 2, 1, -2, -1, -2, 1, 2, 
        2, 1, -2, -1, -2, 1, 2, 2, 1, -2, -1, 2, 2, 2, 2, 2, 2, 2, 2, 2, 2, 2, 
        2, 2, 2, 2, 2, 2, 2, 2, 2, 2, 2, 2, 2, 2, 2, 2, 2, 2, 2, 2, 2, 2, 2, 2, 
        2, 2, 2, 2, 2, 2, 2, 2, 2, 2, 2, 2, 2, 2, 2, 2, 2, 2, 2, 2, 2, 2, 2, 2, 
        2, 2, 2, 2, 2, 2, 2, 2, 2, 2, 2, 2, 2, 2, 2, 2, 2, 2, 2, 2, 2, 2, 2, 2, 
        2, 2, 2, 2, 2, 2, 1, 2, 2, 1, -2, -1, -2, 1, 2, 2, 1, -2, -1, -2, 1, 2, 
        2, 1, -2, -1, -2, 1, 2, 2, 1, -2, -1, -2 ],
        [ IntegerRing() | 1, 2, 2, 1, -2, -1, -2, 1, 2, 2, 1, -2, -1, -2, 1, 2, 
        2, 1, -2, -1, -2, 1, 2, 2, 1, -2, -1, -2, 1, 2, 2, 1, -2, -1, -2, 1, 2, 
        2, 1, -2, -1, -2, 1, 2, 2, 1, -2, -1, -2, 1, 2, 2, 1, -2, -1, -2, 1, 2, 
        2, 1, -2, -1, -2, 1, 2, 2, 1, -2, -1, -2, 1, 2, 2, 1, -2, -1, -2, 1, 2, 
        2, 1, -2, -1, -2, 1, 2, 2, 1, -2, -1, -2, 1, 2, 2, 1, -2, -1, -2, 1, 2, 
        2, 1, -2, -1, -2, 1, 2, 2, 1, -2, -1, -2, 1, 2, 2, 1, -2, -1, -2, 1, 2, 
        2, 1, -2, -1, -2, 1, 2, 2, 1, -2, -1, -2, 1, 2, 2, 1, -2, -1, -2, 1, 2, 
        2, 1, -2, -1, -2, 1, 2, 2, 1, -2, -1, 2, 2, 2, 2, 2, 2, 2, 2, 2, 2, 2, 
        2, 2, 2, 2, 2, 2, 2, 2, 2, 2, 2, 2, 2, 2, 2, 2, 1, 2, 2, 1, -2, -1, -2, 
        1, 2, 2, 1, 2, 1, -2, -1, -2, 1, 2, 2, 1, -2, -1, -2, 1, 2, 2, 1, -2, 1 
        ],
        [ IntegerRing() | 1, 2, 2, 1, -2, -1, -2, 1, 2, 2, 1, -2, -1, -2, 1, 2, 
        2, 1, -2, -1, -2, 1, 2, 2, 1, -2, -1, -2, 1, 2, 2, 1, -2, -1, -2, 1, 2, 
        2, 1, -2, -1, -2, 1, 2, 2, 1, -2, -1, -2, 1, 2, 2, 1, -2, -1, -2, 1, 2, 
        2, 1, -2, -1, -2, 1, 2, 2, 1, -2, -1, -2, 1, 2, 2, 1, -2, -1, -2, 1, 2, 
        2, 1, -2, -1, 2, 2, 2, 2, 2, 2, 2, 2, 2, 2, 2, 2, 2, 2, 2, 2, 2, 2, 2, 
        2, 2, 2, 2, 2, 2, 2, 2, 2, 2, 2, 2, 2, 2, 2, 2, 2, 2, 2, 2, 2, 2, 2, 2, 
        2, 2, 2, 2, 2, 1, 2, 2, 1, -2, -1, -2, 1, 2, 2, 1, -2, -1, -2, 1, 2, 2, 
        1, 2, 1, -2, -1, -2, 1, 2, 2, 1, 2, 1, -2, -1, -2 ],
        [ IntegerRing() | 1, 2, 2, 1, -2, -1, -2, 1, 2, 2, 1, -2, -1, -2, 1, 2, 
        2, 1, -2, -1, -2, 1, 2, 2, 1, -2, -1, -2, 1, 2, 2, 1, -2, -1, -2, 1, 2, 
        2, 1, -2, -1, -2, 1, 2, 2, 1, -2, -1, -2, 1, 2, 2, 1, -2, -1, -2, 1, 2, 
        2, 1, -2, -1, -2, 1, 2, 2, 1, -2, -1, -2, 1, 2, 2, 1, -2, -1, -2, 1, 2, 
        2, 1, -2, -1, -2, 1, 2, 2, 1, -2, -1, -2, 1, 2, 2, 1, -2, -1, -2, 1, 2, 
        2, 1, -2, -1, -2, 1, 2, 2, 1, -2, -1, -2, 1, 2, 2, 1, -2, -1, -2, 1, 2, 
        2, 1, -2, -1, -2, 1, 2, 2, 1, -2, -1, -2, 1, 2, 2, 1, -2, -1, -2, 1, 2, 
        2, 1, -2, -1, -2, 1, 2, 2, 1, -2, -1, -2, 1, 2, 2, 1, -2, -1, 2, 2, 2, 
        2, 2, 2, 2, 2, 2, 2, 2, 2, 2, 2, 2, 2, 2, 2, 2, 2, 2, 2, 2, 2, 2, 2, 2, 
        2, 2, 2, 2, 2, 2, 2, 2, 2, 2, 2, 2, 2, 2, 2, 2, 2, 2, 2, 2, 2, 2, 2, 2, 
        2, 2, 2, 2, 2, 2, 2, 2, 2, 2, 2, 1, 2, 2, 1, -2, -1, 2, 2, 2, 2, 2, 2, 
        2, 1, 2, 2, 1, -2, -1, -2, 1, 2, 2, 1, -2, -1, -2, 1, 2, 2, 1, -2, -1 ],
        [ IntegerRing() | 1, 2, 2, 1, -2, -1, -2, 1, 2, 2, 1, -2, -1, -2, 1, 2, 
        2, 1, -2, -1, -2, 1, 2, 2, 1, -2, -1, -2, 1, 2, 2, 1, -2, -1, -2, 1, 2, 
        2, 1, -2, -1, -2, 1, 2, 2, 1, -2, -1, -2, 1, 2, 2, 1, -2, -1, -2, 1, 2, 
        2, 1, -2, -1, -2, 1, 2, 2, 1, -2, -1, 2, 2, 2, 2, 2, 2, 2, 2, 2, 2, 2, 
        2, 2, 2, 2, 2, 2, 2, 2, 2, 2, 2, 2, 2, 2, 2, 2, 2, 2, 2, 2, 2, 2, 2, 2, 
        2, 2, 2, 2, 2, 2, 2, 2, 2, 2, 2, 2, 2, 2, 2, 2, 2, 2, 2, 2, 1, 2, 2, 1, 
        -2, -1, -2, 1, 2, 2, 1, 2, 1, -2, -1, -2, 1, 2, 2, 1, -2, -1, -2, 1, 2, 
        2, 1, -2, -1, -2, 1, 2, 2, 1, -2, -1, -2, 1, 2, 2, 1, -2, -1, -2, 1, 1, 
        1 ],
        [ IntegerRing() | 1, 2, 2, 1, -2, -1, -2, 1, 2, 2, 1, -2, -1, -2, 1, 2, 
        2, 1, -2, -1, -2, 1, 2, 2, 1, -2, -1, -2, 1, 2, 2, 1, -2, -1, 2, 2, 2, 
        2, 2, 2, 2, 2, 2, 2, 2, 2, 2, 2, 2, 2, 2, 2, 2, 2, 2, 2, 2, 2, 2, 2, 2, 
        2, 2, 2, 2, 2, 2, 2, 2, 2, 2, 2, 2, 2, 2, 2, 2, 2, 2, 2, 2, 2, 2, 2, 2, 
        2, 2, 2, 2, 2, 2, 2, 2, 2, 2, 2, 1, 2, 2, 1, -2, -1, 2, 2, 2, 2, 2, 2, 
        2, 2, 2, 2, 1, 2, 2, 1, -2, -1, -2, 1, 2, 2, 1, -2, -1, -2, 1, 2, 1 ]
    ], level := 105, genus := 14, index := 252, contains_minus_one := true, 
    subgroups := [], supergroups := [ IntegerRing() | 5, 17, 94, 781, 1311 ], 
    name := "105D14", label := "D", order := 3840, GLZConj := 2, matgens := [ 
        PowerSequence(IntegerRing(105)) |
        [ IntegerRing(105) | 1, 0, 63, 1 ],
        [ IntegerRing(105) | 13, 10, 4, 92 ],
        [ IntegerRing(105) | 36, 35, 70, 36 ],
        [ IntegerRing(105) | 61, 75, 90, 16 ],
        [ IntegerRing(105) | 71, 0, 0, 71 ],
        [ IntegerRing(105) | 71, 70, 70, 1 ],
        [ IntegerRing(105) | 76, 0, 0, 76 ],
        [ IntegerRing(105) | 76, 90, 15, 91 ],
        [ IntegerRing(105) | 91, 45, 30, 91 ],
        [ IntegerRing(105) | 104, 0, 0, 104 ]
    ], cusps := [ IntegerRing() | 21, 21, 105, 105 ], c2 := [ IntegerRing() | 1,
    1, 1, 1, 1, 1, 1, 1, 1, 1, 1, 1, 1, 1, 1, 1, 1, 1, 1, 1, 1, 1, 1, 1, 2, 2, 
    2, 2, 2, 2, 2, 2, 2, 2, 2, 2, 2, 2, 2, 2, 2, 2, 2, 2, 2, 2, 2, 2, 2, 2, 2, 
    2, 2, 2, 2, 2, 2, 2, 2, 2, 2, 2, 2, 2, 2, 2, 2, 2, 2, 2, 2, 2, 2, 2, 2, 2, 
    2, 2, 2, 2, 2, 2, 2, 2, 2, 2, 2, 2, 2, 2, 2, 2, 2, 2, 2, 2, 2, 2, 2, 2, 2, 
    2, 2, 2, 2, 2, 2, 2, 2, 2, 2, 2, 2, 2, 2, 2, 2, 2, 2, 2, 2, 2, 2, 2, 2, 2, 
    2, 2, 2, 2, 2, 2, 2, 2, 2, 2, 2, 2 ], c3 := [ IntegerRing() | 3, 3, 3, 3, 3,
    3, 3, 3, 3, 3, 3, 3, 3, 3, 3, 3, 3, 3, 3, 3, 3, 3, 3, 3, 3, 3, 3, 3, 3, 3, 
    3, 3, 3, 3, 3, 3, 3, 3, 3, 3, 3, 3, 3, 3, 3, 3, 3, 3, 3, 3, 3, 3, 3, 3, 3, 
    3, 3, 3, 3, 3, 3, 3, 3, 3, 3, 3, 3, 3, 3, 3, 3, 3, 3, 3, 3, 3, 3, 3, 3, 3, 
    3, 3, 3, 3 ], gc := [ IntegerRing() | 2, 2, 6, 6, 6, 6, 8, 24, 24 ], 
    special_name := [], special_name_html := [], direct_subgroups := [], 
    direct_supergroups := [ IntegerRing() | 781, 1311 ], length := 42, treename 
    := [ PowerSequence(IntegerRing()) |
        [ IntegerRing() | 315, 2, 3, 5, 15 ],
        [ IntegerRing() | 315, 2, 3, 7, 5 ],
        [ IntegerRing() | 420, 2, 2, 5, 16 ],
        [ IntegerRing() | 420, 2, 2, 8, 5 ],
        [ IntegerRing() | 525, 2, 2, 9, 19 ],
        [ IntegerRing() | 525, 2, 2, 11, 9 ]
    ], treesupergroups := [ PowerSequence(IntegerRing()) |
        [ IntegerRing() | 315, 2, 3, 5 ],
        [ IntegerRing() | 315, 2, 3, 7 ],
        [ IntegerRing() | 300, 2, 9 ],
        [ IntegerRing() | 300, 6 ],
        [ IntegerRing() | 300, 2 ],
        [ IntegerRing() | 420, 2, 2, 5 ],
        [ IntegerRing() | 420, 2, 2, 8 ],
        [ IntegerRing() | 525, 2, 2, 9 ],
        [ IntegerRing() | 525, 2, 2, 11 ]
    ]>,
    rec<recformat<generators: SeqEnum, level: IntegerRing(), genus: 
    IntegerRing(), index: IntegerRing(), contains_minus_one: BoolElt, subgroups:
    SeqEnum, supergroups: SeqEnum, name: MonStgElt, label: MonStgElt, order: 
    IntegerRing(), GLZConj: IntegerRing(), matgens: SeqEnum, cusps: SeqEnum, c2:
    SeqEnum, c3: SeqEnum, gc: SeqEnum, projections: SeqEnum, special_name: 
    SeqEnum, special_name_html: SeqEnum, direct_subgroups: SeqEnum, 
    direct_supergroups: SeqEnum, length: IntegerRing(), treename: SeqEnum, 
    treesupergroups: SeqEnum> | generators := [ PowerSequence(IntegerRing()) |
        [ IntegerRing() | 1, 2, 2, 1, -2, -1, -2, 1, 2, 2, 1, -2, -1, -2, 1, 2, 
        2, 1, -2, -1, -2, 1, 2, 2, 1, -2, -1, -2, 1, 2, 2, 1, -2, -1, -2, 1, 2, 
        2, 1, -2, -1, -2, 1, 2, 2, 1, -2, -1, -2, 1, 2, 2, 1, -2, -1, -2, 1, 2, 
        2, 1, -2, -1, -2, 1, 2, 2, 1, -2, -1, -2, 1, 2, 2, 1, -2, -1, -2, 1, 2, 
        2, 1, -2, -1, -2, 1, 2, 2, 1, -2, -1, -2, 1, 2, 2, 1, -2, -1, -2, 1, 2, 
        2, 1, -2, -1, -2, 1, 2, 2, 1, -2, -1, -2, 1, 2, 2, 1, -2, -1, -2, 1, 2, 
        2, 1, -2, -1, -2, 1, 2, 2, 1, -2, -1, -2, 1, 2, 2, 1, -2, -1, -2, 1, 2, 
        2, 1, -2, -1, -2, 1, 2, 2, 1, -2, -1, -2, 1, 2, 2, 1, -2, -1, -2, 1, 2, 
        2, 1, -2, -1, -2, 1, 2, 2, 1, -2, -1, -2, 1, 2, 2, 1, -2, -1, -2, 1, 2, 
        2, 1, -2, -1, 2, 2, 2, 2, 2, 2, 2, 2, 2, 2, 2, 2, 2, 2, 2, 2, 2, 2, 2, 
        2, 2, 2, 2, 2, 2, 2, 2, 2, 2, 2, 2, 2, 2, 2, 2, 2, 2, 2, 2, 2, 2, 2, 2, 
        2, 2, 2, 2, 2, 2, 2, 2, 2, 2, 2, 2, 2, 2, 2, 2, 2, 2, 2, 2, 2, 2, 2, 2, 
        2, 2, 2, 2, 2, 2, 2, 1, 2, 2, 1, -2, -1, -2, 1, 2, 2, 1, -2, -1, -2, 1, 
        2, 2, 1, -2, -1, -2 ],
        [ IntegerRing() | 1, 2, 2, 1, -2, -1, -2, 1, 2, 2, 1, -2, -1, -2, 1, 2, 
        2, 1, -2, -1, -2, 1, 2, 2, 1, -2, -1, -2, 1, 2, 2, 1, -2, -1, -2, 1, 2, 
        2, 1, -2, -1, -2, 1, 2, 2, 1, -2, -1, -2, 1, 2, 2, 1, -2, -1, -2, 1, 2, 
        2, 1, -2, -1, -2, 1, 2, 2, 1, -2, -1, -2, 1, 2, 2, 1, -2, -1, -2, 1, 2, 
        2, 1, -2, -1, -2, 1, 2, 2, 1, -2, -1, -2, 1, 2, 2, 1, -2, -1, -2 ],
        [ IntegerRing() | 1, 2, 2, 1, -2, -1, -2, 1, 2, 2, 1, -2, -1, -2, 1, 2, 
        2, 1, -2, -1, -2, 1, 2, 2, 1, -2, -1, -2, 1, 2, 2, 1, -2, -1, -2, 1, 2, 
        2, 1, -2, -1, -2, 1, 2, 2, 1, -2, -1, -2, 1, 2, 2, 1, -2, -1, -2, 1, 2, 
        2, 1, -2, -1, -2, 1, 2, 2, 1, -2, -1, 2, 2, 2, 2, 2, 2, 2, 2, 2, 2, 2, 
        2, 2, 2, 2, 2, 2, 2, 2, 2, 2, 2, 2, 2, 2, 2, 2, 2, 2, 2, 2, 2, 2, 2, 2, 
        2, 2, 2, 2, 2, 2, 2, 2, 2 ],
        [ IntegerRing() | 1, 2, 2, 1, -2, -1, -2, 1, 2, 2, 1, -2, -1, -2, 1, 2, 
        2, 1, -2, -1, -2, 1, 2, 2, 1, -2, -1, -2, 1, 2, 2, 1, -2, -1, -2, 1, 2, 
        2, 1, -2, -1, -2, 1, 2, 2, 1, -2, -1, -2, 1, 2, 2, 1, -2, -1, -2, 1, 2, 
        2, 1, -2, -1, -2, 1, 2, 2, 1, -2, -1, -2, 1, 2, 2, 1, -2, -1, -2, 1, 2, 
        2, 1, -2, -1, 2, 2, 2, 2, 2, 2, 2, 2, 2, 2, 2, 2, 2, 2, 2, 2, 2, 2, 2, 
        2, 2, 2, 2, 2, 2, 2, 2, 2, 2, 2, 2, 2, 2, 2, 2, 2, 2, 2, 2, 2, 2, 2, 2, 
        2, 2, 2, 2, 2, 2, 2, 2, 2, 2, 2, 2, 2, 2, 2, 2, 2, 2, 2, 2, 2, 2, 2, 2, 
        2, 2, 2, 1, 1, 1, 2 ],
        [ IntegerRing() | 1, 1 ],
        [ IntegerRing() | 1, 2, 2, 1, -2, -1, -2, 1, 2, 2, 1, -2, -1, -2, 1, 2, 
        2, 1, -2, -1, -2, 1, 2, 2, 1, -2, -1, -2, 1, 2, 2, 1, -2, -1, -2, 1, 2, 
        2, 1, -2, -1, -2, 1, 2, 2, 1, -2, -1, -2, 1, 2, 2, 1, -2, -1, -2, 1, 2, 
        2, 1, -2, -1, -2, 1, 2, 2, 1, -2, -1, -2, 1, 2, 2, 1, -2, -1, -2, 1, 2, 
        2, 1, -2, -1, -2, 1, 2, 2, 1, -2, -1, -2, 1, 2, 2, 1, -2, -1, -2, 1, 2, 
        2, 1, -2, -1, -2, 1, 2, 2, 1, -2, -1, 2, 2, 2, 2, 2, 2, 2, 2, 2, 2, 2, 
        2, 2, 2, 2, 2, 2, 2, 2, 2, 2, 2, 2, 2, 2, 2, 2, 2, 2, 2, 2, 2, 2, 2, 2, 
        2, 2, 2, 2, 2, 2, 2, 2, 2, 2, 2, 2, 2, 2, 2, 2, 2, 2, 2, 2, 2, 2, 2, 2, 
        2, 2, 2, 2, 2, 2, 2, 2, 2, 2, 2, 2, 2, 2, 2, 2, 2, 2, 2, 2, 2, 2, 2, 2, 
        2, 2, 2, 2, 2, 2, 1, 2, 2, 1, -2, -1, -2, 1, 2, 2, 1, -2, -1, -2, 1, 2, 
        2, 1, -2, -1, -2, 1, 2, 2, 1, -2, -1, -2 ],
        [ IntegerRing() | 1, 2, 2, 1, -2, -1, -2, 1, 2, 2, 1, -2, -1, -2, 1, 2, 
        2, 1, -2, -1, -2, 1, 2, 2, 1, -2, -1, -2, 1, 2, 2, 1, -2, -1, -2, 1, 2, 
        2, 1, -2, -1, -2, 1, 2, 2, 1, -2, -1, -2, 1, 2, 2, 1, -2, -1, -2, 1, 2, 
        2, 1, -2, -1, -2, 1, 2, 2, 1, -2, -1, -2, 1, 2, 2, 1, -2, -1, -2, 1, 2, 
        2, 1, -2, -1, -2, 1, 2, 2, 1, -2, -1, -2, 1, 2, 2, 1, -2, -1, -2, 1, 2, 
        2, 1, -2, -1, -2, 1, 2, 2, 1, -2, -1, -2, 1, 2, 2, 1, -2, -1, -2, 1, 2, 
        2, 1, -2, -1, -2, 1, 2, 2, 1, -2, -1, -2, 1, 2, 2, 1, -2, -1, -2, 1, 2, 
        2, 1, -2, -1, -2, 1, 2, 2, 1, -2, -1, 2, 2, 2, 2, 2, 2, 2, 2, 2, 2, 2, 
        2, 2, 2, 2, 2, 2, 2, 2, 2, 2, 2, 2, 2, 2, 2, 2, 1, 2, 2, 1, -2, -1, -2, 
        1, 2, 2, 1, 2, 1, -2, -1, -2, 1, 2, 2, 1, -2, -1, -2, 1, 2, 2, 1, -2, 1 
        ],
        [ IntegerRing() | 1, 2, 2, 1, -2, -1, -2, 1, 2, 2, 1, -2, -1, -2, 1, 2, 
        2, 1, -2, -1, -2, 1, 2, 2, 1, -2, -1, -2, 1, 2, 2, 1, -2, -1, -2, 1, 2, 
        2, 1, -2, -1, -2, 1, 2, 2, 1, -2, -1, -2, 1, 2, 2, 1, -2, -1, -2, 1, 2, 
        2, 1, -2, -1, -2, 1, 2, 2, 1, -2, -1, -2, 1, 2, 2, 1, -2, -1, -2, 1, 2, 
        2, 1, -2, -1, 2, 2, 2, 2, 2, 2, 2, 2, 2, 2, 2, 2, 2, 2, 2, 2, 2, 2, 2, 
        2, 2, 2, 2, 2, 2, 2, 2, 2, 2, 2, 2, 2, 2, 2, 2, 2, 2, 2, 2, 2, 2, 2, 2, 
        2, 2, 2, 2, 2, 1, 2, 2, 1, -2, -1, -2, 1, 2, 2, 1, -2, -1, -2, 1, 2, 2, 
        1, 2, 1, -2, -1, -2, 1, 2, 2, 1, 2, 1, -2, -1, -2 ],
        [ IntegerRing() | 1, 2, 2, 1, -2, -1, -2, 1, 2, 2, 1, -2, -1, -2, 1, 2, 
        2, 1, -2, -1, -2, 1, 2, 2, 1, -2, -1, -2, 1, 2, 2, 1, -2, -1, -2, 1, 2, 
        2, 1, -2, -1, -2, 1, 2, 2, 1, -2, -1, -2, 1, 2, 2, 1, -2, -1, -2, 1, 2, 
        2, 1, -2, -1, -2, 1, 2, 2, 1, -2, -1, -2, 1, 2, 2, 1, -2, -1, -2, 1, 2, 
        2, 1, -2, -1, -2, 1, 2, 2, 1, -2, -1, -2, 1, 2, 2, 1, -2, -1, -2, 1, 2, 
        2, 1, -2, -1, -2, 1, 2, 2, 1, -2, -1, -2, 1, 2, 2, 1, -2, -1, -2, 1, 2, 
        2, 1, -2, -1, -2, 1, 2, 2, 1, -2, -1, -2, 1, 2, 2, 1, -2, -1, -2, 1, 2, 
        2, 1, -2, -1, -2, 1, 2, 2, 1, -2, -1, -2, 1, 2, 2, 1, -2, -1, 2, 2, 2, 
        2, 2, 2, 2, 2, 2, 2, 2, 2, 2, 2, 2, 2, 2, 2, 2, 2, 2, 2, 2, 2, 2, 2, 2, 
        2, 2, 2, 2, 2, 2, 2, 2, 2, 2, 2, 2, 2, 2, 2, 2, 2, 2, 2, 2, 2, 2, 2, 2, 
        2, 2, 2, 2, 2, 2, 2, 2, 2, 2, 2, 1, 2, 2, 1, -2, -1, 2, 2, 2, 2, 2, 2, 
        2, 1, 2, 2, 1, -2, -1, -2, 1, 2, 2, 1, -2, -1, -2, 1, 2, 2, 1, -2, -1 ],
        [ IntegerRing() | 1, 2, 2, 1, -2, -1, -2, 1, 2, 2, 1, -2, -1, -2, 1, 2, 
        2, 1, -2, -1, -2, 1, 2, 2, 1, -2, -1, -2, 1, 2, 2, 1, -2, -1, 2, 2, 2, 
        2, 2, 2, 2, 2, 2, 2, 2, 2, 2, 2, 2, 2, 2, 2, 2, 2, 2, 2, 2, 2, 2, 2, 2, 
        2, 2, 2, 2, 2, 2, 2, 2, 2, 2, 2, 2, 2, 2, 2, 2, 2, 2, 2, 2, 2, 2, 2, 2, 
        2, 2, 2, 2, 2, 2, 2, 2, 2, 2, 2, 1, 2, 2, 1, -2, -1, 2, 2, 2, 2, 2, 2, 
        2, 2, 2, 2, 1, 2, 2, 1, -2, -1, -2, 1, 2, 2, 1, -2, -1, -2, 1, 2, 1 ]
    ], level := 105, genus := 14, index := 252, contains_minus_one := true, 
    subgroups := [], supergroups := [ IntegerRing() | 5, 17, 94, 95, 1311 ], 
    name := "105E14", label := "E", order := 3840, GLZConj := 2, matgens := [ 
        PowerSequence(IntegerRing(105)) |
        [ IntegerRing(105) | 1, 0, 63, 1 ],
        [ IntegerRing(105) | 1, 45, 75, 16 ],
        [ IntegerRing(105) | 13, 10, 4, 92 ],
        [ IntegerRing(105) | 61, 75, 90, 16 ],
        [ IntegerRing(105) | 71, 0, 0, 71 ],
        [ IntegerRing(105) | 71, 70, 70, 1 ],
        [ IntegerRing(105) | 76, 0, 0, 76 ],
        [ IntegerRing(105) | 76, 90, 15, 91 ],
        [ IntegerRing(105) | 91, 45, 30, 91 ],
        [ IntegerRing(105) | 104, 0, 0, 104 ]
    ], cusps := [ IntegerRing() | 21, 21, 105, 105 ], c2 := [ IntegerRing() | 1,
    1, 1, 1, 1, 1, 1, 1, 1, 1, 1, 1, 1, 1, 1, 1, 1, 1, 1, 1, 1, 1, 1, 1, 2, 2, 
    2, 2, 2, 2, 2, 2, 2, 2, 2, 2, 2, 2, 2, 2, 2, 2, 2, 2, 2, 2, 2, 2, 2, 2, 2, 
    2, 2, 2, 2, 2, 2, 2, 2, 2, 2, 2, 2, 2, 2, 2, 2, 2, 2, 2, 2, 2, 2, 2, 2, 2, 
    2, 2, 2, 2, 2, 2, 2, 2, 2, 2, 2, 2, 2, 2, 2, 2, 2, 2, 2, 2, 2, 2, 2, 2, 2, 
    2, 2, 2, 2, 2, 2, 2, 2, 2, 2, 2, 2, 2, 2, 2, 2, 2, 2, 2, 2, 2, 2, 2, 2, 2, 
    2, 2, 2, 2, 2, 2, 2, 2, 2, 2, 2, 2 ], c3 := [ IntegerRing() | 3, 3, 3, 3, 3,
    3, 3, 3, 3, 3, 3, 3, 3, 3, 3, 3, 3, 3, 3, 3, 3, 3, 3, 3, 3, 3, 3, 3, 3, 3, 
    3, 3, 3, 3, 3, 3, 3, 3, 3, 3, 3, 3, 3, 3, 3, 3, 3, 3, 3, 3, 3, 3, 3, 3, 3, 
    3, 3, 3, 3, 3, 3, 3, 3, 3, 3, 3, 3, 3, 3, 3, 3, 3, 3, 3, 3, 3, 3, 3, 3, 3, 
    3, 3, 3, 3 ], gc := [ IntegerRing() | 2, 2, 4, 4, 6, 6, 6, 6, 8, 12, 12, 12,
    12, 16, 24, 24, 48, 48 ], special_name := [], special_name_html := [], 
    direct_subgroups := [], direct_supergroups := [ IntegerRing() | 95, 1311 ], 
    length := 126, treename := [ PowerSequence(IntegerRing()) |
        [ IntegerRing() | 315, 2, 3, 5, 9 ],
        [ IntegerRing() | 315, 2, 3, 5, 13 ],
        [ IntegerRing() | 315, 2, 3, 5, 17 ],
        [ IntegerRing() | 420, 2, 2, 5, 11 ],
        [ IntegerRing() | 420, 2, 2, 5, 13 ],
        [ IntegerRing() | 420, 2, 2, 5, 15 ],
        [ IntegerRing() | 525, 2, 2, 9, 9 ],
        [ IntegerRing() | 525, 2, 2, 9, 10 ],
        [ IntegerRing() | 525, 2, 2, 9, 11 ]
    ], treesupergroups := [ PowerSequence(IntegerRing()) |
        [ IntegerRing() | 315, 2, 3, 5 ],
        [ IntegerRing() | 315, 2, 3, 5 ],
        [ IntegerRing() | 315, 2, 3, 5 ],
        [ IntegerRing() | 300, 2, 9, 11 ],
        [ IntegerRing() | 300, 2, 9 ],
        [ IntegerRing() | 300, 6 ],
        [ IntegerRing() | 300, 2 ],
        [ IntegerRing() | 420, 2, 2, 5 ],
        [ IntegerRing() | 420, 2, 2, 5 ],
        [ IntegerRing() | 420, 2, 2, 5 ],
        [ IntegerRing() | 525, 2, 2, 9 ],
        [ IntegerRing() | 525, 2, 2, 9 ],
        [ IntegerRing() | 525, 2, 2, 9 ]
    ]>,
    rec<recformat<generators: SeqEnum, level: IntegerRing(), genus: 
    IntegerRing(), index: IntegerRing(), contains_minus_one: BoolElt, subgroups:
    SeqEnum, supergroups: SeqEnum, name: MonStgElt, label: MonStgElt, order: 
    IntegerRing(), GLZConj: IntegerRing(), matgens: SeqEnum, cusps: SeqEnum, c2:
    SeqEnum, c3: SeqEnum, gc: SeqEnum, projections: SeqEnum, special_name: 
    SeqEnum, special_name_html: SeqEnum, direct_subgroups: SeqEnum, 
    direct_supergroups: SeqEnum, length: IntegerRing(), treename: SeqEnum, 
    treesupergroups: SeqEnum> | generators := [ PowerSequence(IntegerRing()) |
        [ IntegerRing() | -1, -1, 2, 2, 2, 2, 1, 2, 2, 2, 2, 1, 2, 2, -1, 2, 2, 
        2, 2, 2, 2, 2, 2, 2, 2, 2, 2, 2, 2, 2, 2, 2, 2, 2, 2, 2, 2, 2, 2, 2, 2, 
        2, 2, 2, 2, 2, 2, 2, 2, 2, 2, 2, 2, 2, 2, 1, 2, 2, 2, 2, 2, 2, 2, 2, 2, 
        2, 2, 2, 2, 2, 2, 2, 2, 2, 2, 2, 2, 2, 2, 2, 2, 2, 2, 2, 2, 2, 2, 2, 2, 
        2, 2, 2, 2, 2, 2, 2, 2, 2, 2, 2, 2, 2, 2, 2, 2, 2, 2, 2, 2, 2, 2, 2, 2, 
        2, 2, 2, 2, 2, -1, -2, -2, -2, -2, -2, -2, -2, -2, -2, -2, -2, -2, -2, 
        -2, -2, -2, -2, -2, -2, -2, -2, -2, -2, -2, -2, -2, -2, -2, -2, -2, -2, 
        -2, -2, -2, -2, -2, -2, -2, -2, -2, -2, -2, -2, -2, -2, -2, -2, -2, -2, 
        -2, -2, -2, -2, -2, -2, -2, -2, -2, -2, -2, -2, -2, -2, -2, -2, -2, -2, 
        -2, -2, -2, -2, -2, -2, -2, -2, -2, -2, -2, -2, -2, -2, -2, -2, -2, -2, 
        -2, -2, -2, -2, -2, -2, -2, -2, -2, -2, -2, -2, -2, -2, -2, -2, -2, -2, 
        -2, -2, -2, -2, -2, -2, -2, -2, -2, -2, -2, -2, -2, -2, -2, -2, -2, -2, 
        -2, -2, -2, -2, -2, -2, -2, -2, -2, -2, -2, -2, -2, -2, -2, -2, -2, -2, 
        -2, 1, -2, -2, -2, -2, -2, -2, -1, -2, -2, -2, -2, -2, -2, -2, -2, -2, 
        -2, -2, -2, -2, -2, -2, -2, -2, -2, -2, -2, 1, -2, -2, -1, -2, -2, -2, 
        -2, -2, -2, -2, -2, -2, -2, -2, -2, -2, -2, -2, -2, -2, -2, -2, -2, -2, 
        -2, -2, -2, -2, -2, -2, -2, -2, -2, -2, -2, -2, -2, -2, -2, -2, -2, -2, 
        -2, 1, 1, 1, 1, -2, -2, 1 ],
        [ IntegerRing() | -1, -1, -2, -2, -2, -2, -2, -2, -2, -2, -2, -2, -2, 
        -2, -2, -2, -2, -2, -2, -2, -2, -2, -2, -2, -2, -2, -2, -2, -2, -2, -2, 
        -2, -2, -2, -2, -2, -2, -2, -2, -2, -2, -2, -2, -2, -2, -2, -2, -2, -2, 
        -2, -2, -2, -2, -2, -2, -2, -2, -2, -2, -2, -2, -2, -2, -2, -2, -2, -2, 
        -2, -2, -2, -2, -2, -2, -2, -2, -2, -2, -2, -2, -2, -2, -2, -2, -2, -2, 
        -2, -2, -2, -2, -2, -2, -2, -2, -2, -2, -2, -2, -2, -2, -2, -2, -2, -2, 
        -2, -2, -2, -2, -2, -2, -2, -2, -2, -2, -2, -2, -2, -2, -2, -2, -2, -2, 
        -2, 1, -2, -2, -2, -2, -2, -2, -2, -2, -2, -2, -2, -2, -2, -2, -2, -2, 
        -2, -2, -2, -2, -2, -2, -2, -2, -2, -2, -2, -2, -2, -2, -2, -2, -2, -2, 
        -1, -2, -2, -2, -2, -2, -2, -2, -2, -2, -2, -2, -2, -2, -2, -2, -2, -2, 
        -2, -2, -2, 1, -2, -2, -2, -2, -2, -2, 1 ],
        [ IntegerRing() | -1, -1, 2, 2, 2, 2, 1, 2, 2, 2, 2, 1, 2, 2, -1, 2, 2, 
        2, 2, 2, 2, 2, 2, 2, 2, 2, 2, 2, 2, 2, 2, 2, 2, 2, 2, 2, 2, 2, 2, 2, 2, 
        2, 2, 2, 2, 2, 2, 2, 2, 2, 2, 2, 2, 2, 2, 1, 2, 2, 2, 2, 2, 2, 2, 2, 2, 
        2, 2, 2, 2, 2, 2, 2, 2, 2, 2, 2, 2, 2, 2, 2, 2, 2, 2, 2, 2, 2, 2, 2, 2, 
        2, 2, 2, 2, 2, 2, 2, 2, 2, 2, 2, 2, 2, 2, 2, 2, 2, 2, 2, 2, 2, 2, 2, 2, 
        2, 2, 2, 2, 2, -1, -2, -2, -2, -2, -2, -2, -2, -2, -2, -2, -2, -2, -2, 
        -2, -2, -2, -2, -2, -2, -2, -2, -2, -2, -2, -2, -2, -2, -2, -2, -2, -2, 
        -2, -2, -2, -2, -2, -2, -2, -2, -2, 1, -2, -2, -1, -2, -2, -2, -2, -2, 
        -2, -2, -2, -2, -2, -2, -2, -2, -2, -2, -2, -2, -2, -2, -2, 1, -2, -2, 
        -1, -2, -2, -2, -2, -2, -2, -2, -2, -2, -2, -2, -2, -2, -2, -2, -2, -2, 
        -2, -2, -2, -2, -2, -2, -2, -2, -2, -2, -2, -2, -2, -2, -2, -2, -2, -2, 
        -2, -2, -2, -2, -2, -2, -2, -2, -2, -2, -2, -2, -2, -2, -2, -2, -2, -2, 
        -2, -2, -2, -2, -2, -2, -2, 1, 1, 1 ],
        [ IntegerRing() | -1, -1, -2, -2, -2, -2, -2, -2, -2, -2, -2, -2, -2, 
        -2, -2, -2, -2, -2, -2, -2, -2, -2, -2, -2, -2, -2, -2, -2, -2, -2, -2, 
        -2, -2, -2, -2, -2, -2, -2, -2, -2, -2, -2, -2, -2, -2, -2, -2, -2, -2, 
        -2, -2, -2, -2, -2, -2, -2, -2, -2, -2, -2, -2, -2, -2, -2, -2, -2, -2, 
        -2, -2, -2, -2, -2, -2, -2, -2, -2, -2, -2, -2, -2, -2, -2, -2, -2, -2, 
        -2, -2, -2, -2, -2, -2, -2, -2, -2, -2, -2, -2, -2, -2, -2, -2, -2, 1, 
        -2, -2, -2, -2, -2, -2, -2, -2, -2, -2, -2, -2, -2, -2, -2, -2, -2, -2, 
        -2, -2, -2, -2, -2, -2, -2, -2, -2, -2, -2, -2, -2, -2, -2, -2, -2, -2, 
        -2, -2, -2, -2, -2, -2, -2, -2, -2, -2, -2, -2, -2, -2, -2, -2, -2, -2, 
        -2, -2, -2, -2, -2, -2, -2, -2, -2, -2, -2, -2, -2, -2, -1, -2, -2, -2, 
        -2, -2, -2, -2, -2, -2, -2, -2, -2, -2, -2, -2, -2, -2, -2, -2, -2, -2, 
        -2, -2, -2, -2, -2, -2, -2, -2, -2, -2, -2, -2, -2, -2, -2, -2, -2, -2, 
        -2, -2, -2, -2, -2, -2, -2, -2, -2, -2, -2, -2, -2, -2, -2, -2, -2, -2, 
        -2, -2, -2, -2, -2, -2, -2, -2, -2, -2, -2, -2, -2, -2, -2, -2, -2, -2, 
        -2, -2, -2, -2, -2, -2, -2, -2, -2, -2, -2, -2, -2, -2, -2, -2, -2, -2, 
        -2, -2, -2, -2, -2, -2, -2, 1, -2, -2, 1, 1, 1 ],
        [ IntegerRing() | -1, -1, -2, -2, -2, -2, -2, -2, -2, -2, -2, -2, -2, 
        -2, -2, -2, -2, -2, -2, -2, -2, -2, -2, -2, -2, -2, -2, -2, -2, -2, -2, 
        -2, -2, -2, -2, -2, -2, -2, -2, -2, -2, -2, -2, -2, -2, -2, -2, -2, -2, 
        -2, -2, -2, -2, -2, -2, -2, -2, -2, -2, -2, -2, -2, -2, -2, -2, -2, -2, 
        -2, -2, -2, -2, -2, -2, -2, -2, -2, -2, -2, -2, -2, -2, -2, -2, -2, -2, 
        -2, -2, -2, -2, -2, -2, -2, -2, -2, -2, -2, -2, -2, -2, -2, -2, -2, 1, 
        -2, -2, -2, -2, -2, -2, -2, -2, -2, -2, -2, -2, -2, -2, -2, -2, -2, -2, 
        -2, -2, -2, -2, -2, -2, -2, -2, -2, -2, -2, -2, -2, -2, -2, -2, -2, -2, 
        -2, -2, -2, -2, -2, -2, -2, -2, -2, -2, -2, -2, -2, -2, -2, -2, -2, -2, 
        -2, -2, -2, -2, -2, -2, -2, -2, -2, -2, -2, -2, -2, -2, -1, -2, -2, -2, 
        -2, -2, -2, -2, -2, -2, -2, -2, -2, -2, -2, -2, -2, -2, -2, -2, -2, -2, 
        -2, -2, -2, -2, -2, -2, -2, -2, -2, -2, -2, -2, -2, -2, -2, -2, -2, -2, 
        -2, -2, -2, -2, -2, -2, -2, -2, -2, -2, -2, -2, -2, -2, -2, -2, -2, -2, 
        -2, -2, -2, -2, -2, -2, -2, -2, -2, -2, -2, -2, -2, -2, -2, -2, -2, -2, 
        -2, -2, -2, -2, -2, -2, -2, -2, -2, -2, -2, -2, -2, -2, -2, -2, -2, -2, 
        -2, -2, -2, -2, -2, -2, -2, 1, -2, -2, 1 ],
        [ IntegerRing() | -1, -1, -2, -2, -2, -2, -2, -2, -2, -2, -2, -2, -2, 
        -2, -2, -2, -2, -2, -2, -2, -2, -2, -2, -2, -2, -2, -2, -2, -2, -2, -2, 
        -2, -2, -2, -2, -2, -2, -2, -2, -2, -2, -2, -2, -2, -2, -2, -2, -2, -2, 
        -2, -2, -2, -2, -2, -2, -2, -2, -2, -2, -2, -2, -2, -2, -2, -2, -2, -2, 
        -2, -2, -2, -2, -2, -2, -2, -2, -2, -2, -2, -2, -2, -2, -2, -2, -2, -2, 
        -2, -2, -2, -2, -2, -2, -2, -2, -2, -2, -2, -2, -2, -2, -2, -2, -2, -2, 
        -2, -2, -2, -2, -2, -2, -2, -2, -2, -2, -2, -2, -2, -2, -2, -2, -2, -2, 
        -2, 1, -2, -2, -2, -2, -2, -2, -2, -2, -2, -2, -2, -2, -2, -2, -2, -2, 
        -2, -2, -2, -2, -2, -2, -2, -2, -2, -2, -2, -2, -2, -2, -2, -2, -2, -2, 
        -2, -2, -2, -2, -2, -2, -2, -2, -2, -2, -2, -2, -2, -2, -2, -2, -2, -2, 
        -2, -2, -2, -2, -2, -2, -1, -2, -2, -2, -2, -2, -2, -2, -2, -2, -2, -2, 
        -2, -2, -2, -2, -2, -2, -2, -2, -2, -2, -2, -2, -2, -2, -2, -2, -2, -2, 
        -2, -2, -2, -2, -2, -2, -2, -2, -2, -2, -2, 1, -2, -2, 1 ],
        [ IntegerRing() | -1, -2, -2, -2, -2, -2, -2, -2, -2, -2, -2, -2, -2, 
        -2, -2, -2, -2, -2, -2, -2, -2, -2, -2, -2, -2, -2, -2, -2, -2, -2, -2, 
        -2, -2, -2, -2, -2, -2, -2, -2, -2, -2, -2, -2, -2, -2, -2, -2, -2, -2, 
        -2, -2, -2, -2, -2, -2, -2, 1 ],
        [ IntegerRing() | -1, -1, -2, -2, -2, -2, -2, -2, -2, -2, -2, -2, -2, 
        -2, -2, -2, -2, -2, -2, -2, -2, -2, 1, -2, -2, -2, -2, -2, -2, -2, -2, 
        -2, -2, -2, -2, -2, -2, -2, -2, -2, -2, -2, -2, -2, -2, -2, -2, -2, -2, 
        -2, -2, -2, -2, -2, -2, -2, -2, -2, -2, -2, -2, -2, -2, -2, -2, -2, -2, 
        -2, -2, -2, -2, -2, -2, -2, -2, -2, -2, -2, -2, -2, -2, -2, -2, -2, -2, 
        -2, -2, -2, -2, 1, -2, -2 ]
    ], level := 110, genus := 14, index := 180, contains_minus_one := true, 
    subgroups := [], supergroups := [ IntegerRing() | 3, 16, 151, 360, 1101 ], 
    name := "110A14", label := "A", order := 5280, GLZConj := 1, matgens := [ 
        PowerSequence(IntegerRing(110)) |
        [ IntegerRing(110) | 1, 0, 55, 1 ],
        [ IntegerRing(110) | 1, 88, 66, 89 ],
        [ IntegerRing(110) | 21, 0, 0, 21 ],
        [ IntegerRing(110) | 21, 60, 30, 91 ],
        [ IntegerRing(110) | 23, 44, 0, 67 ],
        [ IntegerRing(110) | 45, 66, 44, 89 ],
        [ IntegerRing(110) | 71, 50, 40, 101 ],
        [ IntegerRing(110) | 89, 0, 0, 89 ]
    ], cusps := [ IntegerRing() | 5, 10, 55, 110 ], c2 := [ IntegerRing() | 2, 
    2, 2, 2, 2, 2, 2, 2, 2, 2, 2, 2, 2, 2, 2, 2, 2, 2, 2, 2, 2, 2, 2, 2, 2, 2, 
    2, 2, 2, 2, 2, 2, 2, 2, 2, 2, 2, 2, 2, 2, 2, 2, 2, 2, 2, 2, 2, 2, 2, 2, 2, 
    2, 2, 2, 2, 2, 2, 2, 2, 2, 2, 2, 2, 2, 2, 2, 2, 2, 2, 2, 2, 2, 2, 2, 2, 2, 
    2, 2, 2, 2, 2, 2, 2, 2, 2, 2, 2, 2, 2, 2 ], c3 := [ IntegerRing() | 3, 3, 3,
    3, 3, 3, 3, 3, 3, 3, 3, 3, 3, 3, 3, 3, 3, 3, 3, 3, 3, 3, 3, 3, 3, 3, 3, 3, 
    3, 3, 3, 3, 3, 3, 3, 3, 3, 3, 3, 3, 3, 3, 3, 3, 3, 3, 3, 3, 3, 3, 3, 3, 3, 
    3, 3, 3, 3, 3, 3, 3 ], gc := [ IntegerRing() | 1, 1, 1, 1, 1, 1, 4, 4, 4, 4,
    4, 4, 10, 10, 10, 40, 40, 40 ], special_name := [], special_name_html := [],
    direct_subgroups := [], direct_supergroups := [ IntegerRing() | 151, 360, 
    1101 ], length := 180, treename := [ PowerSequence(IntegerRing()) |
        [ IntegerRing() | 330, 1, 6, 9 ],
        [ IntegerRing() | 330, 1, 8, 6 ],
        [ IntegerRing() | 440, 1, 6, 6 ],
        [ IntegerRing() | 440, 1, 7, 5 ],
        [ IntegerRing() | 550, 1, 5, 6 ],
        [ IntegerRing() | 550, 1, 6, 5 ]
    ], treesupergroups := [ PowerSequence(IntegerRing()) |
        [ IntegerRing() | 330, 1, 6 ],
        [ IntegerRing() | 330, 1, 8 ],
        [ IntegerRing() | 300, 5, 9 ],
        [ IntegerRing() | 300, 7 ],
        [ IntegerRing() | 300, 5 ],
        [ IntegerRing() | 440, 1, 6 ],
        [ IntegerRing() | 440, 1, 7 ],
        [ IntegerRing() | 550, 1, 5 ],
        [ IntegerRing() | 550, 1, 6 ]
    ]>,
    rec<recformat<generators: SeqEnum, level: IntegerRing(), genus: 
    IntegerRing(), index: IntegerRing(), contains_minus_one: BoolElt, subgroups:
    SeqEnum, supergroups: SeqEnum, name: MonStgElt, label: MonStgElt, order: 
    IntegerRing(), GLZConj: IntegerRing(), matgens: SeqEnum, cusps: SeqEnum, c2:
    SeqEnum, c3: SeqEnum, gc: SeqEnum, projections: SeqEnum, special_name: 
    SeqEnum, special_name_html: SeqEnum, direct_subgroups: SeqEnum, 
    direct_supergroups: SeqEnum, length: IntegerRing(), treename: SeqEnum, 
    treesupergroups: SeqEnum> | generators := [ PowerSequence(IntegerRing()) |
        [ IntegerRing() | -1, -2, -2, -2, -2, -2, -2, -2, -2, -2, -2, -2, -2, 
        -2, -2, -2, -2, -2, -2, -2, -2, -2, -2, -2, -2, -2, -2, -2, -2, -2, -2, 
        -2, -2, -2, -2, -2, -2, -2, -2, -2, -2, -2, -2, -2, -2, -2, -2, -2, -2, 
        -2, -2, -2, -2, -2, -2, -2, 1 ],
        [ IntegerRing() | -1, -1, -2, -2, -2, -2, -2, -2, -2, -2, -2, -2, -2, 
        -2, -2, -2, -2, -2, -2, -2, -2, -2, -2, -2, -2, -2, -2, -2, -2, -2, -2, 
        -2, -2, -2, -2, -2, -2, -2, -2, -2, -2, -2, -2, -2, -2, -2, -2, -2, -2, 
        -2, -2, -2, -2, -2, -2, -2, -2, -2, -2, -2, -2, -2, -2, -2, -2, -2, -2, 
        -2, -2, -2, -2, -2, -2, -2, -2, -2, -2, -2, -2, -2, -2, -2, -2, -2, -2, 
        -2, -2, -2, -2, -2, -2, -2, -2, -2, -2, -2, -2, -2, -2, -2, -2, -2, -2, 
        -2, -2, -2, -2, -2, -2, -2, -2, -2, -2, -2, -2, -2, -2, -2, -2, -2, -2, 
        -2, -2, -2, -2, -2, -2, -2, -2, -2, -2, -2, -2, -2, -2, -2, -2, -2, -2, 
        -2, -2, -2, 1, -2, -2, -2, -2, -2, -2, -2, -2, -2, -2, -2, -2, -2, -2, 
        -2, -2, -2, -2, -2, -2, -2, -2, -2, -2, -2, -2, -2, -2, -2, -2, -2, -2, 
        -2, -2, -2, -2, -2, -2, -2, -2, -2, -2, -2, -2, -2, -2, -2, -2, -2, -2, 
        -2, -2, -2, -2, -2, -2, -1, -2, -2, -2, -2, -2, -2, -2, -2, -2, -2, -2, 
        -2, -2, -2, -2, -2, -2, -2, -2, -2, 1, -2, -2, -2, -2, -1, -2, -2, -2, 
        -2, -2, -2, -2, -2, -2, -2, -2, -2, -2, -2, -2, -2, -2, -2, -2, -2, 1, 
        1, 1, 1 ],
        [ IntegerRing() | 1, 1 ],
        [ IntegerRing() | -1, -1, -2, -2, -2, -2, -2, -2, -2, -2, -2, -2, -2, 
        -2, -2, -2, -2, -2, -2, -2, -2, -2, -2, -2, -2, -2, -2, -2, -2, -2, -2, 
        -2, -2, -2, -2, -2, -2, -2, -2, -2, -2, -2, -2, -2, -2, -2, -2, -2, -2, 
        -2, -2, -2, -2, -2, -2, -2, -2, -2, -2, -2, -2, -2, -2, -2, -2, -2, -2, 
        -2, -2, -2, -2, -2, -2, -2, -2, -2, -2, -2, -2, -2, -2, -2, -2, -2, -2, 
        -2, -2, -2, -2, -2, -2, -2, -2, -2, -2, -2, -2, -2, -2, -2, -2, -2, 1, 
        -2, -2, -2, -2, -2, -2, -2, -2, -2, -2, -2, -2, -2, -2, -2, -2, -2, -2, 
        -2, -2, -2, -2, -2, -2, -2, -2, -2, -2, -2, -2, -2, -2, -2, -2, -2, -2, 
        -2, -2, -2, -2, -2, -2, -2, -2, -2, -2, -2, -2, -2, -2, -2, -2, -2, -2, 
        -2, -2, -2, -2, -2, -2, -2, -2, -2, -2, -2, -2, -2, -2, -1, -2, -2, -2, 
        -2, -2, -2, -2, -2, -2, -2, -2, -2, -2, -2, -2, -2, -2, -2, -2, -2, -2, 
        -2, -2, -2, -2, -2, -2, -2, -2, -2, -2, -2, -2, -2, -2, -2, -2, -2, -2, 
        -2, -2, -2, -2, -2, -2, -2, -2, -2, -2, -2, -2, -2, -2, -2, -2, -2, -2, 
        -2, -2, -2, -2, -2, -2, -2, -2, -2, -2, -2, -2, -2, -2, -2, -2, -2, -2, 
        -2, -2, -2, -2, -2, -2, -2, -2, -2, -2, -2, -2, -2, -2, -2, -2, -2, -2, 
        -2, -2, -2, -2, -2, -2, -2, 1, -2, -2, 1, 1, 1 ],
        [ IntegerRing() | -1, -1, -2, -2, -2, -2, -2, -2, -2, -2, -2, -2, -2, 
        -2, -2, -2, -2, -2, -2, -2, -2, -2, -2, -2, -2, -2, -2, -2, -2, -2, -2, 
        -2, -2, -2, -2, -2, -2, -2, -2, -2, -2, -2, -2, -2, -2, -2, -2, -2, -2, 
        -2, -2, -2, -2, -2, -2, -2, -2, -2, -2, -2, -2, -2, 1, 1, -2, -2, -2, 
        -2, -2, -2 ],
        [ IntegerRing() | -1, -1, 2, 2, 2, 2, 1, 2, 2, 2, 2, 1, 2, 2, -1, 2, 2, 
        2, 2, 2, 2, 2, 2, 2, 2, 2, 2, 2, 2, 2, 2, 2, 2, 2, 2, 2, 2, 2, 2, 2, 2, 
        2, 2, 2, 2, 2, 2, 2, 2, 2, 2, 2, 2, 2, 2, 1, 2, 2, 2, 2, 2, 2, 2, 2, 2, 
        2, 2, 2, 2, 2, 2, 2, 2, 2, 2, 2, 2, 2, 2, 2, 2, 2, 2, 2, 2, 2, 2, 2, 2, 
        2, 2, 2, 2, 2, 2, 2, 2, 2, 2, 2, 2, 2, 2, 2, 2, 2, 2, 2, 2, 2, 2, 2, 2, 
        2, 2, 2, 2, 2, -1, -2, -2, -2, -2, -2, -2, -2, -2, -2, -2, -2, -2, -2, 
        -2, -2, -2, -2, -2, -2, -2, -2, -2, -2, -2, -2, -2, -2, -2, -2, -2, -2, 
        -2, -2, -2, -2, -2, -2, -2, -2, -2, -2, -2, -2, -2, -2, -2, -2, -2, -2, 
        -2, -2, -2, -2, -2, -2, -2, -2, -2, -2, -2, -2, -2, -2, -2, -2, -2, -2, 
        -2, -2, -2, -2, -2, -2, -2, -2, -2, -2, -2, -2, -2, -2, -2, -2, -2, -2, 
        -2, -2, -2, -2, -2, -2, -2, -2, -2, -2, -2, -2, -2, -2, -2, 1, -2, -2, 
        -2, -2, -2, -2, -2, -2, -2, -2, -2, -2, -2, -2, -2, -2, -2, -2, -2, -2, 
        -2, -2, -2, -2, -2, -2, -2, -2, -2, -2, -2, -2, -2, -2, -2, -2, -2, -2, 
        -2, -2, -2, -2, -1, -2, -2, -2, -2, -2, -2, -2, -2, -2, -2, -2, -2, -2, 
        -2, -2, -2, -2, -2, -2, -2, 1, -2, -2, -2, -2, -1, -2, -2, -2, -2, -2, 
        -2, -2, -2, -2, -2, -2, -2, -2, -2, -2, -2, -2, -2, -2, -2, 1, -2, -2, 
        1, -2, -2, 1, -2, -2, -2, -2, -2, -2 ],
        [ IntegerRing() | -1, -1, 2, 2, 2, 2, 1, 2, 2, 2, 2, 1, 2, 2, -1, 2, 2, 
        2, 2, 2, 2, 2, 2, 2, 2, 2, 2, 2, 2, 2, 2, 2, 2, 2, 2, 2, 2, 2, 2, 2, 2, 
        2, 2, 2, 2, 2, 2, 2, 2, 2, 2, 2, 2, 2, 2, 1, 2, 2, 2, 2, 2, 2, 2, 2, 2, 
        2, 2, 2, 2, 2, 2, 2, 2, 2, 2, 2, 2, 2, 2, 2, 2, 2, 2, 2, 2, 2, 2, 2, 2, 
        2, 2, 2, 2, 2, 2, 2, 2, 2, 2, 2, 2, 2, 2, 2, 2, 2, 2, 2, 2, 2, 2, 2, 2, 
        2, 2, 2, 2, 2, -1, -2, -2, -2, -2, -2, -2, -2, -2, -2, -2, -2, -2, -2, 
        -2, -2, -2, -2, -2, -2, -2, -2, -2, -2, -2, -2, -2, -2, -2, -2, -2, -2, 
        -2, -2, -2, -2, -2, -2, -2, -2, -2, -2, -2, -2, -2, -2, -2, -2, -2, -2, 
        -2, -2, -2, -2, -2, -2, -2, -2, -2, -2, -2, -2, -2, -2, -2, -2, -2, -2, 
        -2, -2, -2, -2, -2, -2, -2, -2, -2, -2, -2, -2, -2, -2, -2, -2, -2, -2, 
        -2, -2, -2, -2, -2, -2, -2, -2, -2, -2, -2, -2, -2, -2, -2, -2, -2, -2, 
        -2, -2, -2, -2, -2, -2, -2, -2, -2, -2, -2, -2, -2, -2, -2, -2, -2, -2, 
        -2, -2, -2, -2, -2, -2, -2, -2, -2, -2, -2, -2, -2, -2, -2, -2, -2, -2, 
        -2, -2, -2, -2, -2, -2, -2, -2, -2, -2, -2, -2, -2, -2, -2, -2, -2, -2, 
        -2, -2, -2, -2, -2, -2, -2, -2, -2, -2, -2, -2, -2, -2, -2, -2, -2, -2, 
        -2, -2, -2, -2, -2, 1, -2, -2, -2, -2, -2, -2, -2, -2, -1, -2, -2, -2, 
        -2, -2, -2, -2, -2, -2, -2, -2, -2, -2, -2, -2, -2, -2, -2, -2, -2, -2, 
        -2, -2, -2, -2, -2, -2, -2, -2, -2, -2, -2, -2, -2, -2, -2, -2, -2, -2, 
        -2, 1, 1, -2, -2, 1, -2, -2, -2, -2, -2, -2 ]
    ], level := 110, genus := 14, index := 198, contains_minus_one := true, 
    subgroups := [], supergroups := [ IntegerRing() | 3, 17, 71, 359, 853 ], 
    name := "110B14", label := "B", order := 4800, GLZConj := 2, matgens := [ 
        PowerSequence(IntegerRing(110)) |
        [ IntegerRing(110) | 1, 0, 55, 1 ],
        [ IntegerRing(110) | 1, 44, 0, 1 ],
        [ IntegerRing(110) | 29, 80, 20, 59 ],
        [ IntegerRing(110) | 67, 44, 0, 23 ],
        [ IntegerRing(110) | 87, 24, 60, 33 ],
        [ IntegerRing(110) | 89, 0, 0, 89 ],
        [ IntegerRing(110) | 109, 0, 0, 109 ]
    ], cusps := [ IntegerRing() | 11, 22, 55, 110 ], c2 := [ IntegerRing() | 1, 
    1, 1, 1, 1, 1, 2, 2, 2, 2, 2, 2, 2, 2, 2, 2, 2, 2, 2, 2, 2, 2, 2, 2, 2, 2, 
    2, 2, 2, 2, 2, 2, 2, 2, 2, 2, 2, 2, 2, 2, 2, 2, 2, 2, 2, 2, 2, 2, 2, 2, 2, 
    2, 2, 2, 2, 2, 2, 2, 2, 2, 2, 2, 2, 2, 2, 2, 2, 2, 2, 2, 2, 2, 2, 2, 2, 2, 
    2, 2, 2, 2, 2, 2, 2, 2, 2, 2, 2, 2, 2, 2, 2, 2, 2, 2, 2, 2, 2, 2, 2, 2, 2, 2
    ], c3 := [ IntegerRing() | 3, 3, 3, 3, 3, 3, 3, 3, 3, 3, 3, 3, 3, 3, 3, 3, 
    3, 3, 3, 3, 3, 3, 3, 3, 3, 3, 3, 3, 3, 3, 3, 3, 3, 3, 3, 3, 3, 3, 3, 3, 3, 
    3, 3, 3, 3, 3, 3, 3, 3, 3, 3, 3, 3, 3, 3, 3, 3, 3, 3, 3, 3, 3, 3, 3, 3, 3 ],
    gc := [ IntegerRing() | 2, 2, 2, 2, 2, 2, 8, 8, 8, 10, 10, 10, 10, 10, 10, 
    10, 10, 10, 10, 10, 10, 40, 40, 40, 40, 40, 40 ], special_name := [], 
    special_name_html := [], direct_subgroups := [], direct_supergroups := [ 
    IntegerRing() | 71, 359, 853 ], length := 198, treename := [ 
        PowerSequence(IntegerRing()) |
        [ IntegerRing() | 330, 3, 6, 7 ],
        [ IntegerRing() | 330, 3, 11, 6 ],
        [ IntegerRing() | 440, 3, 6, 6 ],
        [ IntegerRing() | 440, 3, 10, 6 ],
        [ IntegerRing() | 550, 3, 5, 10 ],
        [ IntegerRing() | 550, 3, 9, 5 ]
    ], treesupergroups := [ PowerSequence(IntegerRing()) |
        [ IntegerRing() | 330, 3, 6 ],
        [ IntegerRing() | 330, 3, 11 ],
        [ IntegerRing() | 300, 2, 10 ],
        [ IntegerRing() | 300, 7 ],
        [ IntegerRing() | 300, 2 ],
        [ IntegerRing() | 440, 3, 6 ],
        [ IntegerRing() | 440, 3, 10 ],
        [ IntegerRing() | 550, 3, 5 ],
        [ IntegerRing() | 550, 3, 9 ]
    ]>,
    rec<recformat<generators: SeqEnum, level: IntegerRing(), genus: 
    IntegerRing(), index: IntegerRing(), contains_minus_one: BoolElt, subgroups:
    SeqEnum, supergroups: SeqEnum, name: MonStgElt, label: MonStgElt, order: 
    IntegerRing(), GLZConj: IntegerRing(), matgens: SeqEnum, cusps: SeqEnum, c2:
    SeqEnum, c3: SeqEnum, gc: SeqEnum, projections: SeqEnum, special_name: 
    SeqEnum, special_name_html: SeqEnum, direct_subgroups: SeqEnum, 
    direct_supergroups: SeqEnum, length: IntegerRing(), treename: SeqEnum, 
    treesupergroups: SeqEnum> | generators := [ PowerSequence(IntegerRing()) |
        [ IntegerRing() | -1, -1, -2, -2, -2, -2, -2, -2, -2, -2, -2, -2, -2, 
        -2, -2, -2, -2, -2, -2, -2, -2, -2, -2, -2, -2, -2, -2, -2, -2, -2, -2, 
        -2, -2, -2, -2, -2, -2, -2, -2, -2, -2, -2, -2, -2, -2, -2, -2, -2, -2, 
        -2, -2, -2, -2, -2, -2, -2, -2, -2, -2, -2, -2, -2, -2, -2, -2, -2, -2, 
        -2, -2, -2, -2, -2, -2, -2, -2, -2, -2, -2, -2, -2, -2, -2, 1, -2, -2, 
        -2, -2, -2, -2, -2, -2, -2, -2, -2, -2, -2, -2, -2, -2, -2, -2, -2, -2, 
        -2, -2, -2, -2, -2, -2, -2, -2, -2, -2, -2, -2, -2, -2, -2, -2, -2, -2, 
        -2, -2, -2, -2, -2, -2, -2, -2, -2, -2, -2, -2, -2, -2, -2, -2, -2, -2, 
        -2, -2, -2, -2, -2, -2, -2, -2, -2, -2, -2, -2, -2, -2, -2, -2, -2, -2, 
        -2, -2, -2, -2, -2, -2, -2, -2, -2, -2, -2, -2, -2, -2, -2, -2, -2, -2, 
        -2, -2, -2, -2, -2, -2, -1, -2, -2, -2, -2, -2, -2, -2, -2, -2, -2, -2, 
        -2, -2, -2, -2, -2, -2, -2, -2, -2, 1, -2, -2, -1, -2, -2, -2, -2, -2, 
        -2, -2, -2, -2, -2, -2, -2, -2, -2, -2, -2, -2, -2, -2, -2, -2, -2, -2, 
        -2, -2, -2, -2, -2, -2, -2, -2, -2, -2, -2, -2, -2, -2, -2, -2, -2, 1, 
        1, 1, 1 ],
        [ IntegerRing() | -1, -1, -2, -2, -2, -2, -2, -2, -2, -2, -2, -2, -2, 
        -2, -2, -2, -2, -2, -2, -2, -2, -2, -2, -2, -2, -2, -2, -2, -2, -2, -2, 
        -2, -2, -2, -2, -2, -2, -2, -2, -2, -2, -2, -2, -2, -2, -2, -2, -2, -2, 
        -2, -2, -2, -2, -2, -2, -2, -2, -2, -2, -2, -2, -2, -2, -2, -2, -2, -2, 
        -2, -2, -2, -2, -2, -2, -2, -2, -2, -2, -2, -2, -2, -2, -2, -2, -2, -2, 
        -2, -2, -2, -2, -2, -2, -2, -2, -2, -2, -2, -2, -2, -2, -2, -2, -2, 1, 
        -2, -2, -2, -2, -2, -2, -2, -2, -2, -2, -2, -2, -2, -2, -2, -2, -2, -2, 
        -2, -2, -2, -2, -2, -2, -2, -2, -2, -2, -2, -2, -2, -2, -2, -2, -2, -2, 
        -2, -2, -2, -2, -2, -2, -2, -2, -2, -2, -2, -2, -2, -2, -2, -2, -2, -2, 
        -2, -2, -2, -2, -2, -2, -2, -2, -2, -2, -2, -2, -2, -2, -1, -2, -2, -2, 
        -2, -2, -2, -2, -2, -2, -2, -2, -2, -2, -2, -2, -2, -2, -2, -2, -2, -2, 
        -2, -2, -2, -2, -2, -2, -2, -2, -2, -2, -2, -2, -2, -2, -2, -2, -2, -2, 
        -2, -2, -2, -2, -2, -2, -2, -2, -2, -2, -2, -2, -2, -2, -2, -2, -2, -2, 
        -2, -2, -2, -2, -2, -2, -2, -2, -2, -2, -2, -2, -2, -2, -2, -2, -2, -2, 
        -2, -2, -2, -2, -2, -2, -2, -2, -2, -2, -2, -2, -2, -2, -2, -2, -2, -2, 
        -2, -2, -2, -2, -2, -2, -2, 1, -2, -2, 1, 1, 1 ],
        [ IntegerRing() | -1, -1, -2, -2, -2, -2, -2, -2, -2, -2, -2, -2, -2, 
        -2, -2, -2, -2, -2, -2, -2, -2, -2, -2, -2, -2, -2, -2, -2, -2, -2, -2, 
        -2, -2, -2, -2, -2, -2, -2, -2, -2, -2, -2, -2, -2, -2, -2, -2, -2, -2, 
        -2, -2, -2, -2, -2, -2, -2, -2, -2, -2, -2, -2, -2, -2, -2, -2, -2, -2, 
        -2, -2, -2, -2, -2, -2, -2, -2, -2, -2, -2, -2, -2, -2, -2, -2, -2, -2, 
        -2, -2, -2, -2, -2, -2, -2, -2, -2, -2, -2, -2, -2, -2, -2, -2, -2, 1, 
        -2, -2, -2, -2, -2, -2, -2, -2, -2, -2, -2, -2, -2, -2, -2, -2, -2, -2, 
        -2, -2, -2, -2, -2, -2, -2, -2, -2, -2, -2, -2, -2, -2, -2, -2, -2, -2, 
        -2, -2, -2, -2, -2, -2, -2, -2, -2, -2, -2, -2, -2, -2, -2, -2, -2, -2, 
        -2, -2, -2, -2, -2, -2, -2, -2, -2, -2, -2, -2, -2, -2, -1, -2, -2, -2, 
        -2, -2, -2, -2, -2, -2, -2, -2, -2, -2, -2, -2, -2, -2, -2, -2, -2, -2, 
        -2, -2, -2, -2, -2, -2, -2, -2, -2, -2, -2, -2, -2, -2, -2, -2, -2, -2, 
        -2, -2, -2, -2, -2, -2, -2, -2, -2, -2, -2, -2, -2, -2, -2, -2, -2, -2, 
        -2, -2, -2, -2, -2, -2, -2, -2, -2, -2, -2, -2, -2, -2, -2, -2, -2, -2, 
        -2, -2, -2, -2, -2, -2, -2, -2, -2, -2, -2, -2, -2, -2, -2, -2, -2, -2, 
        -2, -2, -2, -2, -2, -2, -2, 1, -2, -2, 1 ],
        [ IntegerRing() | -1, -1, -2, -2, -2, -2, -2, -2, -2, -2, -2, -2, -2, 
        -2, -2, -2, -2, -2, -2, -2, -2, -2, -2, -2, -2, -2, -2, -2, -2, -2, -2, 
        -2, -2, -2, -2, -2, -2, -2, -2, -2, -2, -2, -2, -2, -2, -2, -2, -2, -2, 
        -2, -2, -2, -2, -2, -2, -2, -2, -2, -2, -2, -2, -2, -2, -2, -2, -2, -2, 
        -2, -2, -2, -2, -2, -2, -2, -2, -2, -2, -2, -2, -2, -2, -2, -2, -2, -2, 
        -2, -2, -2, -2, -2, -2, -2, -2, -2, -2, -2, -2, -2, -2, -2, -2, -2, -2, 
        -2, -2, -2, -2, -2, -2, -2, -2, -2, -2, -2, -2, -2, -2, -2, -2, -2, -2, 
        -2, -2, -2, -2, -2, -2, -2, -2, -2, -2, -2, -2, -2, -2, -2, -2, -2, -2, 
        -2, -2, -2, 1, -2, -2, -2, -2, -2, -2, -2, -2, -2, -2, -2, -2, -2, -2, 
        -2, -2, -2, -2, -2, -2, -2, -2, -2, -2, -2, -2, -2, -2, -2, -2, -2, -2, 
        -2, -2, -2, -2, -2, -2, -2, -2, -2, -2, -2, -2, -2, -2, -2, -2, -2, -2, 
        -2, -2, -2, -2, -2, -2, -1, -2, -2, -2, -2, -2, -2, -2, -2, -2, -2, -2, 
        -2, -2, -2, -2, -2, -2, -2, -2, -2, 1, -2, -2, -2, -2, -1, -2, -2, -2, 
        -2, -2, -2, -2, -2, -2, -2, -2, -2, -2, -2, -2, -2, -2, -2, -2, -2, 1, 
        1, 1, 1 ],
        [ IntegerRing() | -1, -1, 2, 2, 2, 2, 1, 2, 2, 2, 2, 1, 2, 2, -1, 2, 2, 
        2, 2, 2, 2, 2, 2, 2, 2, 2, 2, 2, 2, 2, 2, 2, 2, 2, 2, 2, 2, 2, 2, 2, 2, 
        2, 2, 2, 2, 2, 2, 2, 2, 2, 2, 2, 2, 2, 2, 1, -2, -2, -2, -2, -2, -2, -2,
        -2, -2, -2, -2, -2, -2, -2, -2, -2, -2, -2, -2, -2, -2, -2, -2, -2, -2, 
        -2, -2, -2, -2, -2, -2, -2, -2, -2, -2, -2, -2, -2, -2, -2, -2, -2, -2, 
        -2, -1, -2, -2, -2, -2, -2, -2, -2, -2, -2, -2, -2, -2, -2, -2, -2, -2, 
        -2, -2, -2, -2, 1, -2, -2, -2, -2, 1, -2, -2, -2, -2, 1 ],
        [ IntegerRing() | -1, -1, 2, 2, 2, 2, 1, 2, 2, 2, 2, 1, 2, 2, -1, 2, 2, 
        2, 2, 2, 2, 2, 2, 2, 2, 2, 2, 2, 2, 2, 2, 2, 2, 2, 2, 2, 2, 2, 2, 2, 2, 
        2, 2, 2, 2, 2, 2, 2, 2, 2, 2, 2, 2, 2, 2, 1, 2, 2, 2, 2, 2, 2, 2, 2, 2, 
        2, 2, 2, 2, 2, 2, 2, 2, 2, 2, 2, 2, 2, 2, 2, 2, 2, 2, 2, 2, 2, 2, 2, 2, 
        2, 2, 2, 2, 2, 2, 2, 2, 2, 2, 2, 2, 2, 2, 2, 2, 2, 2, 2, 2, 2, 2, 2, 2, 
        2, 2, 2, 2, 2, -1, -2, -2, -2, -2, -2, -2, -2, -2, -2, -2, -2, -2, -2, 
        -2, -2, -2, -2, -2, -2, -2, -2, -2, -2, -2, -2, -2, -2, -2, -2, -2, -2, 
        -2, -2, -2, -2, -2, -2, -2, -2, -2, -2, -2, -2, -2, -2, -2, -2, -2, -2, 
        -2, -2, -2, -2, -2, -2, -2, -2, -2, -2, -2, -2, -2, -2, -2, -2, -2, -2, 
        -2, -2, -2, -2, -2, -2, -2, -2, -2, -2, -2, -2, -2, -2, -2, -2, -2, -2, 
        -2, -2, -2, -2, -2, -2, -2, -2, -2, -2, -2, -2, -2, -2, -2, -2, -2, -2, 
        -2, -2, -2, -2, -2, -2, -2, -2, -2, -2, -2, -2, -2, -2, -2, -2, -2, -2, 
        -2, -2, -2, -2, -2, -2, -2, -2, -2, -2, -2, -2, -2, -2, -2, -2, -2, -2, 
        -2, 1, 1, -2, -2, -2, -2, -2 ],
        [ IntegerRing() | -1, -1, 2, 2, 2, 2, 1, 2, 2, 2, 2, 1, 2, 2, -1, 2, 2, 
        2, 2, 2, 2, 2, 2, 2, 2, 2, 2, 2, 2, 2, 2, 2, 2, 2, 2, 2, 2, 2, 2, 2, 2, 
        2, 2, 2, 2, 2, 2, 2, 2, 2, 2, 2, 2, 2, 2, 1, 2, 2, 2, 2, 2, 2, 2, 2, 2, 
        2, 2, 2, 2, 2, 2, 2, 2, 2, 2, 2, 2, 2, 2, 2, 2, 2, 2, 2, 2, 2, 2, 2, 2, 
        2, 2, 2, 2, 2, 2, 2, 2, 2, 2, 2, 2, 2, 2, 2, 2, 2, 2, 2, 2, 2, 2, 2, 2, 
        2, 2, 2, 2, 2, -1, -2, -2, -2, -2, -2, -2, -2, -2, -2, -2, -2, -2, -2, 
        -2, -2, -2, -2, -2, -2, -2, -2, -2, -2, -2, -2, -2, -2, -2, -2, -2, -2, 
        -2, -2, -2, -2, -2, -2, -2, -2, -2, -2, -2, -2, -2, -2, -2, -2, -2, -2, 
        -2, -2, -2, -2, -2, -2, -2, -2, -2, -2, -2, -2, -2, -2, -2, -2, -2, -2, 
        -2, -2, -2, -2, -2, -2, -2, -2, -2, -2, -2, -2, -2, -2, -2, -2, -2, -2, 
        -2, -2, -2, -2, -2, -2, -2, -2, -2, -2, -2, -2, -2, -2, -2, -2, -2, -2, 
        -2, -2, -2, -2, -2, -2, -2, -2, -2, -2, -2, -2, -2, -2, -2, -2, -2, -2, 
        -2, -2, -2, -2, -2, -2, -2, -2, -2, -2, -2, -2, -2, -2, -2, -2, -2, -2, 
        -2, -2, -2, -2, -2, -2, -2, -2, -2, -2, -2, -2, -2, -2, -2, -2, -2, -2, 
        -2, -2, -2, -2, -2, -2, -2, -2, -2, -2, -2, -2, -2, -2, -2, -2, -2, -2, 
        -2, -2, -2, -2, -2, 1, -2, -2, -2, -2, -2, -2, -2, -2, -2, -2, -2, -2, 
        -2, -2, -2, -2, -2, -2, -2, -2, -2, -2, -2, -2, -2, -2, -2, -2, -2, -2, 
        -2, -2, -2, -2, -2, -2, -2, -2, -2, -2, -2, -2, -2, -2, -2, -2, -2, -2, 
        -2, -2, -2, -2, -2, -2, -2, -2, -2, -2, -2, -2, -2, -2, -2, -2, -2, -2, 
        -2, -2, -2, -2, -2, -2, -2, -2, -2, -2, -2, -2, -2, -2, -2, -2, -2, -2, 
        -2, -2, -2, -2, -2, -2, -2, -2, -2, -2, -2, -2, -2, -2, -2, -2, -2, -2, 
        -2, -2, -2, -2, -2, -2, -1, -2, -2, -2, -2, -2, -2, -2, -2, -2, -2, -2, 
        -2, -2, -2, -2, -2, -2, -2, -2, -2, 1, -2, -2, -2, -2, -1, -2, -2, -2, 
        -2, -2, -2, -2, -2, -2, -2, -2, -2, -2, -2, -2, -2, -2, -2, -2, -2, 1, 
        -2, -2, 1, -2, -2, 1, -2, -2, -2 ]
    ], level := 110, genus := 14, index := 220, contains_minus_one := true, 
    subgroups := [], supergroups := [ IntegerRing() | 18, 72, 1581 ], name := 
    "110C14", label := "C", order := 4320, GLZConj := 2, matgens := [ 
        PowerSequence(IntegerRing(110)) |
        [ IntegerRing(110) | 19, 60, 80, 79 ],
        [ IntegerRing(110) | 21, 0, 0, 21 ],
        [ IntegerRing(110) | 29, 80, 20, 59 ],
        [ IntegerRing(110) | 56, 55, 55, 1 ],
        [ IntegerRing(110) | 67, 55, 22, 23 ],
        [ IntegerRing(110) | 89, 0, 0, 89 ],
        [ IntegerRing(110) | 89, 66, 44, 45 ]
    ], cusps := [ IntegerRing() | 110, 110 ], c2 := [ IntegerRing() | 1, 1, 1, 
    1, 1, 1, 1, 1, 1, 1, 1, 1, 2, 2, 2, 2, 2, 2, 2, 2, 2, 2, 2, 2, 2, 2, 2, 2, 
    2, 2, 2, 2, 2, 2, 2, 2, 2, 2, 2, 2, 2, 2, 2, 2, 2, 2, 2, 2, 2, 2, 2, 2, 2, 
    2, 2, 2, 2, 2, 2, 2, 2, 2, 2, 2, 2, 2, 2, 2, 2, 2, 2, 2, 2, 2, 2, 2, 2, 2, 
    2, 2, 2, 2, 2, 2, 2, 2, 2, 2, 2, 2, 2, 2, 2, 2, 2, 2, 2, 2, 2, 2, 2, 2, 2, 
    2, 2, 2, 2, 2, 2, 2, 2, 2, 2, 2, 2, 2 ], c3 := [ IntegerRing() | 1, 1, 1, 1,
    3, 3, 3, 3, 3, 3, 3, 3, 3, 3, 3, 3, 3, 3, 3, 3, 3, 3, 3, 3, 3, 3, 3, 3, 3, 
    3, 3, 3, 3, 3, 3, 3, 3, 3, 3, 3, 3, 3, 3, 3, 3, 3, 3, 3, 3, 3, 3, 3, 3, 3, 
    3, 3, 3, 3, 3, 3, 3, 3, 3, 3, 3, 3, 3, 3, 3, 3, 3, 3, 3, 3, 3, 3 ], gc := [ 
    IntegerRing() | 4, 8, 8, 20, 20, 40, 40, 40, 40 ], special_name := [], 
    special_name_html := [], direct_subgroups := [], direct_supergroups := [ 
    IntegerRing() | 72, 1581 ], length := 110, treename := [ 
        PowerSequence(IntegerRing()) |
        [ IntegerRing() | 330, 3, 3, 8 ],
        [ IntegerRing() | 440, 3, 4, 9 ],
        [ IntegerRing() | 550, 3, 3, 9 ]
    ], treesupergroups := [ PowerSequence(IntegerRing()) |
        [ IntegerRing() | 330, 3, 3 ],
        [ IntegerRing() | 300, 1, 9 ],
        [ IntegerRing() | 300, 1 ],
        [ IntegerRing() | 440, 3, 4 ],
        [ IntegerRing() | 550, 3, 3 ]
    ]>
]
;

