// list of all congruence groups with genus  12
// with  96 <= level < 104
//
// by c cummins and s pauli
// load "csg12-lev88.dat";
import "csg12-lev88.dat" : L12_88;
L12_96 := L12_88 cat 
[ PowerStructure(Rec) |
    rec<recformat<generators: SeqEnum, level: IntegerRing(), genus: 
    IntegerRing(), index: IntegerRing(), contains_minus_one: BoolElt, subgroups:
    SeqEnum, supergroups: SeqEnum, name: MonStgElt, label: MonStgElt, order: 
    IntegerRing(), GLZConj: IntegerRing(), matgens: SeqEnum, cusps: SeqEnum, c2:
    SeqEnum, c3: SeqEnum, gc: SeqEnum, projections: SeqEnum, special_name: 
    SeqEnum, special_name_html: SeqEnum, direct_subgroups: SeqEnum, 
    direct_supergroups: SeqEnum, length: IntegerRing(), treename: SeqEnum, 
    treesupergroups: SeqEnum> | generators := [ PowerSequence(IntegerRing()) |
        [ IntegerRing() | -1, -1, 2, 2, 2, 2, 2, 2, 2, 2, 2, 2, 2, 2, 2, 2, 2, 
        2, 2, 2, 2, 2, 2, 2, 2, 2, 2, 2, 2, 2, 2, 2, 2, 2, 1, 2, 2, 2, 2, 2, 2, 
        2, 2, 2, 2, 2, 2, 2, 2, 2, 2, 2, 2, 2, 2, 2, 2, 2, 2, 2, 2, 2, 2, 2, 2, 
        2, 2, -1, 2, 2, 2, 2, 2, 2, 2, 2, 2, 2, 2, 2, 2, 2, 2, 2, 2, 2, 2, 2, 2,
        2, 2, 2, 2, 2, 2, 2, 2, 2, 2, 2, 2, 2, 2, 2, 2, 2, 2, 2, 2, 2, 2, 2, 2, 
        2, 2, 2, 2, 2, 2, 2, 2, 2, 2, 2, 2, 2, 2, 2, 2, 2, 2, 2, 1, 2, 2, 1, 1, 
        1, -2, -2, -2, -2, -2, -2, -2, -2, -2, -2, -2, -2, -2, -2, 1, 2, 1 ],
        [ IntegerRing() | -1, 2, 2, 2, 2, 2, 2, 2, 2, 2, 2, 2, 2, 2, 2, 2, 2, 2,
        2, 2, 2, 2, 2, 2, 2, 2, 2, 2, 2, 2, 2, 2, 2, -1, 2, 2, 2, 2, 2, 2, 2, 2,
        2, 2, 2, 2, 2, 2, 2, 2, 2, 2, 2, 2, 2, 2, 2, 2, 2, 2, 2, 2, 2, 2, 2, 2, 
        2, 2, 2, 2, 2, 2, 2, 2, 2, 2, 2, 2, 2, 2, 2, 2, 2, 2, 2, 2, 2, 2, 2, 2, 
        2, 2, 2, 2, 2, 2, 2, 2, 1, -2, -2, -2, -2, -2, -2, -2, -2, -2, -2, -2, 
        -2, -2, -2, -2, -2, -2, -2, -2, -2, -2, -2, -2, -2, -2, -2, -2, -2, 1, 
        -2, -2, 1, -2, -2, 1, -2, -2, -2, -2, 1, -2, -2, 1, -2, -2, -2, -2, -2, 
        -2, -2, -2, -2, -2 ],
        [ IntegerRing() | -1, -1, 2, 2, 2, 2, 2, 2, 2, 2, 2, 2, 2, 2, 2, 2, 2, 
        2, 2, 2, 2, 2, 2, 2, 2, 2, 2, 2, 2, 2, 2, 2, 2, 2, 1, 2, 2, 2, 2, 2, 2, 
        2, 2, 2, 2, 2, 2, 2, 2, 2, 2, 2, 2, 2, 2, 2, 2, 2, 2, 2, 2, 2, 2, 2, 2, 
        2, 2, 2, 2, 2, 2, 2, 2, 2, 2, 2, 2, 2, 2, 2, 2, 2, 2, 2, 2, 1, 1, 1, -2,
        -2, -2, -2, -2, -2, 1, -2, -2, 1, -2, -2 ],
        [ IntegerRing() | -1, -1, 2, 2, 2, 2, 2, 2, 2, 2, 2, 2, 2, 2, 2, 2, 2, 
        2, 2, 2, 2, 2, 2, 2, 2, 2, 2, 2, 2, 2, 2, 2, 2, 2, 2, 2, 2, 2, 2, 2, 2, 
        2, 2, 2, 2, 2, 2, 2, 2, 2, 2, 2, 2, 2, 2, 2, 2, 2, 2, 2, 2, 2, 2, 2, 2, 
        2, 1, -2, -2, -2, -2, -2, -2, -2, -2, -2, -2, -2, -2, -2, -2, -2, -2, 
        -2, -2, -2, -2, -2, -2, 1, 1, 1, -2, -2, -2, -2, -2, -2, -2, -2, -2, -2,
        -2, -2, 1, -2, -2, 1, -2, -2, -2, -2 ],
        [ IntegerRing() | -1, 2, 2, 2, 2, 2, 2, 2, 2, 2, 2, 2, 2, 2, 2, 2, 2, 2,
        2, 2, 2, 2, 2, 2, 2, 2, 2, 2, 2, 2, 2, 2, 2, 2, 2, 2, 2, 2, 2, 2, 2, 2, 
        2, 2, 2, 2, 2, 2, 2, 1 ],
        [ IntegerRing() | -1, -1, 2, 2, 2, 2, 2, 2, 2, 2, 2, 2, 2, 2, 2, 2, 2, 
        2, 2, 2, 2, 2, 2, 2, 2, 2, 2, 2, 2, 2, 2, 2, 2, 2, 1, 2, 2, 2, 2, 2, 2, 
        2, 2, 2, 2, 2, 2, 2, 2, 2, 2, 2, 2, 2, 2, 2, 2, 2, 2, 2, 2, 2, 2, 2, 2, 
        2, 2, -1, 2, 2, 2, 2, 2, 2, 2, 2, 2, 2, 2, 2, 2, 2, 2, 2, 2, 2, 2, 2, 2,
        2, 2, 2, 2, 2, 2, 2, 2, 2, 2, 2, 1, -2, -2, -2, -2, -2, -2, 1, 1, 1, -2,
        -2, -2, -2, -2, -2, -2, -2, 1, -2, -2, 1, -2, -2, -2, -2, -2, -2, -2, -2
        ],
        [ IntegerRing() | -1, 2, 2, 2, 2, 2, 2, 2, 2, 2, 2, 2, 2, 2, 2, 2, 2, 2,
        2, 2, 2, 2, 2, 2, 2, 2, 2, 2, 2, 2, 2, 2, 2, -1, 2, 2, 2, 2, 2, 2, 2, 2,
        2, 2, 2, 2, 2, 2, 2, 2, 2, 2, 2, 2, 2, 2, 2, 2, 2, 2, 2, 2, 2, 2, 2, 2, 
        2, 2, 2, 2, 2, 2, 2, 2, 2, 2, 2, 2, 2, 2, 2, 2, 2, 2, 2, 2, 2, 2, 2, 2, 
        2, 2, 2, 2, 2, 2, 2, 2, 1, 2, 2, 2, 2, 2, 2, 1, -2, -2, -2, -2, -2, -2, 
        -2, -2, -2, -2, 1, -2, -2, 1, -2, -2, -2, -2, -2, -2 ],
        [ IntegerRing() | -1, 2, 2, 2, 2, 2, 2, 2, 2, 2, 2, 2, 2, 2, 2, 2, 2, 2,
        2, 2, 2, 2, 2, 2, 2, 2, 2, 2, 2, 2, 2, 2, 2, -1, 2, 2, 2, 2, 2, 2, 2, 2,
        2, 2, 2, 2, 2, 2, 2, 2, 2, 2, 2, 2, 2, 2, 2, 2, 2, 2, 2, 2, 2, 2, 2, 2, 
        2, 2, 2, 2, 2, 2, 2, 2, 2, 2, 2, 2, 2, 2, 2, 2, 2, 2, 2, 2, 2, 2, 2, 2, 
        2, 2, 2, 2, 2, 2, 2, 2, 1, 1, 1, 1, -2, -2, -2, -2, -2, -2, 1, -2, -2, 
        -2, -2, 1, -2, -2 ],
        [ IntegerRing() | -1, -1, 2, 2, 2, 2, 2, 2, 2, 2, 2, 2, 2, 2, 2, 2, 2, 
        2, 2, 2, 2, 2, 2, 2, 2, 2, 2, 2, 2, 2, 2, 2, 2, 2, 2, 2, 2, 2, 2, 2, 2, 
        2, 2, 2, 2, 2, 2, 2, 2, 2, 2, 2, 2, 2, 2, 2, 2, 2, 2, 2, 2, 2, 2, 2, 2, 
        2, 1, 2, 2, 2, 2, 2, 2, 2, 2, 2, 2, 2, 2, 2, 2, 2, 2, 2, 2, 2, 2, 2, 2, 
        2, 2, 2, 2, 2, 2, 2, 2, 2, 2, -1, 2, 2, 2, 2, 2, 2, 2, 2, 2, 2, 2, 2, 2,
        2, 2, 2, 2, 2, 2, 2, 2, 2, 2, 2, 2, 2, 2, 2, 2, 2, 2, 2, 2, 2, 2, 2, 2, 
        2, 2, 2, 2, 2, 2, 2, 2, 2, 2, 2, 2, 2, 2, 2, 2, 2, 2, 2, 2, 2, 2, 2, 2, 
        2, 2, 2, 1, 2, 2, 2, 2, 2, 2, 2, 2, 2, 2, 2, 2, 2, 2, 2, 2, 2, 2, 2, 2, 
        2, 2, 2, 2, 2, 2, 2, 2, 2, 2, 2, 2, 1 ],
        [ IntegerRing() | -1, -1, 2, 2, 2, 2, 2, 2, 2, 2, 2, 2, 2, 2, 2, 2, 2, 
        2, 2, 2, 2, 2, 2, 2, 2, 2, 2, 2, 2, 2, 2, 2, 2, 2, 2, 2, 2, 2, 2, 2, 2, 
        2, 2, 2, 2, 2, 2, 2, 2, 2, 2, 2, 2, 2, 2, 2, 2, 2, 2, 2, 2, 2, 2, 2, 2, 
        2, 1, 2, 2, 2, 2, 2, 2, 2, 2, 2, 2, 2, 2, 2, 2, 2, 2, 2, 2, 2, 2, 2, 2, 
        2, 2, 2, 2, 2, 2, 2, 2, 2, 2, 1 ],
        [ IntegerRing() | -1, -1, 2, 2, 2, 2, 2, 2, 2, 2, 2, 2, 2, 2, 2, 2, 2, 
        2, 2, 2, 2, 2, 2, 2, 2, 2, 2, 2, 2, 2, 2, 2, 2, 2, 1, 2, 2, 2, 2, 2, 2, 
        2, 2, 2, 2, 2, 2, 2, 2, 2, 2, 2, 2, 2, 2, 2, 2, 2, 2, 2, 2, 1, 1, 1, -2,
        -2, -2, -2, -2, -2, 1, -2, -2, 1, -2, -2, -2, -2, 1, -2, -2, 1, -2, -2 
        ],
        [ IntegerRing() | -1, -1, 2, 2, 2, 2, 2, 2, 2, 2, 2, 2, 2, 2, 2, 2, 2, 
        2, 2, 2, 2, 2, 2, 2, 2, 2, 2, 2, 2, 2, 2, 2, 2, 2, 1, 2, 2, 2, 2, 2, 2, 
        2, 2, 2, 2, 2, 2, 2, 2, 2, 2, 2, 2, 2, 2, 2, 2, 2, 2, 2, 2, 2, 2, 2, 2, 
        2, 2, -1, 2, 2, 2, 2, 2, 2, 2, 2, 2, 2, 2, 2, 2, 2, 2, 2, 2, 2, 2, 2, 2,
        2, 2, 2, 2, 2, 2, 2, 2, 2, 2, 2, 1, 1 ]
    ], level := 96, genus := 12, index := 144, contains_minus_one := true, 
    subgroups := [ IntegerRing() | 7540, 7561, 7559, 7565, 7567 ], supergroups 
    := [ IntegerRing() | 775, 1236 ], name := "96A12", label := "A", order := 
    4096, GLZConj := 1, matgens := [ PowerSequence(IntegerRing(96)) |
        [ IntegerRing(96) | 1, 0, 48, 1 ],
        [ IntegerRing(96) | 33, 32, 64, 33 ],
        [ IntegerRing(96) | 41, 72, 36, 89 ],
        [ IntegerRing(96) | 49, 0, 48, 49 ],
        [ IntegerRing(96) | 49, 48, 72, 49 ],
        [ IntegerRing(96) | 63, 92, 70, 87 ],
        [ IntegerRing(96) | 65, 0, 0, 65 ],
        [ IntegerRing(96) | 65, 64, 64, 1 ],
        [ IntegerRing(96) | 73, 48, 72, 25 ],
        [ IntegerRing(96) | 79, 82, 1, 29 ],
        [ IntegerRing(96) | 83, 24, 12, 59 ],
        [ IntegerRing(96) | 85, 48, 72, 61 ]
    ], cusps := [ IntegerRing() | 48, 96 ], c2 := [ IntegerRing() | 2, 2, 2, 2, 
    2, 2, 2, 2, 2, 2, 2, 2, 2, 2, 2, 2, 2, 2, 2, 2, 2, 2, 2, 2, 2, 2, 2, 2, 2, 
    2, 2, 2, 2, 2, 2, 2, 2, 2, 2, 2, 2, 2, 2, 2, 2, 2, 2, 2, 2, 2, 2, 2, 2, 2, 
    2, 2, 2, 2, 2, 2, 2, 2, 2, 2, 2, 2, 2, 2, 2, 2, 2, 2 ], c3 := [ 
    IntegerRing() | 3, 3, 3, 3, 3, 3, 3, 3, 3, 3, 3, 3, 3, 3, 3, 3, 3, 3, 3, 3, 
    3, 3, 3, 3, 3, 3, 3, 3, 3, 3, 3, 3, 3, 3, 3, 3, 3, 3, 3, 3, 3, 3, 3, 3, 3, 
    3, 3, 3 ], gc := [ IntegerRing() | 2, 2, 2, 2, 2, 2, 2, 2, 8 ], special_name
    := [], special_name_html := [], direct_subgroups := [ IntegerRing() | 7540, 
    7561, 7559, 7565, 7567 ], direct_supergroups := [ IntegerRing() | 775, 1236 
    ], length := 24, treename := [ PowerSequence(IntegerRing()) |
        [ IntegerRing() | 384, 3, 2, 9, 5, 26, 42 ],
        [ IntegerRing() | 384, 3, 2, 9, 5, 26, 43 ],
        [ IntegerRing() | 384, 4, 3, 4, 6, 8, 2 ],
        [ IntegerRing() | 480, 6, 5, 14, 16, 4, 35 ],
        [ IntegerRing() | 480, 6, 5, 14, 16, 4, 65 ],
        [ IntegerRing() | 480, 7, 8, 11, 9, 8, 5 ],
        [ IntegerRing() | 576, 4, 3, 5, 5, 16, 60 ],
        [ IntegerRing() | 576, 4, 3, 5, 5, 16, 61 ],
        [ IntegerRing() | 576, 5, 6, 10, 6, 12, 3 ]
    ], treesupergroups := [ PowerSequence(IntegerRing()) |
        [ IntegerRing() | 384, 3, 2, 9, 5, 26 ],
        [ IntegerRing() | 384, 3, 2, 9, 5, 26 ],
        [ IntegerRing() | 384, 4, 3, 4, 6, 8 ],
        [ IntegerRing() | 480, 6, 5, 14, 16, 4 ],
        [ IntegerRing() | 480, 6, 5, 14, 16, 4 ],
        [ IntegerRing() | 480, 7, 8, 11, 9, 8 ],
        [ IntegerRing() | 576, 4, 3, 5, 5, 16 ],
        [ IntegerRing() | 576, 4, 3, 5, 5, 16 ],
        [ IntegerRing() | 576, 5, 6, 10, 6, 12 ]
    ]>,
    rec<recformat<generators: SeqEnum, level: IntegerRing(), genus: 
    IntegerRing(), index: IntegerRing(), contains_minus_one: BoolElt, subgroups:
    SeqEnum, supergroups: SeqEnum, name: MonStgElt, label: MonStgElt, order: 
    IntegerRing(), GLZConj: IntegerRing(), matgens: SeqEnum, cusps: SeqEnum, c2:
    SeqEnum, c3: SeqEnum, gc: SeqEnum, projections: SeqEnum, special_name: 
    SeqEnum, special_name_html: SeqEnum, direct_subgroups: SeqEnum, 
    direct_supergroups: SeqEnum, length: IntegerRing(), treename: SeqEnum, 
    treesupergroups: SeqEnum> | generators := [ PowerSequence(IntegerRing()) |
        [ IntegerRing() | -1, -1, 2, 2, 2, 2, 2, 2, 2, 2, 2, 2, 2, 2, 2, 2, 2, 
        2, 2, 2, 2, 2, 2, 2, 2, 2, 2, 2, 2, 2, 2, 2, 2, 2, 1, 2, 2, 2, 2, 2, 2, 
        2, 2, 2, 2, 2, 2, 2, 2, 2, 2, 2, 2, 2, 2, 2, 2, 2, 2, 2, 2, 2, 2, 2, 2, 
        2, 2, -1, 2, 2, 2, 2, 2, 2, 2, 2, 2, 2, 2, 2, 2, 2, 2, 2, 2, 2, 2, 2, 2,
        2, 2, 2, 2, 2, 2, 2, 2, 2, 2, 2, 2, 2, 2, 2, 2, 2, 2, 2, 2, 2, 2, 2, 2, 
        2, 2, 2, 2, 2, 2, 2, 2, 2, 2, 2, 2, 2, 2, 2, 2, 2, 2, 2, 1, 2, 2, 1, 1, 
        1, -2, -2, -2, -2, -2, -2, -2, -2, -2, -2, -2, -2, -2, -2, 1, 2, 1 ],
        [ IntegerRing() | -1, 2, 2, 2, 2, 2, 2, 2, 2, 2, 2, 2, 2, 2, 2, 2, 2, 2,
        2, 2, 2, 2, 2, 2, 2, 2, 2, 2, 2, 2, 2, 2, 2, 2, 2, 2, 2, 2, 2, 2, 2, 2, 
        2, 2, 2, 2, 2, 2, 2, 1 ],
        [ IntegerRing() | -1, -1, 2, 2, 2, 2, 2, 2, 2, 2, 2, 2, 2, 2, 2, 2, 2, 
        2, 2, 2, 2, 2, 2, 2, 2, 2, 2, 2, 2, 2, 2, 2, 2, 2, 1, 2, 2, 2, 2, 2, 2, 
        2, 2, 2, 2, 2, 2, 2, 2, 2, 2, 2, 2, 2, 2, 2, 2, 2, 2, 2, 2, 2, 2, 2, 2, 
        2, 2, -1, 2, 2, 2, 2, 2, 2, 2, 2, 2, 2, 2, 2, 2, 2, 2, 2, 2, 2, 2, 2, 2,
        2, 2, 2, 2, 2, 2, 2, 2, 2, 2, 2, 1, -2, -2, -2, -2, -2, -2, 1, 1, 1, -2,
        -2, -2, -2, -2, -2, -2, -2, 1, -2, -2, 1, -2, -2, -2, -2, -2, -2, -2, -2
        ],
        [ IntegerRing() | -1, -1, 2, 2, 2, 2, 2, 2, 2, 2, 2, 2, 2, 2, 2, 2, 2, 
        2, 2, 2, 2, 2, 2, 2, 2, 2, 2, 2, 2, 2, 2, 2, 2, 2, 2, 2, 2, 2, 2, 2, 2, 
        2, 2, 2, 2, 2, 2, 2, 2, 2, 2, 2, 2, 2, 2, 2, 2, 2, 2, 2, 2, 2, 2, 2, 2, 
        2, 1, -2, -2, -2, -2, -2, -2, -2, -2, -2, -2, -2, -2, -2, -2, -2, -2, 
        -2, -2, -2, -2, -2, -2, 1, 1, 1, -2, -2, -2, -2, -2, -2, -2, -2, -2, -2,
        -2, -2, 1, -2, -2, 1, -2, -2, -2, -2 ],
        [ IntegerRing() | -1, 2, 2, 2, 2, 2, 2, 2, 2, 2, 2, 2, 2, 2, 2, 2, 2, 2,
        2, 2, 2, 2, 2, 2, 2, 2, 2, 2, 2, 2, 2, 2, 2, -1, 2, 2, 2, 2, 2, 2, 2, 2,
        2, 2, 2, 2, 2, 2, 2, 2, 2, 2, 2, 2, 2, 2, 2, 2, 2, 2, 2, 2, 2, 2, 2, 2, 
        2, 2, 2, 2, 2, 2, 2, 2, 2, 2, 2, 2, 2, 2, 2, 2, 2, 2, 2, 2, 2, 2, 2, 2, 
        2, 2, 2, 2, 2, 2, 2, 2, 1, -2, -2, -2, -2, -2, -2, -2, -2, -2, -2, -2, 
        -2, -2, -2, -2, -2, -2, -2, -2, -2, -2, -2, -2, -2, -2, -2, -2, -2, 1, 
        -2, -2, 1, -2, -2, 1, -2, -2, -2, -2, 1, -2, -2, 1, -2, -2, -2, -2, -2, 
        -2, -2, -2, -2, -2 ],
        [ IntegerRing() | -1, 2, 2, 2, 2, 2, 2, 2, 2, 2, 2, 2, 2, 2, 2, 2, 2, 2,
        2, 2, 2, 2, 2, 2, 2, 2, 2, 2, 2, 2, 2, 2, 2, -1, 2, 2, 2, 2, 2, 2, 2, 2,
        2, 2, 2, 2, 2, 2, 2, 2, 2, 2, 2, 2, 2, 2, 2, 2, 2, 2, 2, 2, 2, 2, 2, 2, 
        2, 2, 2, 2, 2, 2, 2, 2, 2, 2, 2, 2, 2, 2, 2, 2, 2, 2, 2, 2, 2, 2, 2, 2, 
        2, 2, 2, 2, 2, 2, 2, 2, 1, 2, 2, 2, 2, 2, 2, 1, -2, -2, -2, -2, -2, -2, 
        -2, -2, -2, -2, 1, -2, -2, 1, -2, -2, -2, -2, -2, -2 ],
        [ IntegerRing() | -1, -1, 2, 2, 2, 2, 2, 2, 2, 2, 2, 2, 2, 2, 2, 2, 2, 
        2, 2, 2, 2, 2, 2, 2, 2, 2, 2, 2, 2, 2, 2, 2, 2, 2, 2, 2, 2, 2, 2, 2, 2, 
        2, 2, 2, 2, 2, 2, 2, 2, 2, 2, 2, 2, 2, 2, 2, 2, 2, 2, 2, 2, 2, 2, 2, 2, 
        2, 1, 2, 2, 2, 2, 2, 2, 2, 2, 2, 2, 2, 2, 2, 2, 2, 2, 2, 2, 2, 2, 2, 2, 
        2, 2, 2, 2, 2, 2, 2, 2, 2, 2, -1, 2, 2, 2, 2, 2, 2, 2, 2, 2, 2, 2, 2, 2,
        2, 2, 2, 2, 2, 2, 2, 2, 2, 2, 2, 2, 2, 2, 2, 2, 2, 2, 2, 2, 2, 2, 2, 2, 
        2, 2, 2, 2, 2, 2, 2, 2, 2, 2, 2, 2, 2, 2, 2, 2, 2, 2, 2, 2, 2, 2, 2, 2, 
        2, 2, 2, 1, 2, 2, 2, 2, 2, 2, 2, 2, 2, 2, 2, 2, 2, 2, 2, 2, 2, 2, 2, 2, 
        2, 2, 2, 2, 2, 2, 2, 2, 2, 2, 2, 2, 1 ],
        [ IntegerRing() | -1, 2, 2, 2, 2, 2, 2, 2, 2, 2, 2, 2, 2, 2, 2, 2, 2, 2,
        2, 2, 2, 2, 2, 2, 2, 2, 2, 2, 2, 2, 2, 2, 2, -1, 2, 2, 2, 2, 2, 2, 2, 2,
        2, 2, 2, 2, 2, 2, 2, 2, 2, 2, 2, 2, 2, 2, 2, 2, 2, 2, 2, 2, 2, 2, 2, 2, 
        2, 2, 2, 2, 2, 2, 2, 2, 2, 2, 2, 2, 2, 2, 2, 2, 2, 2, 2, 2, 2, 2, 2, 2, 
        2, 2, 2, 2, 2, 2, 2, 2, 1, 1, 1, 1, -2, -2, -2, -2, -2, -2, 1, -2, -2, 
        -2, -2, 1, -2, -2 ],
        [ IntegerRing() | -1, -1, 2, 2, 2, 2, 2, 2, 2, 2, 2, 2, 2, 2, 2, 2, 2, 
        2, 2, 2, 2, 2, 2, 2, 2, 2, 2, 2, 2, 2, 2, 2, 2, 2, 2, 2, 2, 2, 2, 2, 2, 
        2, 2, 2, 2, 2, 2, 2, 2, 2, 2, 2, 2, 2, 2, 2, 2, 2, 2, 2, 2, 2, 2, 2, 2, 
        2, 1, 2, 2, 2, 2, 2, 2, 2, 2, 2, 2, 2, 2, 2, 2, 2, 2, 2, 2, 2, 2, 2, 2, 
        2, 2, 2, 2, 2, 2, 2, 2, 2, 2, 1 ],
        [ IntegerRing() | -1, -1, 2, 2, 2, 2, 2, 2, 2, 2, 2, 2, 2, 2, 2, 2, 2, 
        2, 2, 2, 2, 2, 2, 2, 2, 2, 2, 2, 2, 2, 2, 2, 2, 2, 1, 2, 2, 2, 2, 2, 2, 
        2, 2, 2, 2, 2, 2, 2, 2, 2, 2, 2, 2, 2, 2, 2, 2, 2, 2, 2, 2, 2, 2, 2, 2, 
        2, 2, 2, 2, 2, 2, 2, 2, 2, 2, 2, 2, 2, 2, 2, 2, 2, 2, 2, 2, 1, 1, 1, -2,
        -2, -2, -2, -2, -2, 1, -2, -2, 1, -2, -2, -2, -2, 1, -2, -2, 1, -2, -2 
        ],
        [ IntegerRing() | -1, -1, 2, 2, 2, 2, 2, 2, 2, 2, 2, 2, 2, 2, 2, 2, 2, 
        2, 2, 2, 2, 2, 2, 2, 2, 2, 2, 2, 2, 2, 2, 2, 2, 2, 1, 2, 2, 2, 2, 2, 2, 
        2, 2, 2, 2, 2, 2, 2, 2, 2, 2, 2, 2, 2, 2, 2, 2, 2, 2, 2, 2, 2, 2, 2, 2, 
        2, 2, -1, 2, 2, 2, 2, 2, 2, 2, 2, 2, 2, 2, 2, 2, 2, 2, 2, 2, 2, 2, 2, 2,
        2, 2, 2, 2, 2, 2, 2, 2, 2, 2, 2, 1, 1 ],
        [ IntegerRing() | -1, 2, 2, 2, 2, 2, 2, 1, 1, 1, -2, -2, 1, -2, -2, 1, 
        -2, -2, 1, -2, -2, -2, -2, -2, -2, 1 ]
    ], level := 96, genus := 12, index := 144, contains_minus_one := true, 
    subgroups := [ IntegerRing() | 7541, 7562, 7560, 7565, 7568 ], supergroups 
    := [ IntegerRing() | 776, 1236 ], name := "96B12", label := "B", order := 
    4096, GLZConj := 1, matgens := [ PowerSequence(IntegerRing(96)) |
        [ IntegerRing(96) | 1, 0, 48, 1 ],
        [ IntegerRing(96) | 33, 32, 64, 33 ],
        [ IntegerRing(96) | 41, 72, 36, 89 ],
        [ IntegerRing(96) | 49, 0, 48, 49 ],
        [ IntegerRing(96) | 49, 48, 72, 49 ],
        [ IntegerRing(96) | 63, 92, 94, 87 ],
        [ IntegerRing(96) | 65, 0, 0, 65 ],
        [ IntegerRing(96) | 65, 64, 64, 1 ],
        [ IntegerRing(96) | 73, 48, 72, 25 ],
        [ IntegerRing(96) | 75, 92, 46, 27 ],
        [ IntegerRing(96) | 79, 82, 1, 29 ],
        [ IntegerRing(96) | 83, 24, 12, 59 ]
    ], cusps := [ IntegerRing() | 48, 96 ], c2 := [ IntegerRing() | 2, 2, 2, 2, 
    2, 2, 2, 2, 2, 2, 2, 2, 2, 2, 2, 2, 2, 2, 2, 2, 2, 2, 2, 2, 2, 2, 2, 2, 2, 
    2, 2, 2, 2, 2, 2, 2, 2, 2, 2, 2, 2, 2, 2, 2, 2, 2, 2, 2, 2, 2, 2, 2, 2, 2, 
    2, 2, 2, 2, 2, 2, 2, 2, 2, 2, 2, 2, 2, 2, 2, 2, 2, 2 ], c3 := [ 
    IntegerRing() | 3, 3, 3, 3, 3, 3, 3, 3, 3, 3, 3, 3, 3, 3, 3, 3, 3, 3, 3, 3, 
    3, 3, 3, 3, 3, 3, 3, 3, 3, 3, 3, 3, 3, 3, 3, 3, 3, 3, 3, 3, 3, 3, 3, 3, 3, 
    3, 3, 3 ], gc := [ IntegerRing() | 2, 2, 2, 2, 2, 2, 2, 2, 8 ], special_name
    := [], special_name_html := [], direct_subgroups := [ IntegerRing() | 7541, 
    7562, 7560, 7565, 7568 ], direct_supergroups := [ IntegerRing() | 776, 1236 
    ], length := 24, treename := [ PowerSequence(IntegerRing()) |
        [ IntegerRing() | 384, 3, 2, 9, 5, 26, 10 ],
        [ IntegerRing() | 384, 3, 2, 9, 5, 26, 11 ],
        [ IntegerRing() | 384, 4, 3, 4, 6, 4, 2 ],
        [ IntegerRing() | 480, 6, 5, 14, 16, 4, 19 ],
        [ IntegerRing() | 480, 6, 5, 14, 16, 4, 51 ],
        [ IntegerRing() | 480, 7, 8, 11, 9, 14, 5 ],
        [ IntegerRing() | 576, 4, 3, 5, 5, 16, 12 ],
        [ IntegerRing() | 576, 4, 3, 5, 5, 16, 13 ],
        [ IntegerRing() | 576, 5, 6, 10, 6, 6, 3 ]
    ], treesupergroups := [ PowerSequence(IntegerRing()) |
        [ IntegerRing() | 384, 3, 2, 9, 5, 26 ],
        [ IntegerRing() | 384, 3, 2, 9, 5, 26 ],
        [ IntegerRing() | 384, 4, 3, 4, 6, 4 ],
        [ IntegerRing() | 480, 6, 5, 14, 16, 4 ],
        [ IntegerRing() | 480, 6, 5, 14, 16, 4 ],
        [ IntegerRing() | 480, 7, 8, 11, 9, 14 ],
        [ IntegerRing() | 576, 4, 3, 5, 5, 16 ],
        [ IntegerRing() | 576, 4, 3, 5, 5, 16 ],
        [ IntegerRing() | 576, 5, 6, 10, 6, 6 ]
    ]>,
    rec<recformat<generators: SeqEnum, level: IntegerRing(), genus: 
    IntegerRing(), index: IntegerRing(), contains_minus_one: BoolElt, subgroups:
    SeqEnum, supergroups: SeqEnum, name: MonStgElt, label: MonStgElt, order: 
    IntegerRing(), GLZConj: IntegerRing(), matgens: SeqEnum, cusps: SeqEnum, c2:
    SeqEnum, c3: SeqEnum, gc: SeqEnum, projections: SeqEnum, special_name: 
    SeqEnum, special_name_html: SeqEnum, direct_subgroups: SeqEnum, 
    direct_supergroups: SeqEnum, length: IntegerRing(), treename: SeqEnum, 
    treesupergroups: SeqEnum> | generators := [ PowerSequence(IntegerRing()) |
        [ IntegerRing() | -1, -1, 2, 2, 2, 2, 2, 2, 2, 2, 2, 2, 2, 2, 2, 2, 2, 
        2, 2, 2, 2, 2, 2, 2, 2, 2, 2, 2, 2, 2, 2, 2, 2, 2, 1, 2, 2, 2, 2, 2, 2, 
        2, 2, 2, 2, 2, 2, 2, 2, 2, 2, 2, 2, 2, 2, 2, 2, 2, 2, 2, 2, 2, 2, 2, 2, 
        2, 2, -1, 2, 2, 2, 2, 2, 2, 2, 2, 2, 2, 2, 2, 2, 2, 2, 2, 2, 2, 2, 2, 2,
        2, 2, 2, 2, 2, 2, 2, 2, 2, 2, 2, 2, 2, 2, 2, 2, 2, 2, 2, 2, 2, 2, 2, 2, 
        2, 2, 2, 2, 2, 2, 2, 2, 2, 2, 2, 2, 2, 2, 2, 2, 2, 2, 2, 1, 2, 2, 1, 1, 
        1, -2, -2, -2, -2, -2, -2, -2, -2, -2, -2, -2, -2, -2, -2, 1, 2, 1 ],
        [ IntegerRing() | -1, -1, 2, 2, 2, 2, 2, 2, 2, 2, 2, 2, 2, 2, 2, 2, 2, 
        2, 2, 2, 2, 2, 2, 2, 2, 2, 2, 2, 2, 2, 2, 2, 2, 2, 2, 2, 2, 2, 2, 2, 2, 
        2, 2, 2, 2, 2, 2, 2, 2, 2, 2, 2, 2, 2, 2, 2, 2, 2, 2, 2, 2, 2, 2, 2, 2, 
        2, 1, -2, -2, -2, -2, -2, -2, -2, -2, -2, -2, -2, -2, -2, -2, -2, -2, 
        -2, -2, -2, -2, -2, -2, 1, 1, 1, -2, -2, -2, -2, -2, -2, -2, -2, -2, -2,
        -2, -2, 1, -2, -2, 1, -2, -2, -2, -2 ],
        [ IntegerRing() | -1, 2, 2, 2, 2, 2, 2, 2, 2, 2, 2, 2, 2, 2, 2, 2, 2, 2,
        2, 2, 2, 2, 2, 2, 2, 2, 2, 2, 2, 2, 2, 2, 2, -1, 2, 2, 2, 2, 2, 2, 2, 2,
        2, 2, 2, 2, 2, 2, 2, 2, 2, 2, 2, 2, 2, 2, 2, 2, 2, 2, 2, 2, 2, 2, 2, 2, 
        2, 2, 2, 2, 2, 2, 2, 2, 2, 2, 2, 2, 2, 2, 2, 2, 2, 2, 2, 2, 2, 2, 2, 2, 
        2, 2, 2, 2, 2, 2, 2, 2, 1, -2, -2, -2, -2, -2, -2, -2, -2, -2, -2, -2, 
        -2, -2, -2, -2, -2, -2, -2, -2, -2, -2, -2, -2, -2, -2, -2, -2, -2, 1, 
        -2, -2, 1, -2, -2, 1, -2, -2, -2, -2, 1, -2, -2, 1, -2, -2, -2, -2, -2, 
        -2, -2, -2, -2, -2 ],
        [ IntegerRing() | -1, -1, 2, 2, 2, 2, 2, 2, 2, 2, 2, 2, 2, 2, 2, 2, 2, 
        2, 2, 2, 2, 2, 2, 2, 2, 2, 2, 2, 2, 2, 2, 2, 2, 2, 1, 2, 2, 2, 2, 2, 2, 
        2, 2, 2, 2, 2, 2, 2, 2, 2, 2, 2, 2, 2, 2, 2, 2, 2, 2, 2, 2, 2, 2, 2, 2, 
        2, 2, -1, 2, 2, 2, 2, 2, 2, 2, 2, 2, 2, 2, 2, 2, 2, 2, 2, 2, 2, 2, 2, 2,
        2, 2, 2, 2, 2, 2, 2, 2, 2, 2, 2, 1, -2, -2, -2, -2, -2, -2, 1, 1, 1, -2,
        -2, -2, -2, -2, -2, -2, -2, 1, -2, -2, 1, -2, -2, -2, -2, -2, -2, -2, -2
        ],
        [ IntegerRing() | -1, 2, 2, 2, 2, 2, 2, 2, 2, 2, 2, 2, 2, 2, 2, 2, 2, 2,
        2, 2, 2, 2, 2, 2, 2, 2, 2, 2, 2, 2, 2, 2, 2, 2, 2, 2, 2, 2, 2, 2, 2, 2, 
        2, 2, 2, 2, 2, 2, 2, 1 ],
        [ IntegerRing() | -1, -1, 2, 2, 2, 2, 2, 2, 2, 2, 2, 2, 2, 2, 2, 2, 2, 
        2, 2, 2, 2, 2, 2, 2, 2, 2, 2, 2, 2, 2, 2, 2, 2, 2, 1, 2, 2, 2, 2, 2, 2, 
        2, 2, 2, 2, 2, 2, 2, 2, 2, 2, 2, 2, 2, 2, 2, 2, 2, 2, 2, 2, 2, 2, 2, 2, 
        2, 2, -1, 2, 2, 2, 2, 2, 2, 2, 2, 2, 2, 2, 2, 2, 2, 2, 2, 2, 2, 2, 2, 2,
        2, 2, 2, 2, 2, 2, 2, 2, 2, 2, 2, 2, 2, 2, 2, 2, 2, 2, 2, 2, 2, 2, 2, 2, 
        2, 2, 2, 2, 2, 2, 2, 2, 2, 2, 2, 2, 2, 2, 2, 2, 2, 2, 2, 1, 2, 2, 2, 2, 
        2, 2, 2, 2, 2, 2, 2, 2, 2, 2, 2, 2, 2, 2, 2, 2, 2, 2, 2, 2, 2, 2, 1, 1, 
        1, -2, -2, -2, -2, -2, -2, 1, -2, -2, 1, -2, -2, -2, -2, 1, -2, -2, 1, 
        -2, -2 ],
        [ IntegerRing() | -1, -1, 2, 2, 2, 2, 2, 2, 2, 2, 2, 2, 2, 2, 2, 2, 2, 
        2, 2, 2, 2, 2, 2, 2, 2, 2, 2, 2, 2, 2, 2, 2, 2, 2, 2, 2, 2, 2, 2, 2, 2, 
        2, 2, 2, 2, 2, 2, 2, 2, 2, 2, 2, 2, 2, 2, 2, 2, 2, 2, 2, 2, 2, 2, 2, 2, 
        2, 1, 2, 2, 2, 2, 2, 2, 2, 2, 2, 2, 2, 2, 2, 2, 2, 2, 2, 2, 2, 2, 2, 2, 
        2, 2, 2, 2, 2, 2, 2, 2, 2, 2, -1, 2, 2, 2, 2, 2, 2, 2, 2, 2, 2, 2, 2, 2,
        2, 2, 2, 2, 2, 2, 2, 2, 2, 2, 2, 2, 2, 2, 2, 2, 2, 2, 2, 2, 2, 2, 2, 2, 
        2, 2, 2, 2, 2, 2, 2, 2, 2, 2, 2, 2, 2, 2, 2, 2, 2, 2, 2, 2, 2, 2, 2, 2, 
        2, 2, 2, 1, 2, 2, 2, 2, 2, 2, 2, 2, 2, 2, 2, 2, 2, 2, 2, 2, 2, 2, 2, 2, 
        2, 2, 2, 2, 2, 2, 2, 2, 2, 2, 2, 2, 1 ],
        [ IntegerRing() | -1, 2, 2, 2, 2, 2, 2, 2, 2, 2, 2, 2, 2, 2, 2, 2, 2, 2,
        2, 2, 2, 2, 2, 2, 2, 2, 2, 2, 2, 2, 2, 2, 2, -1, 2, 2, 2, 2, 2, 2, 2, 2,
        2, 2, 2, 2, 2, 2, 2, 2, 2, 2, 2, 2, 2, 2, 2, 2, 2, 2, 2, 2, 2, 2, 2, 2, 
        2, 2, 2, 2, 2, 2, 2, 2, 2, 2, 2, 2, 2, 2, 2, 2, 2, 2, 2, 2, 2, 2, 2, 2, 
        2, 2, 2, 2, 2, 2, 2, 2, 1, 2, 2, 2, 2, 2, 2, 1, -2, -2, -2, -2, -2, -2, 
        -2, -2, -2, -2, 1, -2, -2, 1, -2, -2, -2, -2, -2, -2 ],
        [ IntegerRing() | -1, 2, 2, 2, 2, 2, 2, 2, 2, 2, 2, 2, 2, 2, 2, 2, 2, 2,
        2, 2, 2, 2, 2, 2, 2, 2, 2, 2, 2, 2, 2, 2, 2, -1, 2, 2, 2, 2, 2, 2, 2, 2,
        2, 2, 2, 2, 2, 2, 2, 2, 2, 2, 2, 2, 2, 2, 2, 2, 2, 2, 2, 2, 2, 2, 2, 2, 
        2, 2, 2, 2, 2, 2, 2, 2, 2, 2, 2, 2, 2, 2, 2, 2, 2, 2, 2, 2, 2, 2, 2, 2, 
        2, 2, 2, 2, 2, 2, 2, 2, 1, 1, 1, 1, -2, -2, -2, -2, -2, -2, 1, -2, -2, 
        -2, -2, 1, -2, -2 ],
        [ IntegerRing() | -1, -1, 2, 2, 2, 2, 2, 2, 2, 2, 2, 2, 2, 2, 2, 2, 2, 
        2, 2, 2, 2, 2, 2, 2, 2, 2, 2, 2, 2, 2, 2, 2, 2, 2, 1, 2, 2, 2, 2, 2, 2, 
        2, 2, 2, 2, 2, 2, 2, 2, 2, 2, 2, 2, 2, 2, 2, 2, 2, 2, 2, 2, 2, 2, 2, 2, 
        2, 2, 2, 2, 2, 2, 2, 2, 2, 2, 2, 2, 2, 2, 2, 2, 2, 2, 2, 2, 1, 1, 1, -2,
        -2, -2, -2, -2, -2, 1, -2, -2, 1, -2, -2, -2, -2, 1, -2, -2, 1, -2, -2 
        ],
        [ IntegerRing() | -1, 2, 2, 2, 2, 2, 2, 1, 1, 1, -2, -2, 1, -2, -2, 1, 
        -2, -2, 1, -2, -2, -2, -2, -2, -2, 1 ],
        [ IntegerRing() | -1, 2, 2, 2, 2, 2, 2, 2, 2, 2, 2, 2, 2, 2, 2, 2, 2, 2,
        2, 2, 2, 2, 2, 2, 2, 2, 2, 2, 2, 2, 2, 2, 2, -1, 2, 2, 2, 2, 2, 2, 2, 2,
        2, 2, 2, 2, 2, 2, 2, 2, 2, 2, 2, 2, 2, 2, 2, 2, 2, 2, 2, 2, 2, 2, 2, 2, 
        1, -2, -2, -2, -2, -2, -2, 1, 1, 1, -2, -2, -2, -2, -2, -2, 1, -2, -2, 
        1, -2, -2, -2, -2, 1, -2, -2, 1, -2, -2 ]
    ], level := 96, genus := 12, index := 144, contains_minus_one := true, 
    subgroups := [ IntegerRing() | 7547, 7553, 7555, 7561, 7559, 7566, 7568, 
    7569, 7570 ], supergroups := [ IntegerRing() | 1236 ], name := "96C12", 
    label := "C", order := 4096, GLZConj := 1, matgens := [ 
        PowerSequence(IntegerRing(96)) |
        [ IntegerRing(96) | 1, 0, 48, 1 ],
        [ IntegerRing(96) | 31, 28, 70, 23 ],
        [ IntegerRing(96) | 41, 72, 36, 89 ],
        [ IntegerRing(96) | 49, 0, 48, 49 ],
        [ IntegerRing(96) | 49, 48, 72, 49 ],
        [ IntegerRing(96) | 63, 92, 94, 87 ],
        [ IntegerRing(96) | 65, 0, 0, 65 ],
        [ IntegerRing(96) | 73, 48, 72, 25 ],
        [ IntegerRing(96) | 75, 92, 46, 27 ],
        [ IntegerRing(96) | 79, 82, 1, 29 ],
        [ IntegerRing(96) | 83, 24, 12, 59 ],
        [ IntegerRing(96) | 95, 60, 6, 23 ]
    ], cusps := [ IntegerRing() | 48, 96 ], c2 := [ IntegerRing() | 2, 2, 2, 2, 
    2, 2, 2, 2, 2, 2, 2, 2, 2, 2, 2, 2, 2, 2, 2, 2, 2, 2, 2, 2, 2, 2, 2, 2, 2, 
    2, 2, 2, 2, 2, 2, 2, 2, 2, 2, 2, 2, 2, 2, 2, 2, 2, 2, 2, 2, 2, 2, 2, 2, 2, 
    2, 2, 2, 2, 2, 2, 2, 2, 2, 2, 2, 2, 2, 2, 2, 2, 2, 2 ], c3 := [ 
    IntegerRing() | 3, 3, 3, 3, 3, 3, 3, 3, 3, 3, 3, 3, 3, 3, 3, 3, 3, 3, 3, 3, 
    3, 3, 3, 3, 3, 3, 3, 3, 3, 3, 3, 3, 3, 3, 3, 3, 3, 3, 3, 3, 3, 3, 3, 3, 3, 
    3, 3, 3 ], gc := [ IntegerRing() | 2, 2, 2, 2, 2, 2, 2, 2, 4, 4, 4, 4, 4, 4,
    4, 4, 8, 16 ], special_name := [], special_name_html := [], direct_subgroups
    := [ IntegerRing() | 7547, 7553, 7555, 7561, 7559, 7566, 7568, 7569, 7570 ],
    direct_supergroups := [ IntegerRing() | 1236 ], length := 72, treename := [ 
        PowerSequence(IntegerRing()) |
        [ IntegerRing() | 384, 3, 2, 9, 5, 26, 4 ],
        [ IntegerRing() | 384, 3, 2, 9, 5, 26, 5 ],
        [ IntegerRing() | 384, 3, 2, 9, 5, 26, 8 ],
        [ IntegerRing() | 384, 3, 2, 9, 5, 26, 9 ],
        [ IntegerRing() | 384, 3, 2, 9, 5, 26, 38 ],
        [ IntegerRing() | 384, 3, 2, 9, 5, 26, 39 ],
        [ IntegerRing() | 480, 6, 5, 14, 16, 4, 23 ],
        [ IntegerRing() | 480, 6, 5, 14, 16, 4, 28 ],
        [ IntegerRing() | 480, 6, 5, 14, 16, 4, 32 ],
        [ IntegerRing() | 480, 6, 5, 14, 16, 4, 55 ],
        [ IntegerRing() | 480, 6, 5, 14, 16, 4, 60 ],
        [ IntegerRing() | 480, 6, 5, 14, 16, 4, 64 ],
        [ IntegerRing() | 576, 4, 3, 5, 5, 16, 8 ],
        [ IntegerRing() | 576, 4, 3, 5, 5, 16, 9 ],
        [ IntegerRing() | 576, 4, 3, 5, 5, 16, 16 ],
        [ IntegerRing() | 576, 4, 3, 5, 5, 16, 17 ],
        [ IntegerRing() | 576, 4, 3, 5, 5, 16, 52 ],
        [ IntegerRing() | 576, 4, 3, 5, 5, 16, 53 ]
    ], treesupergroups := [ PowerSequence(IntegerRing()) |
        [ IntegerRing() | 384, 3, 2, 9, 5, 26 ],
        [ IntegerRing() | 384, 3, 2, 9, 5, 26 ],
        [ IntegerRing() | 384, 3, 2, 9, 5, 26 ],
        [ IntegerRing() | 384, 3, 2, 9, 5, 26 ],
        [ IntegerRing() | 384, 3, 2, 9, 5, 26 ],
        [ IntegerRing() | 384, 3, 2, 9, 5, 26 ],
        [ IntegerRing() | 480, 6, 5, 14, 16, 4 ],
        [ IntegerRing() | 480, 6, 5, 14, 16, 4 ],
        [ IntegerRing() | 480, 6, 5, 14, 16, 4 ],
        [ IntegerRing() | 480, 6, 5, 14, 16, 4 ],
        [ IntegerRing() | 480, 6, 5, 14, 16, 4 ],
        [ IntegerRing() | 480, 6, 5, 14, 16, 4 ],
        [ IntegerRing() | 576, 4, 3, 5, 5, 16 ],
        [ IntegerRing() | 576, 4, 3, 5, 5, 16 ],
        [ IntegerRing() | 576, 4, 3, 5, 5, 16 ],
        [ IntegerRing() | 576, 4, 3, 5, 5, 16 ],
        [ IntegerRing() | 576, 4, 3, 5, 5, 16 ],
        [ IntegerRing() | 576, 4, 3, 5, 5, 16 ]
    ]>,
    rec<recformat<generators: SeqEnum, level: IntegerRing(), genus: 
    IntegerRing(), index: IntegerRing(), contains_minus_one: BoolElt, subgroups:
    SeqEnum, supergroups: SeqEnum, name: MonStgElt, label: MonStgElt, order: 
    IntegerRing(), GLZConj: IntegerRing(), matgens: SeqEnum, cusps: SeqEnum, c2:
    SeqEnum, c3: SeqEnum, gc: SeqEnum, projections: SeqEnum, special_name: 
    SeqEnum, special_name_html: SeqEnum, direct_subgroups: SeqEnum, 
    direct_supergroups: SeqEnum, length: IntegerRing(), treename: SeqEnum, 
    treesupergroups: SeqEnum> | generators := [ PowerSequence(IntegerRing()) |
        [ IntegerRing() | -1, -1, 2, 2, 2, 2, 2, 2, 2, 2, 2, 2, 2, 2, 2, 2, 2, 
        2, 2, 2, 2, 2, 2, 2, 2, 2, 2, 2, 2, 2, 2, 2, 2, 2, 1, 2, 2, 2, 2, 2, 2, 
        2, 2, 2, 2, 2, 2, 2, 2, 2, 2, 2, 2, 2, 2, 2, 2, 2, 2, 2, 2, 2, 2, 2, 2, 
        2, 2, -1, 2, 2, 2, 2, 2, 2, 2, 2, 2, 2, 2, 2, 2, 2, 2, 2, 2, 2, 2, 2, 2,
        2, 2, 2, 2, 2, 2, 2, 2, 2, 2, 2, 2, 2, 2, 2, 2, 2, 2, 2, 2, 2, 2, 2, 2, 
        2, 2, 2, 2, 2, 2, 2, 2, 2, 2, 2, 2, 2, 2, 2, 2, 2, 2, 2, 1, 2, 2, 1, 1, 
        1, -2, -2, -2, -2, -2, -2, -2, -2, -2, -2, -2, -2, -2, -2, 1, 2, 1 ],
        [ IntegerRing() | -1, 2, 2, 2, 2, 2, 2, 2, 2, 2, 2, 2, 2, 2, 2, 2, 2, 2,
        2, 2, 2, 2, 2, 2, 2, 2, 2, 2, 2, 2, 2, 2, 2, 2, 2, 2, 2, 2, 2, 2, 2, 2, 
        2, 2, 2, 2, 2, 2, 2, 1 ],
        [ IntegerRing() | -1, -1, 2, 2, 2, 2, 2, 2, 2, 2, 2, 2, 2, 2, 2, 2, 2, 
        2, 2, 2, 2, 2, 2, 2, 2, 2, 2, 2, 2, 2, 2, 2, 2, 2, 2, 2, 2, 2, 2, 2, 2, 
        2, 2, 2, 2, 2, 2, 2, 2, 2, 2, 2, 2, 2, 2, 2, 2, 2, 2, 2, 2, 2, 2, 2, 2, 
        2, 1, -2, -2, -2, -2, -2, -2, -2, -2, -2, -2, -2, -2, -2, -2, -2, -2, 
        -2, -2, -2, -2, -2, -2, 1, 1, 1, -2, -2, -2, -2, -2, -2, -2, -2, -2, -2,
        -2, -2, 1, -2, -2, 1, -2, -2, -2, -2 ],
        [ IntegerRing() | -1, 2, 2, 2, 2, 2, 2, 2, 2, 2, 2, 2, 2, 2, 2, 2, 2, 2,
        2, 2, 2, 2, 2, 2, 2, 2, 2, 2, 2, 2, 2, 2, 2, -1, 2, 2, 2, 2, 2, 2, 2, 2,
        2, 2, 2, 2, 2, 2, 2, 2, 2, 2, 2, 2, 2, 2, 2, 2, 2, 2, 2, 2, 2, 2, 2, 2, 
        2, 2, 2, 2, 2, 2, 2, 2, 2, 2, 2, 2, 2, 2, 2, 2, 2, 2, 2, 2, 2, 2, 2, 2, 
        2, 2, 2, 2, 2, 2, 2, 2, 1, -2, -2, -2, -2, -2, -2, -2, -2, -2, -2, -2, 
        -2, -2, -2, -2, -2, -2, -2, -2, -2, -2, -2, -2, -2, -2, -2, -2, -2, 1, 
        -2, -2, 1, -2, -2, 1, -2, -2, -2, -2, 1, -2, -2, 1, -2, -2, -2, -2, -2, 
        -2, -2, -2, -2, -2 ],
        [ IntegerRing() | -1, -1, 2, 2, 2, 2, 2, 2, 2, 2, 2, 2, 2, 2, 2, 2, 2, 
        2, 2, 2, 2, 2, 2, 2, 2, 2, 2, 2, 2, 2, 2, 2, 2, 2, 1, 2, 2, 2, 2, 2, 2, 
        2, 2, 2, 2, 2, 2, 2, 2, 2, 2, 2, 2, 2, 2, 2, 2, 2, 2, 2, 2, 2, 2, 2, 2, 
        2, 2, -1, 2, 2, 2, 2, 2, 2, 2, 2, 2, 2, 2, 2, 2, 2, 2, 2, 2, 2, 2, 2, 2,
        2, 2, 2, 2, 2, 2, 2, 2, 2, 2, 2, 1, -2, -2, -2, -2, -2, -2, 1, 1, 1, -2,
        -2, -2, -2, -2, -2, -2, -2, 1, -2, -2, 1, -2, -2, -2, -2, -2, -2, -2, -2
        ],
        [ IntegerRing() | -1, 2, 2, 2, 2, 2, 2, 2, 2, 2, 2, 2, 2, 2, 2, 2, 2, 2,
        2, 2, 2, 2, 2, 2, 2, 2, 2, 2, 2, 2, 2, 2, 2, -1, 2, 2, 2, 2, 2, 2, 2, 2,
        2, 2, 2, 2, 2, 2, 2, 2, 2, 2, 2, 2, 2, 2, 2, 2, 2, 2, 2, 2, 2, 2, 2, 2, 
        2, 2, 2, 2, 2, 2, 2, 2, 2, 2, 2, 2, 2, 2, 2, 2, 2, 2, 2, 2, 2, 2, 2, 2, 
        2, 2, 2, 2, 2, 2, 2, 2, 1, 2, 2, 2, 2, 2, 2, 1, -2, -2, -2, -2, -2, -2, 
        -2, -2, -2, -2, 1, -2, -2, 1, -2, -2, -2, -2, -2, -2 ],
        [ IntegerRing() | -1, -1, 2, 2, 2, 2, 2, 2, 2, 2, 2, 2, 2, 2, 2, 2, 2, 
        2, 2, 2, 2, 2, 2, 2, 2, 2, 2, 2, 2, 2, 2, 2, 2, 2, 2, 2, 2, 2, 2, 2, 2, 
        2, 2, 2, 2, 2, 2, 2, 2, 2, 2, 2, 2, 2, 2, 2, 2, 2, 2, 2, 2, 2, 2, 2, 2, 
        2, 1, 2, 2, 2, 2, 2, 2, 2, 2, 2, 2, 2, 2, 2, 2, 2, 2, 2, 2, 2, 2, 2, 2, 
        2, 2, 2, 2, 2, 2, 2, 2, 2, 2, -1, 2, 2, 2, 2, 2, 2, 2, 2, 2, 2, 2, 2, 2,
        2, 2, 2, 2, 2, 2, 2, 2, 2, 2, 2, 2, 2, 2, 2, 2, 2, 2, 2, 2, 2, 2, 2, 2, 
        2, 2, 2, 2, 2, 2, 2, 2, 2, 2, 2, 2, 2, 2, 2, 2, 2, 2, 2, 2, 2, 2, 2, 2, 
        2, 2, 2, 1, 2, 2, 2, 2, 2, 2, 2, 2, 2, 2, 2, 2, 2, 2, 2, 2, 2, 2, 2, 2, 
        2, 2, 2, 2, 2, 2, 2, 2, 2, 2, 2, 2, 1 ],
        [ IntegerRing() | -1, 2, 2, 2, 2, 2, 2, 2, 2, 2, 2, 2, 2, 2, 2, 2, 2, 2,
        2, 2, 2, 2, 2, 2, 2, 2, 2, 2, 2, 2, 2, 2, 2, -1, 2, 2, 2, 2, 2, 2, 2, 2,
        2, 2, 2, 2, 2, 2, 2, 2, 2, 2, 2, 2, 2, 2, 2, 2, 2, 2, 2, 2, 2, 2, 2, 2, 
        2, 2, 2, 2, 2, 2, 2, 2, 2, 2, 2, 2, 2, 2, 2, 2, 2, 2, 2, 2, 2, 2, 2, 2, 
        2, 2, 2, 2, 2, 2, 2, 2, 1, 1, 1, 1, -2, -2, -2, -2, -2, -2, 1, -2, -2, 
        -2, -2, 1, -2, -2 ],
        [ IntegerRing() | -1, -1, 2, 2, 2, 2, 2, 2, 2, 2, 2, 2, 2, 2, 2, 2, 2, 
        2, 2, 2, 2, 2, 2, 2, 2, 2, 2, 2, 2, 2, 2, 2, 2, 2, 1, 2, 2, 2, 2, 2, 2, 
        2, 2, 2, 2, 2, 2, 2, 2, 2, 2, 2, 2, 2, 2, 2, 2, 2, 2, 2, 2, 2, 2, 2, 2, 
        2, 2, -1, 2, 2, 2, 2, 2, 2, 2, 2, 2, 2, 2, 2, 2, 2, 2, 2, 2, 2, 2, 2, 2,
        2, 2, 2, 2, 2, 2, 2, 2, 2, 2, 2, 1, 1 ],
        [ IntegerRing() | -1, 2, 2, 2, 2, 2, 2, 1, 1, 1, -2, -2, 1, -2, -2, 1, 
        -2, -2, 1, -2, -2, -2, -2, -2, -2, 1 ],
        [ IntegerRing() | -1, -1, 2, 2, 2, 2, 2, 2, 2, 2, 2, 2, 2, 2, 2, 2, 2, 
        2, 2, 2, 2, 2, 2, 2, 2, 2, 2, 2, 2, 2, 2, 2, 2, 2, 1, 2, 2, 2, 2, 2, 2, 
        2, 2, 2, 2, 2, 2, 2, 2, 2, 2, 2, 2, 2, 2, 2, 2, 2, 2, 2, 2, 2, 2, 2, 2, 
        2, 2, 2, 2, 2, 2, 2, 2, 2, 2, 2, 2, 2, 2, 2, 2, 2, 2, 2, 2, 1, 1, 1, -2,
        -2, -2, -2, -2, -2, 1, -2, -2, 1, -2, -2, -2, -2, 1, -2, -2, 1, -2, -2 
        ],
        [ IntegerRing() | -1, 2, 2, 2, 2, 2, 2, 2, 2, 2, 2, 2, 2, 2, 2, 2, 2, 2,
        2, 2, 2, 2, 2, 2, 2, 2, 2, 2, 2, 2, 2, 2, 2, -1, 2, 2, 2, 2, 2, 2, 2, 2,
        2, 2, 2, 2, 2, 2, 2, 2, 2, 2, 2, 2, 2, 2, 2, 2, 2, 2, 2, 2, 2, 2, 2, 2, 
        1, -2, -2, -2, -2, -2, -2, 1, 1, 1, -2, -2, -2, -2, -2, -2, 1, -2, -2, 
        1, -2, -2, -2, -2, 1, -2, -2, 1, -2, -2 ]
    ], level := 96, genus := 12, index := 144, contains_minus_one := true, 
    subgroups := [ IntegerRing() | 7548, 7554, 7556, 7562, 7560, 7566, 7567, 
    7569, 7570 ], supergroups := [ IntegerRing() | 1236 ], name := "96D12", 
    label := "D", order := 4096, GLZConj := 1, matgens := [ 
        PowerSequence(IntegerRing(96)) |
        [ IntegerRing(96) | 1, 0, 48, 1 ],
        [ IntegerRing(96) | 31, 28, 70, 23 ],
        [ IntegerRing(96) | 33, 32, 64, 33 ],
        [ IntegerRing(96) | 41, 72, 36, 89 ],
        [ IntegerRing(96) | 49, 0, 48, 49 ],
        [ IntegerRing(96) | 49, 48, 72, 49 ],
        [ IntegerRing(96) | 63, 92, 94, 87 ],
        [ IntegerRing(96) | 65, 0, 0, 65 ],
        [ IntegerRing(96) | 73, 48, 72, 25 ],
        [ IntegerRing(96) | 75, 92, 46, 27 ],
        [ IntegerRing(96) | 79, 82, 1, 29 ],
        [ IntegerRing(96) | 83, 24, 12, 59 ]
    ], cusps := [ IntegerRing() | 48, 96 ], c2 := [ IntegerRing() | 2, 2, 2, 2, 
    2, 2, 2, 2, 2, 2, 2, 2, 2, 2, 2, 2, 2, 2, 2, 2, 2, 2, 2, 2, 2, 2, 2, 2, 2, 
    2, 2, 2, 2, 2, 2, 2, 2, 2, 2, 2, 2, 2, 2, 2, 2, 2, 2, 2, 2, 2, 2, 2, 2, 2, 
    2, 2, 2, 2, 2, 2, 2, 2, 2, 2, 2, 2, 2, 2, 2, 2, 2, 2 ], c3 := [ 
    IntegerRing() | 3, 3, 3, 3, 3, 3, 3, 3, 3, 3, 3, 3, 3, 3, 3, 3, 3, 3, 3, 3, 
    3, 3, 3, 3, 3, 3, 3, 3, 3, 3, 3, 3, 3, 3, 3, 3, 3, 3, 3, 3, 3, 3, 3, 3, 3, 
    3, 3, 3 ], gc := [ IntegerRing() | 2, 2, 2, 2, 2, 2, 2, 2, 4, 4, 4, 4, 4, 4,
    4, 4, 8, 16 ], special_name := [], special_name_html := [], direct_subgroups
    := [ IntegerRing() | 7548, 7554, 7556, 7562, 7560, 7566, 7567, 7569, 7570 ],
    direct_supergroups := [ IntegerRing() | 1236 ], length := 72, treename := [ 
        PowerSequence(IntegerRing()) |
        [ IntegerRing() | 384, 3, 2, 9, 5, 26, 6 ],
        [ IntegerRing() | 384, 3, 2, 9, 5, 26, 7 ],
        [ IntegerRing() | 384, 3, 2, 9, 5, 26, 36 ],
        [ IntegerRing() | 384, 3, 2, 9, 5, 26, 37 ],
        [ IntegerRing() | 384, 3, 2, 9, 5, 26, 40 ],
        [ IntegerRing() | 384, 3, 2, 9, 5, 26, 41 ],
        [ IntegerRing() | 480, 6, 5, 14, 16, 4, 7 ],
        [ IntegerRing() | 480, 6, 5, 14, 16, 4, 12 ],
        [ IntegerRing() | 480, 6, 5, 14, 16, 4, 16 ],
        [ IntegerRing() | 480, 6, 5, 14, 16, 4, 39 ],
        [ IntegerRing() | 480, 6, 5, 14, 16, 4, 44 ],
        [ IntegerRing() | 480, 6, 5, 14, 16, 4, 48 ],
        [ IntegerRing() | 576, 4, 3, 5, 5, 16, 5 ],
        [ IntegerRing() | 576, 4, 3, 5, 5, 16, 56 ],
        [ IntegerRing() | 576, 4, 3, 5, 5, 16, 57 ],
        [ IntegerRing() | 576, 4, 3, 5, 5, 16, 62 ],
        [ IntegerRing() | 576, 4, 3, 5, 5, 16, 63 ],
        [ IntegerRing() | 576, 4, 3, 5, 5, 16, 66 ]
    ], treesupergroups := [ PowerSequence(IntegerRing()) |
        [ IntegerRing() | 384, 3, 2, 9, 5, 26 ],
        [ IntegerRing() | 384, 3, 2, 9, 5, 26 ],
        [ IntegerRing() | 384, 3, 2, 9, 5, 26 ],
        [ IntegerRing() | 384, 3, 2, 9, 5, 26 ],
        [ IntegerRing() | 384, 3, 2, 9, 5, 26 ],
        [ IntegerRing() | 384, 3, 2, 9, 5, 26 ],
        [ IntegerRing() | 480, 6, 5, 14, 16, 4 ],
        [ IntegerRing() | 480, 6, 5, 14, 16, 4 ],
        [ IntegerRing() | 480, 6, 5, 14, 16, 4 ],
        [ IntegerRing() | 480, 6, 5, 14, 16, 4 ],
        [ IntegerRing() | 480, 6, 5, 14, 16, 4 ],
        [ IntegerRing() | 480, 6, 5, 14, 16, 4 ],
        [ IntegerRing() | 576, 4, 3, 5, 5, 16 ],
        [ IntegerRing() | 576, 4, 3, 5, 5, 16 ],
        [ IntegerRing() | 576, 4, 3, 5, 5, 16 ],
        [ IntegerRing() | 576, 4, 3, 5, 5, 16 ],
        [ IntegerRing() | 576, 4, 3, 5, 5, 16 ],
        [ IntegerRing() | 576, 4, 3, 5, 5, 16 ]
    ]>,
    rec<recformat<generators: SeqEnum, level: IntegerRing(), genus: 
    IntegerRing(), index: IntegerRing(), contains_minus_one: BoolElt, subgroups:
    SeqEnum, supergroups: SeqEnum, name: MonStgElt, label: MonStgElt, order: 
    IntegerRing(), GLZConj: IntegerRing(), matgens: SeqEnum, cusps: SeqEnum, c2:
    SeqEnum, c3: SeqEnum, gc: SeqEnum, projections: SeqEnum, special_name: 
    SeqEnum, special_name_html: SeqEnum, direct_subgroups: SeqEnum, 
    direct_supergroups: SeqEnum, length: IntegerRing(), treename: SeqEnum, 
    treesupergroups: SeqEnum> | generators := [ PowerSequence(IntegerRing()) |
        [ IntegerRing() | -1, 2, 2, 2, 2, 2, 2, 2, 2, 2, 2, 2, 2, 2, 2, 2, 2, 2,
        2, 2, 2, 2, 2, -1, -2, -2, -2, -2, -2, -2, -2, -2, -2, -2, -2, -2, -2, 
        -2, -2, -2, -2, -2, -2, -2, 1, -2, -2, -1, -2, -2, -2, -2, -2, -2, -2, 
        -2, -2, 1, -2, -2, -2, -2, -2, -2, -2, -2, -2, -2, -2, -2, -2, -2, -2, 
        -2, -2, -2, -2, -2, -2, -2, -2, -2, -2, -2, -2, -2, -2, -2, -2, -2, -2, 
        -2, -2, -2, -2, -2, -2, -1, -2, -2, -2, -2, -2, -2, -2, -2, -2, -2, -2, 
        -2, -2, -2, -2, -2, -2, -2, -2, -2, -2, -2, -2, -2, -2, -2, -2, -2, -2, 
        -2, -2, -2, -2, -2, -2, -2, -2, -2, -2, -2, -2, -2, -2, -2, -2, -2, -2, 
        -2, -2, -2, -1, -2, -2, -2, -2, -2, -2, -2, -2, -2, -2, -2, -2, -2, -2, 
        -2, -2, -2, -2, -2, -2, 1, -2, -2, -1, -2, -2, -2, -2, -2, -2, -2, -2, 
        -2, 1, -2, -2, -2, -2, -2, -2, -2, -2, -2, -2, -2, -2, -2, -2, -2, -2, 
        -2, -2, -2, -2, -2, -2, -2, -2, -2, -2, -2, -2, -2, -2, -2, -2, -2, -2, 
        -2, -2, -2, -2, -2, -1, -2, -2, -2, -2, -2, -2, -2, -2, -2, -2, -2, -2, 
        -2, -2, -2, -2, -2, -2, -2, -2, -2, -2, -2, -2, -2, -2, -2, 1, -2, -1, 
        2, 2, 2, 2, 2, 2, 2, 2, 2, 2, 2, 2, 2, 2, 2, 2, 2, 2, 2, 2, 2, 2, 2, 2, 
        2, 2, 2, 2, 2, 2, 2, 2, 2, 2, 2, 2, 1, 2, 1, 2, 2, 2, -1 ],
        [ IntegerRing() | -1, 2, 2, 2, 2, 2, 2, 2, 2, 2, 2, 2, 2, 2, 2, 2, 2, 2,
        2, 2, 2, 2, 2, 2, 2, 2, 2, 2, 2, 2, 2, 2, 2, 2, 2, 2, 2, 2, 2, 2, 2, 2, 
        2, 2, 2, 2, 2, 2, 2, 2, 2, 2, 2, 2, 2, 1, -2, -1, 2, 2, 2, 2, 2, 2, 2, 
        2, 2, 1, 1, 2 ],
        [ IntegerRing() | -1, 2, 2, 2, 2, 2, 2, 2, 2, 2, 2, 2, 2, 2, 2, 2, 2, 2,
        2, 2, 2, 2, 2, -1, -2, -2, -2, -2, -2, -2, -2, -2, -2, -2, -2, -2, -2, 
        -2, -2, -2, -2, -2, -2, -2, 1, -2, -2, -1, -2, -2, -2, -2, -2, -2, -2, 
        -2, -2, 1, -2, -2, -2, -2, -2, -2, -2, -2, -2, -2, -2, -2, -2, -2, -2, 
        -2, -2, -2, -2, -2, -2, -2, -2, -2, -2, -2, -2, -2, -2, -2, -2, -2, -2, 
        -2, -2, -2, -2, -2, -2, -1, -2, -2, -2, -2, -2, -2, -2, -2, -2, -2, -2, 
        -2, -2, -2, -2, -2, -2, -2, -2, -2, -2, -2, -2, -2, -2, -2, -2, -2, -2, 
        -2, -2, -2, -2, -2, -2, -2, -2, -2, -2, -2, -2, -2, -2, -2, -2, -2, -2, 
        -2, -2, -2, -1, -2, -2, -2, -2, -2, -2, -2, -2, -2, -2, -2, -2, -2, -2, 
        -2, -2, -2, -2, -2, -2, 1, -2, -2, -1, -2, -2, -2, -2, -2, -2, -2, -2, 
        -2, 1, -2, -2, -2, -2, -2, -2, -2, -2, -2, -2, -2, -2, -2, -2, -2, -2, 
        -2, -2, -2, -2, -2, -2, -2, -2, -2, -2, -2, -2, -2, -2, -2, -2, -2, -2, 
        -2, -2, -2, -2, -2, -1, -2, -2, -2, -2, -2, -2, -2, -2, -2, -2, -2, -2, 
        -2, -2, -2, -2, -2, -2, -2, -2, -2, -2, -2, -2, -2, -2, -2, -2, -2, -2, 
        -2, -2, -2, -2, -2, -2, -2, -2, -2, -2, -2, -2, -2, -2, -2, -2, -2, -2, 
        -2, -2, -2, -2, -2, -2, 1, 2, 2, 2, 2, 2, 2, 2, 2, 2, 2, 2, 2, 2, 2, 2, 
        2, -1, 2, 2, 2, 2, 2, 2, 2, 2, 2, 1, 1, 2, 2, 1 ],
        [ IntegerRing() | -1, 2, 2, 2, 2, 2, 2, 2, 2, 2, 2, 2, 2, 2, 2, 2, 2, 2,
        2, 2, 2, 2, 2, -1, -2, -2, -2, -2, -2, -2, -2, -2, -2, -2, -2, -2, -2, 
        -2, -2, -2, -2, -2, -2, -2, 1, -2, -2, -1, -2, -2, -2, -2, -2, -2, -2, 
        -2, -2, 1, -2, -2, -2, -2, -2, -2, -2, -2, -2, -2, -2, -2, -2, -2, -2, 
        -2, -2, -2, -2, -2, -2, -2, -2, -2, -2, -2, -2, -2, -2, -2, -2, -2, -2, 
        -2, -2, -2, -2, -2, -2, -1, -2, -2, -2, -2, -2, -2, -2, -2, -2, -2, -2, 
        -2, -2, -2, -2, -2, -2, -2, -2, -2, -2, -2, -2, -2, -2, -2, -2, -2, -2, 
        -2, -2, -2, -2, -2, -2, -2, 1, 1, -2, -2, -2, -1 ],
        [ IntegerRing() | -1, 2, 2, 2, 2, 2, 2, 2, 2, 2, 2, 2, 2, 2, 2, 2, 2, 2,
        2, 2, 2, 2, 2, -1, -2, -2, -2, -2, -2, -2, -2, -2, -2, -2, -2, -2, -2, 
        -2, -2, -2, -2, -2, -2, -2, 1, -2, -2, -1, -2, -2, -2, -2, -2, -2, -2, 
        -2, -2, 1, -2, -2, -2, -2, -2, -2, -2, -2, -2, -2, -2, -2, -2, -2, -2, 
        -2, -2, -2, -2, -2, -2, -2, -2, -2, -2, -2, -2, -2, -2, -2, -2, -2, -2, 
        -2, -2, -2, -2, -2, -2, -1, -2, -2, -2, -2, -2, -2, -2, -2, -2, -2, -2, 
        -2, -2, -2, -2, -2, -2, -2, -2, -2, -2, -2, -2, -2, -2, -2, -2, -2, -2, 
        -2, -2, -2, -2, -2, -2, -2, -2, -2, -2, -2, -2, -2, -2, -2, -2, -2, -2, 
        -2, -2, -2, -1, -2, -2, -2, -2, -2, -2, -2, -2, -2, -2, -2, -2, -2, -2, 
        -2, -2, -2, -2, -2, -2, 1, -2, -2, -1, -2, -2, -2, -2, -2, -2, -2, -2, 
        -2, 1, -2, -2, -2, -2, -2, -2, -2, -2, -2, -2, -2, -2, -2, -2, -2, -2, 
        -2, -2, -2, -2, -2, -2, -2, -2, -2, -2, -2, -2, -2, -2, -2, -2, -2, -2, 
        -2, -2, -2, -2, -2, -1, -2, -2, -2, -2, -2, -2, -2, -2, -2, -2, -2, -2, 
        -2, -2, -2, -2, -2, -2, -2, -2, -2, -2, -2, -2, -2, -2, -2, -2, -2, -2, 
        -2, -2, -2, -2, -2, -2, -2, -2, -2, -2, -2, -2, -2, -2, -2, -2, -2, -2, 
        -2, -2, -2, -2, -2, -2, 1, 2, 2, 2, 2, 2, 2, 2, 2, 2, 2, 2, 2, -1, 2, 2,
        2, 2, 2, 2, 2, 2, 2, 1, 2, -1, 2, 2, 2, 2, 2, 2, 2, 2, 2, 2, 2, 2, 2, 2,
        2, 2, 2, 2, 1, 2, -1, 2, 2, 2, 2, 2, 2, 2, 2, 2, 1, 2, 1, 1 ],
        [ IntegerRing() | -1, 2, 2, 2, 2, 2, 2, 2, 2, 2, 2, 2, 2, 2, 2, 2, 2, 2,
        2, 2, 2, 2, 2, 2, 2, 2, 2, 2, 2, 2, 2, 2, 2, 2, 2, 2, 2, 2, 2, 2, 2, 2, 
        2, 2, 2, 2, 2, 2, 2, 2, 2, 2, 2, 2, 2, 2, 2, 2, 2, 2, 2, 2, 2, 2, 1, 2, 
        2, 2, 2, 2, 2, 2, 2, 2, 2, 2, 2, 2, 2, 2, 2, 2, 2, 2, 2, 2, 2, 2, 2, 2, 
        2, 2, 2, 2, 2, 2, 2, 2, 2, 2, 2, 2, 2, 2, 2, 2, 2, 2, 2, 2, 2, 2, 2, 2, 
        2, 2, 2, 2, 2, 2, 2, 2, 2, 2, 2, 2, 2, 2, 2, 2, 2, 1, 2, 2, 2, -1 ],
        [ IntegerRing() | 1, 1 ]
    ], level := 99, genus := 12, index := 198, contains_minus_one := true, 
    subgroups := [ IntegerRing() | 8040 ], supergroups := [ IntegerRing() | 5, 
    7, 59, 62, 778, 1139 ], name := "99A12", label := "A", order := 4320, 
    GLZConj := 2, matgens := [ PowerSequence(IntegerRing(99)) |
        [ IntegerRing(99) | 1, 11, 44, 89 ],
        [ IntegerRing(99) | 1, 66, 33, 1 ],
        [ IntegerRing(99) | 23, 66, 0, 56 ],
        [ IntegerRing(99) | 34, 0, 66, 67 ],
        [ IntegerRing(99) | 43, 17, 95, 56 ],
        [ IntegerRing(99) | 94, 36, 96, 61 ],
        [ IntegerRing(99) | 98, 0, 0, 98 ]
    ], cusps := [ IntegerRing() | 99, 99 ], c2 := [ IntegerRing() | 1, 1, 1, 1, 
    1, 1, 1, 1, 1, 1, 1, 1, 1, 1, 1, 1, 1, 1, 2, 2, 2, 2, 2, 2, 2, 2, 2, 2, 2, 
    2, 2, 2, 2, 2, 2, 2, 2, 2, 2, 2, 2, 2, 2, 2, 2, 2, 2, 2, 2, 2, 2, 2, 2, 2, 
    2, 2, 2, 2, 2, 2, 2, 2, 2, 2, 2, 2, 2, 2, 2, 2, 2, 2, 2, 2, 2, 2, 2, 2, 2, 
    2, 2, 2, 2, 2, 2, 2, 2, 2, 2, 2, 2, 2, 2, 2, 2, 2, 2, 2, 2, 2, 2, 2, 2, 2, 
    2, 2, 2, 2 ], c3 := [ IntegerRing() | 3, 3, 3, 3, 3, 3, 3, 3, 3, 3, 3, 3, 3,
    3, 3, 3, 3, 3, 3, 3, 3, 3, 3, 3, 3, 3, 3, 3, 3, 3, 3, 3, 3, 3, 3, 3, 3, 3, 
    3, 3, 3, 3, 3, 3, 3, 3, 3, 3, 3, 3, 3, 3, 3, 3, 3, 3, 3, 3, 3, 3, 3, 3, 3, 
    3, 3, 3 ], gc := [ IntegerRing() | 2, 4, 10, 10, 20, 20 ], special_name := 
    [], special_name_html := [], direct_subgroups := [ IntegerRing() | 8040 ], 
    direct_supergroups := [ IntegerRing() | 62, 778, 1139 ], length := 33, 
    treename := [ PowerSequence(IntegerRing()) |
        [ IntegerRing() | 297, 3, 6, 4, 6 ],
        [ IntegerRing() | 297, 3, 6, 7, 4 ],
        [ IntegerRing() | 396, 3, 7, 5, 12 ],
        [ IntegerRing() | 396, 3, 7, 10, 5 ],
        [ IntegerRing() | 495, 3, 11, 9, 11 ],
        [ IntegerRing() | 495, 3, 11, 12, 9 ]
    ], treesupergroups := [ PowerSequence(IntegerRing()) |
        [ IntegerRing() | 297, 3, 6, 4 ],
        [ IntegerRing() | 297, 3, 6, 7 ],
        [ IntegerRing() | 324, 4, 3, 11 ],
        [ IntegerRing() | 324, 4, 3 ],
        [ IntegerRing() | 300, 6, 6 ],
        [ IntegerRing() | 300, 6 ],
        [ IntegerRing() | 396, 3, 7, 5 ],
        [ IntegerRing() | 396, 3, 7, 10 ],
        [ IntegerRing() | 495, 3, 11, 9 ],
        [ IntegerRing() | 495, 3, 11, 12 ]
    ]>,
    rec<recformat<generators: SeqEnum, level: IntegerRing(), genus: 
    IntegerRing(), index: IntegerRing(), contains_minus_one: BoolElt, subgroups:
    SeqEnum, supergroups: SeqEnum, name: MonStgElt, label: MonStgElt, order: 
    IntegerRing(), GLZConj: IntegerRing(), matgens: SeqEnum, cusps: SeqEnum, c2:
    SeqEnum, c3: SeqEnum, gc: SeqEnum, projections: SeqEnum, special_name: 
    SeqEnum, special_name_html: SeqEnum, direct_subgroups: SeqEnum, 
    direct_supergroups: SeqEnum, length: IntegerRing(), treename: SeqEnum, 
    treesupergroups: SeqEnum> | generators := [ PowerSequence(IntegerRing()) |
        [ IntegerRing() | -1, 2, 2, 2, 2, 2, 2, 2, 2, 2, 2, 2, 2, 2, 2, 2, 2, 2,
        2, 2, 2, 2, 2, 2, 2, 2, 2, 2, 2, 2, 2, 2, 2, 2, 2, 2, 2, 2, 2, 2, 2, 2, 
        2, 2, 2, 2, 2, 2, 2, 2, 2, 1 ],
        [ IntegerRing() | -1, 2, 2, 2, 2, 2, 2, 2, 2, 1, 2, 2, 2, 2, 2, 2, 2, 2,
        2, 2, 2, 2, 2, 2, 2, 2, 2, 2, 2, 2, 2, 2, 2, 2, 2, 2, 2, 2, 2, 2, 2, 2, 
        2, 2, 2, 2, 2, 2, 2, 2, 2, 2, 2, 2, 2, 2, 2, 2, 2, 2, 2, 2, 2, 2, 2, 2, 
        2, 2, 2, 2, 2, 2, 2, 2, 2, 2, 2, 2, 2, 2, 2, 2, 2, 2, 2, 2, -1, 2, 2, 1,
        2, 2, 2, 2, -1, 2, 2, 1 ],
        [ IntegerRing() | 2, 2, 2, 2, 2, 2, 2, 2, 2, 2, 2, 2, 2, 2, 2, 2, 2, 2, 
        2, 2, -1, 2, 2, 1, -2, -2, -2, -2, -2, -2, -2, -2, -2, -2, -2, -2, -2, 
        -2, -2, -2, -2, -2, -2, -2, -1, -2, -2, -2, -2, -2, -2, -2, -2, -2, -2, 
        -2, -2, -2, -2, -2, -2, -2, -2, -2, -2, -2, -2, 1, 2, 2, 2, 2, 2, 2, 2, 
        2, 2, 2, 2, 2, 2, 2, 2, 2, 2, 2, 2, 2, -1, 2, 2, 1, -2, -2, -2, -2, -2, 
        -2, -2, -2, -2, -2, -2, -2, -2, -2, -2, -2, -2, -2, -2, -2, -1, 2, 2, 2,
        2, 2, 2, 2, 2, 2, 2, 2, 2, 2, 2, 2, 2, 2, 2, 1, 2, 2, 2, 2, 2, 2, 2, 2, 
        2, 2, 2, 2, 2, 2, 2, 2, 2, 2, 2, 2, 2, 2, 2, 2, 2, 2, 2, 2, 2, 2, 2, 2, 
        2, 2, 2, 2, 2, 2, 2, 2, 2, 2, 2, 2, 2, 2, 2, 2, 2, 2, 2, 2, 2, 2, 2, 2, 
        2, 2, 2, 2 ],
        [ IntegerRing() | 2, 2, 2, 2, 2, 2, 2, 2, 2, 2, 2, 2, 2, 2, 2, 2, 2, 2, 
        2, 2, -1, 2, 2, 1, -2, -2, -2, -2, -2, -2, -2, -2, -2, -2, -2, -2, -2, 
        -2, -2, -2, -2, -2, -2, -2, -1, -2, -2, -2, -2, -2, -2, -2, -2, -2, -2, 
        -2, -2, -2, -2, -2, -2, -2, -2, -2, -2, -2, -2, 1, 2, 2, 2, 2, 2, 2, 2, 
        2, 2, 2, 2, 2, 2, 2, 2, 2, 2, 2, 2, 2, -1, 2, 2, 1, -2, -2, -2, -2, -2, 
        -2, -2, -2, -2, -2, -2, -2, -2, -2, -2, -2, -2, -2, -2, -2, -1, -2, -2, 
        -2, -2, -2, -2, -2, -2, -2, -2, -2, -2, -2, -2, -2, -2, -2, -2, -2, -2, 
        -2, -2, 1, 2, 2, 2, 2, 2, 2, 2, 2, 2, 2, 2, 2, 2, 2, 2, 2, 2, 2, 2, 2, 
        -1, 2, 2, 1, -2, -2, -2, -2, -2, -2, -2, -2, -2, -2, -2, -2, -2, -2, -2,
        -2, -2, -2, -2, -2, -1, -2, -2, -2, -2, -2, -2, -2, -2, -2, -2, -2, -2, 
        -2, -2, -2, -2, -2, -2, -2, -2, -2, -2, 1, 2, 2, 2, 2, 2, 2, 2, 2, 2, 2,
        2, 2, 2, 2, 2, 2, 2, 2, 2, 2, -1, 2, 2, 1, -2, -2, -2, -2, -2, -2, -2, 
        -2, -2, -2, -2, -2, -2, -2, -2, -2, -2, -2, -2, -2, -1, 2, 2, 2, 2, 2, 
        2, 2, 2, 2, 2, 2, 2, 2, 2, 2, 2, 2, 2, 2, 2, 2, 2, 2, 2, 2, 2, 2, 2, 2, 
        2, 2, 2, 2, 2, 2, 2, 2, 2, 2, 2, 2, 2, 1, 2, 2, 2, 2, 2, 2, 2, 2, 2, 2, 
        2, 2, 2, 2, 2, 2, 2, 2, 2, 2, 2, 2, 2, 2, 2, 2, 2, 2, 2, 2, 2, 2, 2, 2, 
        2, 2, 2, 2, 2, 2, 2, 2, 2, 2, 2, 2, 2, 2, 2, 2, 2, 2, 2, 2, 2, 2, 2, 2, 
        2, 2, 2, 2, 2, 2, 2, 2, 2, 2, -1, 2, 2, 2, 2, 1, 2, 2, 2, 2, 2, 2, 2, 2 
        ],
        [ IntegerRing() | 2, 2, 2, 2, 2, 2, 2, 2, 2, 2, 2, 2, 2, 2, 2, 2, 2, 2, 
        2, 2, -1, 2, 2, 1, -2, -2, -2, -2, -2, -2, -2, -2, -2, -2, -2, -2, -2, 
        -2, -2, -2, -2, -2, -2, -2, -1, -2, -2, -2, -2, -2, -2, -2, -2, -2, -2, 
        -2, -2, -2, -2, -2, -2, -2, -2, -2, -2, -2, -2, 1, 2, 2, 2, 2, 2, 2, 2, 
        2, 2, 2, 2, 2, 2, 2, 2, 2, 2, 2, 2, 2, -1, 2, 2, 1, -2, -2, -2, -2, -2, 
        -2, -2, -2, -2, -2, -2, -2, -2, -2, -2, -2, -2, -2, -2, -2, -1, -2, -2, 
        -2, -2, -2, -2, -2, -2, -2, -2, -2, -2, -2, -2, -2, -2, -2, -2, -2, -2, 
        -2, -2, 1, 2, 2, 2, 2, 2, 2, 2, 2, 2, 2, 2, 2, 2, 2, 2, 2, 2, 2, 2, 2, 
        -1, 2, 2, 1, -2, -2, -2, -2, -2, -2, -2, -2, -2, -2, -2, -2, -2, -2, -2,
        -2, -2, -2, -2, -2, -1, -2, -2, -2, -2, -2, -2, -2, -2, -2, -2, -2, -2, 
        -2, -2, -2, -2, -2, -2, -2, -2, -2, -2, 1, 2, 2, 2, 2, 2, 2, 2, 2, 2, 2,
        2, 2, 2, 2, 2, 2, 2, 2, 2, 2, -1, 2, 2, 1, -2, -2, -2, -2, -2, -2, -2, 
        -2, -2, -2, -2, -2, -2, -2, -2, -2, -2, -2, -2, -2, -1, 2, 2, 2, 2, 2, 
        2, 2, 2, 2, 2, 1, 2, 2, 2, 2, 2, 2, 2, 2, -1, 2, 2, 2, 2, 1, 2, 2 ],
        [ IntegerRing() | -1, 2, 2, 2, 2, 2, 2, 2, 2, 2, 2, 2, 2, 2, 2, 2, 2, 2,
        2, 2, 2, 2, 2, 2, 2, 1, 2, 2, 2, 2, 2, 2, 2, 2, 2, 2, 2, 2, 2, 2, 2, 2, 
        -1, 2, 2, 1, 2, 2, 2, 2, -1, 2, 2, 1, 1, 2, 1 ],
        [ IntegerRing() | 2, 2, 2, 2, 2, 2, 2, 2, 2, 2, 2, 2, 2, 2, 2, 2, 2, 2, 
        2, 2, -1, 2, 2, 1, -2, -2, -2, -2, -2, -2, -2, -2, -2, -2, -2, -2, -2, 
        -2, -2, -2, -2, -2, -2, -2, -1, -2, -2, -2, -2, -2, -2, -2, -2, -2, -2, 
        -2, -2, -2, -2, -2, -2, -2, -2, -2, -2, -2, -2, 1, 2, 2, 2, 2, 2, 2, 2, 
        2, 2, 2, 2, 2, 2, 2, 2, 2, 2, 2, 2, 2, -1, 2, 2, 1, -2, -2, -2, -2, -2, 
        -2, -2, -2, -2, -2, -2, -2, -2, -2, -2, -2, -2, -2, -2, -2, -1, -2, -2, 
        -2, -2, -2, -2, -2, -2, -2, -2, -2, -2, -2, -2, -2, -2, -2, -2, -2, -2, 
        -2, -2, 1, 2, 2, 2, 2, 2, 2, 2, 2, 2, 2, 2, 2, 2, 2, 2, 2, 2, 2, 2, 2, 
        -1, 2, 2, 1, -2, -2, -2, -2, -2, -2, -2, -2, -2, -2, -2, -2, -2, -2, -2,
        -2, -2, -2, -2, -2, -1, 2, 2, 2, 2, 2, 2, 2, 2, 2, 2, 2, 2, 2, 2, 2, 2, 
        2, 2, 2, 2, 2, 2, 2, 2, 2, 2, 2, 2, 2, 2, 2, 2, 2, 2, 2, 2, 2, 2, 2, 2, 
        2, 2, 2, 2, 2, 2, 2, 2, 2, 2, 2, 2, 1, 2, 2, 2, 2, 2, 2, 2, 2, 2, 2, 2, 
        2, 2, 2, 2, 2, 2, 2, 2, 2, 2, 2, 2, 2, 2, 2, 2, 2, 2, 2, 2, 2, 2, 2, 2, 
        2, 2, 2, 2, 2, 2, 2, 2, 2, 2, 2, 2, 2, 2, 2, 2, 2, 2, 2, 2, 2, 2, 2, 2, 
        2, 2, 2, 2, 2, 2, 2, 2, 2, -1, 2, 2, 2, 2, 1, 2, 2, 2, 2, 2, 2, 2, 2, 1,
        1 ],
        [ IntegerRing() | 2, 2, 2, 2, 2, 2, 2, 2, 2, 2, 2, 2, 2, 2, 2, 2, 2, 2, 
        2, 2, -1, 2, 2, 1, -2, -2, -2, -2, -2, -2, -2, -2, -2, -2, -2, -2, -2, 
        -2, -2, -2, -2, -2, -2, -2, -1, -2, -2, -2, -2, -2, -2, -2, -2, -2, -2, 
        -2, -2, -2, -2, -2, -2, -2, -2, -2, -2, -2, -2, 1, 2, 2, 2, 2, 2, 2, 2, 
        2, 2, 2, 2, 2, 2, 2, 2, 2, 2, 2, 2, 2, -1, 2, 2, 1, -2, -2, -2, -2, -2, 
        -2, -2, -2, -2, -2, -2, -2, -2, -2, -2, -2, -2, -2, -2, -2, -1, -2, -2, 
        -2, -2, -2, -2, -2, -2, -2, -2, -2, -2, -2, -2, -2, -2, -2, -2, -2, -2, 
        -2, -2, 1, 2, 2, 2, 2, 2, 2, 2, 2, 2, 2, 2, 2, 2, 2, 2, 2, 2, 2, 2, 2, 
        -1, 2, 2, 1, -2, -2, -2, -2, -2, -2, -2, -2, -2, -2, -2, -2, -2, -2, -2,
        -2, -2, -2, -2, -2, -1, -2, -2, -2, -2, -2, -2, -2, -2, -2, -2, -2, -2, 
        -2, -2, -2, -2, -2, -2, -2, -2, -2, -2, 1, 2, 2, 2, 2, 2, 2, 2, 2, 2, 2,
        2, 2, 2, 2, 2, 2, 2, 2, 2, 2, -1, 2, 2, 1, -2, -2, -2, -2, -2, -2, -2, 
        -2, -2, -2, -2, -2, -2, -2, -2, -2, -2, -2, -2, -2, -1, 2, 2, 2, 2, 2, 
        2, 2, 2, 2, 2, 2, 2, 2, 2, 2, 2, 2, 2, 2, 2, 2, 2, 2, 2, 2, 2, 2, 2, 2, 
        2, 2, 2, 2, 2, 2, 2, 2, 2, 1 ]
    ], level := 100, genus := 12, index := 180, contains_minus_one := true, 
    subgroups := [], supergroups := [ IntegerRing() | 109, 1246 ], name := 
    "100A12", label := "A", order := 4000, GLZConj := 1, matgens := [ 
        PowerSequence(IntegerRing(100)) |
        [ IntegerRing(100) | 1, 0, 50, 1 ],
        [ IntegerRing(100) | 5, 72, 72, 17 ],
        [ IntegerRing(100) | 7, 8, 13, 15 ],
        [ IntegerRing(100) | 21, 60, 60, 81 ],
        [ IntegerRing(100) | 29, 86, 68, 81 ],
        [ IntegerRing(100) | 41, 0, 40, 61 ],
        [ IntegerRing(100) | 51, 0, 50, 51 ],
        [ IntegerRing(100) | 89, 0, 40, 9 ]
    ], cusps := [ IntegerRing() | 5, 5, 20, 25, 25, 100 ], c2 := [ IntegerRing()
    | 1, 1, 1, 1, 2, 2, 2, 2, 2, 2, 2, 2, 2, 2, 2, 2, 2, 2, 2, 2, 2, 2, 2, 2, 2,
    2, 2, 2, 2, 2, 2, 2, 2, 2, 2, 2, 2, 2, 2, 2, 2, 2, 2, 2, 2, 2, 2, 2, 2, 2, 
    2, 2, 2, 2, 2, 2, 2, 2, 2, 2, 2, 2, 2, 2, 2, 2, 2, 2, 2, 2, 2, 2, 2, 2, 2, 
    2, 2, 2, 2, 2, 2, 2, 2, 2, 2, 2, 2, 2, 2, 2, 2, 2 ], c3 := [ IntegerRing() |
    3, 3, 3, 3, 3, 3, 3, 3, 3, 3, 3, 3, 3, 3, 3, 3, 3, 3, 3, 3, 3, 3, 3, 3, 3, 
    3, 3, 3, 3, 3, 3, 3, 3, 3, 3, 3, 3, 3, 3, 3, 3, 3, 3, 3, 3, 3, 3, 3, 3, 3, 
    3, 3, 3, 3, 3, 3, 3, 3, 3, 3 ], gc := [ IntegerRing() | 2, 2, 2, 2, 2, 2, 4,
    4, 4, 4, 4, 4, 4, 4, 4, 4, 4, 4, 20, 20, 20, 20, 20, 20 ], special_name := 
    [], special_name_html := [], direct_subgroups := [], direct_supergroups := [
    IntegerRing() | 109, 1246 ], length := 90, treename := [ 
        PowerSequence(IntegerRing()) |
        [ IntegerRing() | 300, 2, 8, 6, 5 ],
        [ IntegerRing() | 300, 2, 10, 9, 7 ],
        [ IntegerRing() | 400, 2, 7, 4, 6 ],
        [ IntegerRing() | 400, 2, 8, 12, 4 ],
        [ IntegerRing() | 500, 2, 2, 4, 7 ],
        [ IntegerRing() | 500, 2, 8, 12, 2 ]
    ], treesupergroups := [ PowerSequence(IntegerRing()) |
        [ IntegerRing() | 300, 2, 8, 6 ],
        [ IntegerRing() | 300, 2, 10, 9 ],
        [ IntegerRing() | 400, 2, 7, 4 ],
        [ IntegerRing() | 400, 2, 8, 12 ],
        [ IntegerRing() | 500, 2, 2, 4 ],
        [ IntegerRing() | 500, 2, 8, 12 ]
    ]>,
    rec<recformat<generators: SeqEnum, level: IntegerRing(), genus: 
    IntegerRing(), index: IntegerRing(), contains_minus_one: BoolElt, subgroups:
    SeqEnum, supergroups: SeqEnum, name: MonStgElt, label: MonStgElt, order: 
    IntegerRing(), GLZConj: IntegerRing(), matgens: SeqEnum, cusps: SeqEnum, c2:
    SeqEnum, c3: SeqEnum, gc: SeqEnum, projections: SeqEnum, special_name: 
    SeqEnum, special_name_html: SeqEnum, direct_subgroups: SeqEnum, 
    direct_supergroups: SeqEnum, length: IntegerRing(), treename: SeqEnum, 
    treesupergroups: SeqEnum> | generators := [ PowerSequence(IntegerRing()) |
        [ IntegerRing() | 2, 2, 2, 2, 2, 2, 2, 2, 2, 2, 2, 2, 2, 2, 2, 2, 2, 2, 
        2, 2, -1, 2, 2, 1, -2, -2, -2, -2, -2, -2, -2, -2, -2, -2, -2, -2, -2, 
        -2, -2, -2, -2, -2, -2, -2, -1, -2, -2, -2, -2, -2, -2, -2, -2, -2, -2, 
        -2, -2, -2, -2, -2, -2, -2, -2, -2, -2, -2, -2, 1, 2, 2, 2, 2, 2, 2, 2, 
        2, 2, 2, 2, 2, 2, 2, 2, 2, 2, 2, 2, 2, -1, 2, 2, 1, -2, -2, -2, -2, -2, 
        -2, -2, -2, -2, -2, -2, -2, -2, -2, -2, -2, -2, -2, -2, -2, -1, -2, -2, 
        -2, -2, -2, -2, -2, -2, -2, -2, -2, -2, -2, -2, -2, -2, -2, -2, -2, -2, 
        -2, -2, 1, 2, 2, 2, 2, 2, 2, 2, 2, 2, 2, 2, 2, 2, 2, 2, 2, 2, 2, 2, 2, 
        -1, 2, 2, 1, -2, -2, -2, -2, -2, -2, -2, -2, -2, -2, -2, -2, -2, -2, -2,
        -2, -2, -2, -2, -2, -1, -2, -2, -2, -2, -2, -2, -2, -2, -2, -2, -2, -2, 
        -2, -2, -2, -2, -2, -2, -2, -2, -2, -2, 1, 2, 2, 2, 2, 2, 2, 2, 2, 2, 2,
        2, 2, 2, 2, 2, 2, 2, 2, 2, 2, 2, 2, 2, 2, 2, 2, 2, 2, 2, 2, 2, 2, 2, 2, 
        2, 2, 2, 2, 2, 2, 2, 2, 2, 2, 2, 2, 2, 2, 2, 2, 2, 2, 2, 2, 2, 2, 2, 2, 
        2, 2, 2, 2, 2, 2, 2, 2, 2, 2, 2, 2, 2, 2, 2, 2, 2, 2, 2, 2, 2, 2 ],
        [ IntegerRing() | -1, 2, 2, 2, 2, 2, 2, 2, 2, 2, 2, 2, 2, 2, 2, 2, 2, 2,
        2, 2, 2, 2, 2, 2, 2, 2, 2, 2, 2, 2, 2, 2, 2, 2, 2, 2, 2, 2, 2, 2, 2, 2, 
        2, 2, 2, 2, 2, 2, 2, 2, 2, 1 ],
        [ IntegerRing() | 2, 2, 2, 2, 2, 2, 2, 2, 2, 2, 2, 2, 2, 2, 2, 2, 2, 2, 
        2, 2, -1, 2, 2, 1, -2, -2, -2, -2, -2, -2, -2, -2, -2, -2, -2, -2, -2, 
        -2, -2, -2, -2, -2, -2, -2, -1, -2, -2, -2, -2, -2, -2, -2, -2, -2, -2, 
        -2, -2, -2, -2, 1, 2, 2, 2, 2, 2, 2, 2, 2, 2, 2, 2, 2, 2, 2, 2, 2, 2, 2,
        2, 2, 2, 2, 2, 2, 2, 2, 2, 2, 2, 2, 2, 2, 2, 2, 2, 2, 2, 2, 2, 2, 2, 2, 
        2, 2, 2, 2, 2, 2, 2, 2, 2, 2, 2, 2, 2, 2, 2, 2, 2, 2, 2, 2, 2, 2, 2, 2, 
        2, 2, 2, 2, 2, 2, 2, 2, 2, 2, -1, 2, 2, 1, 2, 2, 1, 2, 1 ],
        [ IntegerRing() | -1, 2, 2, 2, 2, 2, 2, 2, 2, 2, 2, 2, 2, 2, 2, 2, 2, 2,
        2, 2, 2, 2, 2, 2, 2, 2, 2, 2, 2, 2, 2, 2, 2, 2, 2, 2, 2, 2, 2, 2, 2, 2, 
        2, 2, 2, 2, 2, 1, 2, 2, 2, 2, 2, 2, 2, 2, 2, 2, 2, 2, 2, 2, 2, 2, 2, 2, 
        2, 2, 2, 2, 2, 2, 2, 2, 2, 2, 2, 2, 2, 2, 2, 2, 2, 2, 2, 2, 2, 2, 2, 2, 
        2, 2, 2, 2, 2, 2, 2, 2, 2, 2, 2, 2, 2, 2, 2, 2, 2, 2, 2, 2, 2, 2, -1, 2,
        2, 2, 2, 2, 2, 1, -2, -2 ],
        [ IntegerRing() | 2, 2, 2, 2, 2, 2, 2, 2, 2, 2, 2, 2, 2, 2, 2, 2, 2, 2, 
        2, 2, -1, 2, 2, 1, -2, -2, -2, -2, -2, -2, -2, -2, -2, -2, -2, -2, -2, 
        -2, -2, -2, -2, -2, -2, -2, -1, -2, -2, -2, -2, -2, -2, -2, -2, -2, -2, 
        -2, -2, -2, -2, -2, -2, -2, -2, -2, -2, -2, -2, 1, 2, 2, 2, 2, 2, 2, 2, 
        2, 2, 2, 2, 2, 2, 2, 2, 2, 2, 2, 2, 2, -1, 2, 2, 1, -2, -2, -2, -2, -2, 
        -2, -2, -2, -2, -2, -2, -2, -2, -2, -2, -2, -2, -2, -2, -2, -1, -2, -2, 
        -2, -2, -2, -2, -2, -2, -2, -2, -2, -2, -2, -2, -2, -2, -2, -2, -2, -2, 
        -2, -2, 1, 2, 2, 2, 2, 2, 2, 2, 2, 2, 2, 2, 2, 2, 2, 2, 2, 2, 2, 2, 2, 
        -1, 2, 2, 1, -2, -2, -2, -2, -2, -2, -2, -2, -2, -2, -2, -2, -2, -2, -2,
        -2, -2, -2, -2, -2, -1, 2, 2, 1, 2, 2, 2, 2, 2, 2, 2, 2, 2, 2, 2, 2, 2, 
        2, 2, 2, 2, 2, 2, 2, 2, 2, 2, 2, 2, 2, 2, 2, 2, 2, 2, 2, 2, 2, 2, 2, 2, 
        2, 2, 2, 2, 2, 2, 2, 2, 2, 2, 2, 2, 2, 2, 2, 2, 2, 2, 2, 2, 2, 2, 2, 2, 
        2, 2, 2, 2, 2, 2, 2, -1, 2, 2, 2, 2, 1, 2, 2, 2, 2, 2, 2, 2, 2 ],
        [ IntegerRing() | 2, 2, 2, 2, 2, 2, 2, 2, 2, 2, 2, 2, 2, 2, 2, 2, 2, 2, 
        2, 2, -1, 2, 2, 1, -2, -2, -2, -2, -2, -2, -2, -2, -2, -2, -2, -2, -2, 
        -2, -2, -2, -2, -2, -2, -2, -1, -2, -2, -2, -2, -2, -2, -2, -2, -2, -2, 
        -2, -2, -2, -2, -2, -2, -2, -2, -2, -2, -2, -2, 1, 2, 2, 2, 2, 2, 2, 2, 
        2, 2, 2, 2, 2, 2, 2, 2, 2, 2, 2, 2, 2, -1, 2, 2, 1, -2, -2, -2, -2, -2, 
        -2, -2, -2, -2, -2, -2, -2, -2, -2, -2, -2, -2, -2, -2, -2, -1, 2, 2, 2,
        2, 2, 2, 2, 2, 2, 2, 2, 2, 2, 2, 2, 2, 2, 2, 1, 2, 2, 2, 2, 2, 2, 2, 2, 
        2, 2, 2, 2, 2, 2, 2, 2, 2, 2, 2, 2, 2, 2, 2, 2, 2, 2, 2, 2, 2, 2, 2, 2, 
        2, 2, 2, 2, 2, 2, 2, 2, 2, 2, 2, 2, 2, 2, 2, 2, 2, 2, 2, 2, 2, 2, 2, 2, 
        2, 2, 2, 2 ],
        [ IntegerRing() | 2, 2, 2, 2, 2, 2, 2, 2, 2, 2, 2, 2, 2, 2, 2, 2, 2, 2, 
        2, 2, -1, 2, 2, 1, -2, -2, -2, -2, -2, -2, -2, -2, -2, -2, -2, -2, -2, 
        -2, -2, -2, -2, -2, -2, -2, -1, 2, 2, 2, 2, 2, 2, 2, 2, 2, 2, 2, 2, 2, 
        2, 2, 2, 2, 2, 2, 2, 2, 2, 2, 2, 2, 2, 1, 2, 2, 2, 2, 2, 2, 2, 2, 2, 2, 
        2, 2, 2, 2, 2, 2, 2, 2, 2, 2, 2, 2, 2, 2, 2, 2, 2, 2, 2, 2, 2, 2, 2, 2, 
        2, 2, 2, 2, 2, 2, 2, 2, 2, 2, 2, 2, 2, 2, 2, 2, 2, 2, 2, 2, 2, 2, -1, 2,
        2, 1, 2, 2, 2, 2, -1, 2, 2, 1 ],
        [ IntegerRing() | 2, 2, 2, 2, 2, 2, 2, 2, 2, 2, 2, 2, 2, 2, 2, 2, 2, 2, 
        2, 2, -1, 2, 2, 1, -2, -2, -2, -2, -2, -2, -2, -2, -2, -2, -2, -2, -2, 
        -2, -2, -2, -2, -2, -2, -2, -1, -2, -2, -2, -2, -2, -2, -2, -2, -2, -2, 
        -2, -2, -2, -2, -2, -2, -2, -2, -2, -2, -2, -2, 1, 2, 2, 2, 2, 2, 2, 2, 
        2, 2, 2, 2, 2, 2, 2, 2, 2, 2, 2, 2, 2, -1, 2, 2, 1, -2, -2, -2, -2, -2, 
        -2, -2, -2, -2, -2, -2, -2, -2, -2, -2, -2, -2, -2, -2, -2, -1, -2, -2, 
        -2, -2, -2, -2, -2, -2, -2, -2, -2, -2, -2, -2, -2, -2, -2, -2, -2, -2, 
        -2, -2, 1, 2, 2, 2, 2, 2, 2, 2, 2, 2, 2, 2, 2, 2, 2, 2, 2, 2, 2, 2, 2, 
        -1, 2, 2, 1, -2, -2, -2, -2, -2, -2, -2, -2, -2, -2, -2, -2, -2, -2, -2,
        -2, -2, -2, -2, -2, -1, 2, 2, 2, 2, 2, 2, 2, 2, 2, 2, 2, 2, 2, 2, 2, 2, 
        2, 2, 2, 2, 2, 2, 2, 2, 2, 2, 2, 2, 2, 2, 2, 2, 2, 2, 2, 2, 2, 2, 2, 2, 
        2, 2, 2, 2, 2, 2, 2, 2, 2, 2, 2, 2, 1, 2, 2, 2, 2, 2, 2, 2, 2, 2, 2, 2, 
        2, 2, 2, 2, 2, 2, 2, 2, 2, 2, 2, 2, 2, 2, 2, 2, 2, 2, 2, 2, 2, 2, 2, 2, 
        2, 2, 2, 2, 2, 2, 2, 2, 2, 2, 2, 2, 2, 2, 2, 2, 2, 2, 2, 2, 2, 2, 2, 2, 
        2, 2, 2, 2, 2, 2, 2, 2, 2, -1, 2, 2, 2, 2, 1, 2, 2, 2, 2, 2, 2, 2, 2, 1,
        1 ]
    ], level := 100, genus := 12, index := 180, contains_minus_one := true, 
    subgroups := [], supergroups := [ IntegerRing() | 109, 1247 ], name := 
    "100B12", label := "B", order := 4000, GLZConj := 1, matgens := [ 
        PowerSequence(IntegerRing(100)) |
        [ IntegerRing(100) | 1, 0, 50, 1 ],
        [ IntegerRing(100) | 17, 30, 12, 33 ],
        [ IntegerRing(100) | 21, 60, 60, 81 ],
        [ IntegerRing(100) | 25, 86, 59, 95 ],
        [ IntegerRing(100) | 49, 0, 0, 49 ],
        [ IntegerRing(100) | 51, 0, 50, 51 ],
        [ IntegerRing(100) | 65, 32, 72, 97 ],
        [ IntegerRing(100) | 81, 80, 0, 21 ]
    ], cusps := [ IntegerRing() | 5, 5, 20, 25, 25, 100 ], c2 := [ IntegerRing()
    | 1, 1, 1, 1, 2, 2, 2, 2, 2, 2, 2, 2, 2, 2, 2, 2, 2, 2, 2, 2, 2, 2, 2, 2, 2,
    2, 2, 2, 2, 2, 2, 2, 2, 2, 2, 2, 2, 2, 2, 2, 2, 2, 2, 2, 2, 2, 2, 2, 2, 2, 
    2, 2, 2, 2, 2, 2, 2, 2, 2, 2, 2, 2, 2, 2, 2, 2, 2, 2, 2, 2, 2, 2, 2, 2, 2, 
    2, 2, 2, 2, 2, 2, 2, 2, 2, 2, 2, 2, 2, 2, 2, 2, 2 ], c3 := [ IntegerRing() |
    3, 3, 3, 3, 3, 3, 3, 3, 3, 3, 3, 3, 3, 3, 3, 3, 3, 3, 3, 3, 3, 3, 3, 3, 3, 
    3, 3, 3, 3, 3, 3, 3, 3, 3, 3, 3, 3, 3, 3, 3, 3, 3, 3, 3, 3, 3, 3, 3, 3, 3, 
    3, 3, 3, 3, 3, 3, 3, 3, 3, 3 ], gc := [ IntegerRing() | 2, 2, 2, 2, 2, 2, 4,
    4, 4, 4, 4, 4, 4, 4, 4, 4, 4, 4, 20, 20, 20, 20, 20, 20 ], special_name := 
    [], special_name_html := [], direct_subgroups := [], direct_supergroups := [
    IntegerRing() | 109, 1247 ], length := 90, treename := [ 
        PowerSequence(IntegerRing()) |
        [ IntegerRing() | 300, 2, 5, 6, 5 ],
        [ IntegerRing() | 300, 2, 10, 9, 2 ],
        [ IntegerRing() | 400, 2, 5, 4, 6 ],
        [ IntegerRing() | 400, 2, 8, 12, 5 ],
        [ IntegerRing() | 500, 2, 6, 4, 6 ],
        [ IntegerRing() | 500, 2, 8, 12, 4 ]
    ], treesupergroups := [ PowerSequence(IntegerRing()) |
        [ IntegerRing() | 300, 2, 5, 6 ],
        [ IntegerRing() | 300, 2, 10, 9 ],
        [ IntegerRing() | 400, 2, 5, 4 ],
        [ IntegerRing() | 400, 2, 8, 12 ],
        [ IntegerRing() | 500, 2, 6, 4 ],
        [ IntegerRing() | 500, 2, 8, 12 ]
    ]>,
    rec<recformat<generators: SeqEnum, level: IntegerRing(), genus: 
    IntegerRing(), index: IntegerRing(), contains_minus_one: BoolElt, subgroups:
    SeqEnum, supergroups: SeqEnum, name: MonStgElt, label: MonStgElt, order: 
    IntegerRing(), GLZConj: IntegerRing(), matgens: SeqEnum, cusps: SeqEnum, c2:
    SeqEnum, c3: SeqEnum, gc: SeqEnum, projections: SeqEnum, special_name: 
    SeqEnum, special_name_html: SeqEnum, direct_subgroups: SeqEnum, 
    direct_supergroups: SeqEnum, length: IntegerRing(), treename: SeqEnum, 
    treesupergroups: SeqEnum> | generators := [ PowerSequence(IntegerRing()) |
        [ IntegerRing() | 2, 2, 2, 2, 2, 2, 2, 2, 2, 2, 2, 2, 2, 2, 2, 2, 2, 2, 
        2, 2, -1, 2, 2, 1, -2, -2, -2, -2, -2, -2, -2, -2, -2, -2, -2, -2, -2, 
        -2, -2, -2, -2, -2, -2, -2, -1, 2, 2, 2, 2, 2, 2, 2, 2, 2, 2, 2, 2, 2, 
        2, 2, 2, 2, 2, 2, 2, 2, 2, 2, 2, 2, 2, 2, 2, 2, 2, 2, 2, 2, 2, 2, 2, 2, 
        2, 2, 2, 2, 2, 2, 2, 2, 2, 2, 2, 2, 2, 2, 2, 2, 2, 2, 2, 2, 2, 1, 2, 2, 
        2, 2, 2, 2, 2, 2, 2, 2, 2, 2, 2, 2, 2, 2, 2, 2, 2, 2, 2, 2, 2, 2, 2, 2, 
        2, 2, 2, 2, 2, 2, 2, 2, 2, 2, 2, 2, 2, 2, 2, 2, 2, 2, 2, 2, 2, 2, 2, 2, 
        2, 2, 2, 2, 2, 2, 2, 2, 2, 2, 2, 2, 2, 2, -1, 2, 2, 1, 2, 2, 2, 2, 2, 2,
        1, 2, 1 ],
        [ IntegerRing() | 2, 2, 2, 2, 2, 2, 2, 2, 2, 2, 2, 2, 2, 2, 2, 2, 2, 2, 
        2, 2, -1, 2, 2, 1, -2, -2, -2, -2, -2, -2, -2, -2, -2, -2, -2, -2, -2, 
        -2, -2, -2, -2, -2, -2, -2, -1, -2, -2, -2, -2, -2, -2, -2, -2, -2, -2, 
        -2, -2, -2, -2, -2, -2, -2, -2, -2, -2, -2, -2, 1, 2, 2, 2, 2, 2, 2, 2, 
        2, 2, 2, 2, 2, 2, 2, 2, 2, 2, 2, 2, 2, -1, 2, 2, 1, -2, -2, -2, -2, -2, 
        -2, -2, -2, -2, -2, -2, -2, -2, -2, -2, -2, -2, -2, -2, -2, -1, -2, -2, 
        -2, -2, -2, -2, -2, -2, -2, -2, -2, -2, -2, -2, -2, -2, -2, -2, -2, -2, 
        -2, -2, 1, 2, 2, 2, 2, 2, 2, 2, 2, 2, 2, 2, 2, 2, 2, 2, 2, 2, 2, 2, 2, 
        -1, 2, 2, 1, -2, -2, -2, -2, -2, -2, -2, -2, -2, -2, -2, -2, -2, -2, -2,
        -2, -2, -2, -2, -2, -1, 2, 2, 2, 2, 2, 2, 1, 2, 2, 2, 2, 2, 2, 2, 2, 2, 
        2, 2, 2, 2, 2, 2, 2, -1, 2, 2, 1, 2, 2, 2, 2, -1, 2, 2, 1 ],
        [ IntegerRing() | 2, 2, 2, 2, 2, 2, 2, 2, 2, 2, 2, 2, 2, 2, 2, 2, 2, 2, 
        2, 2, -1, 2, 2, 1, -2, -2, -2, -2, -2, -2, -2, -2, -2, -2, -2, -2, -2, 
        -2, -2, -2, -2, -2, -2, -2, -1, -2, -2, -2, -2, -2, -2, -2, -2, -2, -2, 
        -2, -2, -2, -2, -2, -2, -2, -2, -2, -2, -2, -2, 1, 2, 2, 2, 2, 2, 2, 2, 
        2, 2, 2, 2, 2, 2, 2, 2, 2, 2, 2, 2, 2, -1, 2, 2, 1, -2, -2, -2, -2, -2, 
        -2, -2, -2, -2, -2, -2, -2, -2, -2, -2, -2, -2, -2, -2, -2, -1, 2, 2, 2,
        2, 2, 2, 2, 2, 2, 2, 2, 2, 2, 2, 2, 2, 2, 2, 2, 2, 2, 2, 1, 2, 2, 2, 2, 
        2, 2, 2, 2, 2, 2, 2, 2, 2, 2, 2, 2, 2, 2, 2, 2, 2, 2, 2, 2, 2, 2, 2, 2, 
        -1, 2, 2, 2, 2, 1, 2, 2, 2, 2, 2, 2, 2, 2 ],
        [ IntegerRing() | 2, 2, 2, 2, 2, 2, 2, 2, 2, 2, 2, 2, 2, 2, 2, 2, 2, 2, 
        2, 2, -1, 2, 2, 1, -2, -2, -2, -2, -2, -2, -2, -2, -2, -2, -2, -2, -2, 
        -2, -2, -2, -2, -2, -2, -2, -1, -2, -2, -2, -2, -2, -2, -2, -2, -2, -2, 
        -2, -2, -2, -2, -2, -2, -2, -2, -2, -2, -2, -2, 1, 2, 2, 2, 2, 2, 2, 2, 
        2, 2, 2, 2, 2, 2, 2, 2, 2, 2, 2, 2, 2, -1, 2, 2, 1, -2, -2, -2, -2, -2, 
        -2, -2, -2, -2, -2, -2, -2, -2, -2, -2, -2, -2, -2, -2, -2, -1, 2, 2, 2,
        2, 2, 2, 2, 2, 2, 2, 2, 2, 2, 2, 2, 2, 2, 2, 1, 2, 2, 2, 2, 2, 2, 2, 2, 
        2, 2, 2, 2, 2, 2, 2, 2, 2, 2, 2, 2, 2, 2, 2, 2, 2, 2, 2, 2, 2, 2, 2, 2, 
        2, 2, 2, 2, 2, 2, 2, 2, 2, 2, 2, 2, 2, 2, 2, 2, 2, 2, 2, 2, 2, 2, 2, 2, 
        2, 2, 2, 2 ],
        [ IntegerRing() | 2, 2, 2, 2, 2, 2, 2, 2, 2, 2, 2, 2, 2, 2, 2, 2, 2, 2, 
        2, 2, -1, 2, 2, 1, -2, -2, -2, -2, -2, -2, -2, -2, -2, -2, -2, -2, -2, 
        -2, -2, -2, -2, -2, -2, -2, -1, -2, -2, -2, -2, -2, -2, -2, -2, -2, -2, 
        -2, -2, -2, -2, -2, -2, -2, -2, -2, -2, -2, -2, 1, 2, 2, 2, 2, 2, 2, 2, 
        2, 2, 2, 2, 2, 2, 2, 2, 2, 2, 2, 2, 2, -1, 2, 2, 1, -2, -2, -2, -2, -2, 
        -2, -2, -2, -2, -2, -2, -2, -2, -2, -2, -2, -2, -2, -2, -2, -1, -2, -2, 
        -2, -2, -2, -2, -2, -2, -2, -2, -2, -2, -2, -2, -2, -2, -2, -2, -2, -2, 
        -2, -2, 1, 2, 2, 2, 2, 2, 2, 2, 2, 2, 2, 2, 2, 2, 2, 2, 2, 2, 2, 2, 2, 
        -1, 2, 2, 1, -2, -2, -2, -2, -2, -2, -2, -2, -2, -2, -2, -2, -2, -2, -2,
        -2, -2, -2, -2, -2, -1, -2, -2, -2, -2, -2, -2, -2, -2, -2, -2, -2, -2, 
        -2, -2, -2, -2, -2, -2, -2, -2, -2, -2, 1, 2, 2, 2, 2, 2, 2, 2, 2, 2, 2,
        2, 2, 2, 2, 2, 2, 2, 2, 2, 2, -1, 2, 2, 1, -2, -2, -2, -2, -2, -2, -2, 
        -2, -2, -2, -2, -2, -2, -2, -2, -2, -2, -2, -2, -2, -1, 2, 2, 2, 2, 2, 
        2, 2, 2, 2, 2, 2, 2, 2, 2, 2, 2, 2, 2, 2, 2, 2, 2, 2, 2, 2, 2, 2, 2, 2, 
        2, 2, 2, 2, 2, 2, 2, 2, 2, 2, 2, 2, 2, 2, 2, 2, 2, 1, 2, 2, 2, 2, 2, 2, 
        2, 2, 2, 2, 2, 2, 2, 2, 2, 2, -1, 2, 2, 1, 2, 2, 2, 2, -1, 2, 2, 1 ],
        [ IntegerRing() | 2, 2, 2, 2, 2, 2, 2, 2, 2, 2, 2, 2, 2, 2, 2, 2, 2, 2, 
        2, 2, -1, 2, 2, 1, -2, -2, -2, -2, -2, -2, -2, -2, -2, -2, -2, -2, -2, 
        -2, -2, -2, -2, -2, -2, -2, -1, -2, -2, -2, -2, -2, -2, -2, -2, -2, -2, 
        -2, -2, -2, -2, -2, -2, -2, -2, -2, -2, -2, -2, 1, 2, 2, 2, 2, 2, 2, 2, 
        2, 2, 2, 2, 2, 2, 2, 2, 2, 2, 2, 2, 2, -1, 2, 2, 1, -2, -2, -2, -2, -2, 
        -2, -2, -2, -2, -2, -2, -2, -2, -2, -2, -2, -2, -2, -2, -2, -1, -2, -2, 
        -2, -2, -2, -2, -2, -2, -2, -2, -2, -2, -2, -2, -2, -2, -2, -2, -2, -2, 
        -2, -2, 1, 2, 2, 2, 2, 2, 2, 2, 2, 2, 2, 2, 2, 2, 2, 2, 2, 2, 2, 2, 2, 
        -1, 2, 2, 1, -2, -2, -2, -2, -2, -2, -2, -2, -2, -2, -2, -2, -2, -2, -2,
        -2, -2, -2, -2, -2, -1, -2, -2, 1 ],
        [ IntegerRing() | 2, 2, 2, 2, 2, 2, 2, 2, 2, 2, 2, 2, 2, 2, 2, 2, 2, 2, 
        2, 2, -1, 2, 2, 1, -2, -2, -2, -2, -2, -2, -2, -2, -2, -2, -2, -2, -2, 
        -2, -2, -2, -2, -2, -2, -2, -1, -2, -2, -2, -2, -2, -2, -2, -2, -2, -2, 
        -2, -2, -2, -2, -2, -2, -2, -2, -2, -2, -2, -2, 1, 2, 2, 2, 2, 2, 2, 2, 
        2, 2, 2, 2, 2, 2, 2, 2, 2, 2, 2, 2, 2, -1, 2, 2, 1, -2, -2, -2, -2, -2, 
        -2, -2, -2, -2, -2, -2, -2, -2, -2, -2, -2, -2, -2, -2, -2, -1, -2, -2, 
        -2, -2, -2, -2, -2, -2, -2, -2, -2, -2, -2, -2, -2, -2, -2, -2, -2, -2, 
        -2, -2, 1, 2, 2, 2, 2, 2, 2, 2, 2, 2, 2, 2, 2, 2, 2, 2, 2, 2, 2, 2, 2, 
        -1, 2, 2, 1, -2, -2, -2, -2, -2, -2, -2, -2, -2, -2, -2, -2, -2, -2, -2,
        -2, -2, -2, -2, -2, -1, 2, 2, 2, 2, 2, 2, 2, 2, 2, 2, 2, 2, 2, 2, 2, 2, 
        2, 2, 2, 2, 2, 2, 2, 2, 2, 2, 2, 2, 2, 2, 2, 2, 2, 2, 2, 2, 2, 2, 2, 2, 
        2, 2, 2, 2, 2, 2, 2, 2, 2, 2, 2, 2, 1, 2, 2, 2, 2, 2, 2, 2, 2, 2, 2, 2, 
        2, 2, 2, 2, 2, 2, 2, 2, 2, 2, 2, 2, 2, 2, 2, 2, 2, 2, 2, 2, 2, 2, 2, 2, 
        2, 2, 2, 2, 2, 2, 2, 2, 2, 2, 2, 2, 2, 2, 2, 2, 2, 2, 2, 2, 2, 2, 2, 2, 
        2, 2, 2, 2, 2, 2, 2, 2, 2, -1, 2, 2, 2, 2, 1, 2, 2, 2, 2, 2, 2, 2, 2, 1,
        1 ],
        [ IntegerRing() | -1, 2, 2, 2, 2, 2, 2, 2, 2, 2, 2, 2, 2, 2, 2, 2, 2, 2,
        2, 2, 2, 2, 2, 2, 2, 2, 2, 2, 2, 2, 2, 2, 2, 2, 2, 2, 2, 2, 2, 2, 2, 2, 
        2, 2, 2, 2, 2, 2, 2, 2, 2, 2, 2, 2, 2, 2, 2, 2, 2, 2, 2, 2, 2, 2, 2, 2, 
        2, 2, 2, 2, 2, 2, 2, 2, 2, 2, 2, 2, 2, 2, 2, 2, 2, 2, 2, 2, 2, 2, 2, 2, 
        2, 2, 2, 1, 2, 2, 2, 2, 2, 2, 2, 2, 2, 2, 2, 2, 2, 2, 2, 2, 2, 2, 2, 2, 
        2, 2, 2, 2, 2, 2, 2, 2, -1, 2, 2, 1, 1, 2, 1 ],
        [ IntegerRing() | 2, 2, 2, 2, 2, 2, 2, 2, 2, 2, 2, 2, 2, 2, 2, 2, 2, 2, 
        2, 2, -1, 2, 2, 1, -2, -2, -2, -2, -2, -2, -2, -2, -2, -2, -2, -2, -2, 
        -2, -2, -2, -2, -2, -2, -2, -1, -2, -2, -2, -2, -2, -2, -2, -2, -2, -2, 
        -2, -2, -2, -2, -2, -2, -2, -2, -2, -2, -2, -2, 1, 2, 2, 2, 2, 2, 2, 2, 
        2, 2, 2, 2, 2, 2, 2, 2, 2, 2, 2, 2, 2, -1, 2, 2, 1, -2, -2, -2, -2, -2, 
        -2, -2, -2, -2, -2, -2, -2, -2, -2, -2, -2, -2, -2, -2, -2, -1, 2, 2, 2,
        2, 2, 2, 2, 2, 2, 2, 2, 2, 2, 2, 2, 2, 2, 2, 2, 2, 2, 2, 2, 2, 2, 2, 2, 
        2, 2, 2, 2, 2, 2, 2, 2, 2, 2, 2, 1, 2, 2, 2, 2, 2, 2, 2, 2, 2, 2, 2, 2, 
        2, 2, 2, 2, 2, 2, 2, 2, 2, 2, 2, 2, -1, 2, 2, 2, 2, 2, 2, 1, 1, 1 ],
        [ IntegerRing() | -1, 2, 2, 2, 2, 2, 2, 2, 2, 2, 2, 2, 2, 2, 2, 2, 2, 2,
        2, 2, 2, 2, 2, 2, 2, 2, 2, 2, 2, 2, 2, 2, 2, 2, 2, 2, 2, 2, 2, 1, 2, 2, 
        2, 2, 2, 2, 2, 2, 2, 2, 2, 2, 2, 2, 2, 2, 2, 2, 2, 2, 2, 2, 2, 2, 2, 2, 
        2, 2, 2, 2, 2, 2, -1, 2, 2, 2, 2, 1 ]
    ], level := 100, genus := 12, index := 180, contains_minus_one := true, 
    subgroups := [], supergroups := [ IntegerRing() | 109, 1248 ], name := 
    "100C12", label := "C", order := 4000, GLZConj := 1, matgens := [ 
        PowerSequence(IntegerRing(100)) |
        [ IntegerRing(100) | 3, 96, 6, 59 ],
        [ IntegerRing(100) | 21, 60, 60, 81 ],
        [ IntegerRing(100) | 51, 0, 50, 51 ],
        [ IntegerRing(100) | 69, 40, 80, 29 ],
        [ IntegerRing(100) | 69, 78, 11, 11 ],
        [ IntegerRing(100) | 73, 32, 22, 85 ],
        [ IntegerRing(100) | 81, 0, 80, 21 ],
        [ IntegerRing(100) | 83, 72, 67, 75 ],
        [ IntegerRing(100) | 85, 52, 72, 57 ],
        [ IntegerRing(100) | 85, 72, 52, 57 ]
    ], cusps := [ IntegerRing() | 5, 5, 20, 25, 25, 100 ], c2 := [ IntegerRing()
    | 1, 1, 1, 1, 2, 2, 2, 2, 2, 2, 2, 2, 2, 2, 2, 2, 2, 2, 2, 2, 2, 2, 2, 2, 2,
    2, 2, 2, 2, 2, 2, 2, 2, 2, 2, 2, 2, 2, 2, 2, 2, 2, 2, 2, 2, 2, 2, 2, 2, 2, 
    2, 2, 2, 2, 2, 2, 2, 2, 2, 2, 2, 2, 2, 2, 2, 2, 2, 2, 2, 2, 2, 2, 2, 2, 2, 
    2, 2, 2, 2, 2, 2, 2, 2, 2, 2, 2, 2, 2, 2, 2, 2, 2 ], c3 := [ IntegerRing() |
    3, 3, 3, 3, 3, 3, 3, 3, 3, 3, 3, 3, 3, 3, 3, 3, 3, 3, 3, 3, 3, 3, 3, 3, 3, 
    3, 3, 3, 3, 3, 3, 3, 3, 3, 3, 3, 3, 3, 3, 3, 3, 3, 3, 3, 3, 3, 3, 3, 3, 3, 
    3, 3, 3, 3, 3, 3, 3, 3, 3, 3 ], gc := [ IntegerRing() | 2, 2, 2, 2, 2, 2, 4,
    4, 4, 4, 4, 4, 4, 4, 4, 4, 4, 4, 20, 20, 20, 20, 20, 20 ], special_name := 
    [], special_name_html := [], direct_subgroups := [], direct_supergroups := [
    IntegerRing() | 109, 1248 ], length := 90, treename := [ 
        PowerSequence(IntegerRing()) |
        [ IntegerRing() | 300, 2, 4, 6, 8 ],
        [ IntegerRing() | 300, 2, 10, 9, 5 ],
        [ IntegerRing() | 400, 2, 2, 4, 6 ],
        [ IntegerRing() | 400, 2, 8, 12, 1 ],
        [ IntegerRing() | 500, 2, 7, 4, 6 ],
        [ IntegerRing() | 500, 2, 8, 12, 1 ]
    ], treesupergroups := [ PowerSequence(IntegerRing()) |
        [ IntegerRing() | 300, 2, 4, 6 ],
        [ IntegerRing() | 300, 2, 10, 9 ],
        [ IntegerRing() | 400, 2, 2, 4 ],
        [ IntegerRing() | 400, 2, 8, 12 ],
        [ IntegerRing() | 500, 2, 7, 4 ],
        [ IntegerRing() | 500, 2, 8, 12 ]
    ]>,
    rec<recformat<generators: SeqEnum, level: IntegerRing(), genus: 
    IntegerRing(), index: IntegerRing(), contains_minus_one: BoolElt, subgroups:
    SeqEnum, supergroups: SeqEnum, name: MonStgElt, label: MonStgElt, order: 
    IntegerRing(), GLZConj: IntegerRing(), matgens: SeqEnum, cusps: SeqEnum, c2:
    SeqEnum, c3: SeqEnum, gc: SeqEnum, projections: SeqEnum, special_name: 
    SeqEnum, special_name_html: SeqEnum, direct_subgroups: SeqEnum, 
    direct_supergroups: SeqEnum, length: IntegerRing(), treename: SeqEnum, 
    treesupergroups: SeqEnum> | generators := [ PowerSequence(IntegerRing()) |
        [ IntegerRing() | -1, 2, 2, 2, 2, 2, 2, 2, 2, 2, 2, 2, 2, 2, 2, 2, 2, 2,
        2, 2, 2, 2, 2, 2, 2, 2, 2, 2, 2, 2, 2, 2, 2, 2, 2, 2, 2, 2, 2, 2, 2, 2, 
        2, 2, 2, 2, 2, 2, 2, 2, 2, 1 ],
        [ IntegerRing() | 2, 2, 2, 2, 2, 2, 2, 2, 2, 2, 2, 2, 2, 2, 2, 2, 2, 2, 
        2, 2, -1, 2, 2, 1, -2, -2, -2, -2, -2, -2, -2, -2, -2, -2, -2, -2, -2, 
        -2, -2, -2, -2, -2, -2, -2, -1, -2, -2, -2, -2, -2, -2, -2, -2, -2, -2, 
        -2, -2, -2, -2, -2, -2, -2, -2, -2, -2, -2, -2, 1, 2, 2, 2, 2, 2, 2, 2, 
        2, 2, 2, 2, 2, 2, 2, 2, 2, 2, 2, 2, 2, -1, 2, 2, 1, -2, -2, -2, -2, -2, 
        -2, -2, -2, -2, -2, -2, -2, -2, -2, -2, -2, -2, -2, -2, -2, -1, -2, -2, 
        -2, -2, -2, -2, -2, -2, -2, -2, -2, -2, -2, -2, -2, -2, -2, -2, -2, -2, 
        -2, -2, 1, 2, 2, 2, 2, 2, 2, 2, 2, 2, 2, 2, 2, 2, 2, 2, 2, 2, 2, 2, 2, 
        -1, 2, 2, 1, -2, -2, -2, -2, -2, -2, -2, -2, -2, -2, -2, -2, -2, -2, -2,
        -2, -2, -2, -2, -2, -1, -2, -2, -2, -2, -2, -2, -2, -2, -2, -2, -2, -2, 
        -2, -2, -2, -2, -2, -2, -2, -2, -2, -2, 1, 2, 2, 2, 2, 2, 2, 2, 2, 2, 2,
        2, 2, 2, 2, 2, 2, 2, 2, 2, 2, -1, 2, 2, 1, -2, -2, -2, -2, -2, -2, -2, 
        -2, -2, -2, -2, -2, -2, -2, -2, -2, -2, -2, -2, -2, -1, 2, 2, 1, 2, 2, 
        2, 2, 2, 2, 2, 2, 2, 2, 2, 2, 2, 2, 2, 2, 2, 2, 2, 2, 2, 2, 2, 2, 2, 2, 
        2, 2, -1, 2, 2, 2, 2, 1, 2, 2, 2, 2, 2, 2, 2, 2 ],
        [ IntegerRing() | 2, 2, 2, 2, 2, 2, 2, 2, 2, 2, 2, 2, 2, 2, 2, 2, 2, 2, 
        2, 2, -1, 2, 2, 1, -2, -2, -2, -2, -2, -2, -2, -2, -2, -2, -2, -2, -2, 
        -2, -2, -2, -2, -2, -2, -2, -1, -2, -2, -2, -2, -2, -2, -2, -2, -2, -2, 
        -2, -2, -2, -2, -2, -2, -2, -2, -2, -2, -2, -2, 1, 2, 2, 2, 2, 2, 2, 2, 
        2, 2, 2, 2, 2, 2, 2, 2, 2, 2, 2, 2, 2, -1, 2, 2, 1, -2, -2, -2, -2, -2, 
        -2, -2, -2, -2, -2, -2, -2, -2, -2, -2, -2, -2, -2, -2, -2, -1, -2, -2, 
        -2, -2, -2, -2, -2, -2, -2, -2, -2, -2, -2, -2, -2, -2, -2, -2, -2, -2, 
        -2, -2, 1, 2, 2, 2, 2, 2, 2, 2, 2, 2, 2, 2, 2, 2, 2, 2, 2, 2, 2, 2, 2, 
        -1, 2, 2, 1, -2, -2, -2, -2, -2, -2, -2, -2, -2, -2, -2, -2, -2, -2, -2,
        -2, -2, -2, -2, -2, -1, -2, -2, -2, -2, -2, -2, -2, -2, -2, -2, -2, -2, 
        -2, -2, -2, -2, -2, -2, -2, -2, -2, -2, 1, 2, 2, 2, 2, 2, 2, 2, 2, 2, 2,
        2, 2, 2, 2, 2, 2, 2, 2, 2, 2, -1, 2, 2, 1, -2, -2, -2, -2, -2, -2, -2, 
        -2, -2, -2, -2, -2, -2, -2, -2, -2, -2, -2, -2, -2, -1, 2, 2, 2, 2, 2, 
        2, 2, 2, 2, 2, 2, 2, 2, 2, 2, 2, 2, 2, 2, 2, 2, 2, 2, 2, 2, 2, 2, 2, 2, 
        2, 2, 2, 2, 2, 2, 2, 2, 2, 2, 2, 2, 2, 2, 2, 2, 2, 2, 2, 2, 2, 2, 2, 2, 
        2, 2, 2, 2, 2, 2, 2, 2, 2, 2, 2, 2, 2, 2, 2, 2, 2, 2, 2, 2, 2, 2, 2, 1, 
        2, 2, 2, 2, 2, 2, 2, 2, 2, 2, 2, 2, 2, 2, 2, 2, 2, 2, 2, 2, 2, 2, 2, 2, 
        2, 2, 2, 2, 2, 2, 2, 2, 2, 2, 2, 2, 2, 2, 2, 2, 2, 2, 2, 2, 2, 2, 2, 2, 
        -1, 2, 2, 2, 2, 1, 2, 2, 2, 2, 2, 2, 2, 2, -1, 2, 1 ],
        [ IntegerRing() | 2, 2, 2, 2, 2, 2, 2, 2, 2, 2, 2, 2, 2, 2, 2, 2, 2, 2, 
        2, 2, -1, 2, 2, 1, -2, -2, -2, -2, -2, -2, -2, -2, -2, -2, -2, -2, -2, 
        -2, -2, -2, -2, -2, -2, -2, -1, -2, -2, -2, -2, -2, -2, -2, -2, -2, -2, 
        -2, -2, -2, -2, -2, -2, -2, -2, -2, -2, -2, -2, 1, 2, 2, 2, 2, 2, 2, 2, 
        2, 2, 2, 2, 2, 2, 2, 2, 2, 2, 2, 2, 2, -1, 2, 2, 1, -2, -2, -2, -2, -2, 
        -2, -2, -2, -2, -2, -2, -2, -2, -2, -2, -2, -2, -2, -2, -2, -1, 2, 2, 2,
        2, 2, 2, 2, 2, 2, 2, 2, 2, 2, 2, 2, 2, 2, 2, 1, 2, 2, 2, 2, 2, 2, 2, 2, 
        2, 2, 2, 2, 2, 2, 2, 2, 2, 2, 2, 2, 2, 2, 2, 2, 2, 2, 2, 2, 2, 2, 2, 2, 
        2, 2, 2, 2, 2, 2, 2, 2, 2, 2, 2, 2, 2, 2, 2, 2, 2, 2, 2, 2, 2, 2, 2, 2, 
        2, 2, 2, 2 ],
        [ IntegerRing() | 2, 2, 2, 2, 2, 2, 2, 2, 2, 2, 2, 2, 2, 2, 2, 2, 2, 2, 
        2, 2, -1, 2, 2, 1, -2, -2, -2, -2, -2, -2, -2, -2, -2, -2, -2, -2, -2, 
        -2, -2, -2, -2, -2, -2, -2, -1, -2, -2, -2, -2, -2, -2, -2, -2, -2, -2, 
        -2, -2, -2, -2, -2, -2, -2, -2, -2, -2, -2, -2, 1, 2, 2, 2, 2, 2, 2, 2, 
        2, 2, 2, 2, 2, 2, 2, 2, 2, 2, 2, 2, 2, -1, 2, 2, 1, -2, -2, -2, -2, -2, 
        -2, -2, -2, -2, -2, -2, -2, -2, -2, -2, -2, -2, -2, -2, -2, -1, 2, 2, 2,
        2, 2, 2, 2, 2, 2, 2, 2, 2, 2, 2, 2, 2, 2, 2, 2, 2, 2, 2, 2, 2, 2, 2, 2, 
        2, 2, 2, 2, 2, 2, 2, 2, 2, 2, 2, 2, 2, 2, 2, 2, 2, 2, 2, 1, 2, 2, 2, 2, 
        2, 2, 2, 2, 2, 2, 2, 2, 2, 2, 2, 2, -1, 2, 2, 1, 2, 2, 2, 2, -1, 2, 2, 1
        ],
        [ IntegerRing() | 2, 2, 2, 2, 2, 2, 2, 2, 2, 2, 2, 2, 2, 2, 2, 2, 2, 2, 
        2, 2, -1, 2, 2, 1, -2, -2, -2, -2, -2, -2, -2, -2, -2, -2, -2, -2, -2, 
        -2, -2, -2, -2, -2, -2, -2, -1, -2, -2, -2, -2, -2, -2, -2, -2, -2, -2, 
        -2, -2, -2, -2, -2, -2, -2, -2, -2, -2, -2, -2, 1, 2, 2, 2, 2, 2, 2, 2, 
        2, 2, 2, 2, 2, 2, 2, 2, 2, 2, 2, 2, 2, -1, 2, 2, 1, -2, -2, -2, -2, -2, 
        -2, -2, -2, -2, -2, -2, -2, -2, -2, -2, -2, -2, -2, -2, -2, -1, -2, -2, 
        -2, -2, -2, -2, -2, -2, -2, -2, -2, -2, -2, -2, -2, -2, -2, -2, -2, -2, 
        -2, -2, 1, 2, 2, 2, 2, 2, 2, 2, 2, 2, 2, 2, 2, 2, 2, 2, 2, 2, 2, 2, 2 ],
        [ IntegerRing() | 2, 2, 2, 2, 2, 2, 2, 2, 2, 2, 2, 2, 2, 2, 2, 2, 2, 2, 
        2, 2, -1, 2, 2, 1, -2, -2, -2, -2, -2, -2, -2, -2, -2, -2, -2, -2, -2, 
        -2, -2, -2, -2, -2, -2, -2, -1, -2, -2, -2, -2, -2, -2, -2, -2, -2, -2, 
        -2, -2, -2, -2, -2, -2, -2, -2, -2, -2, -2, -2, 1, 2, 2, 2, 2, 2, 2, 2, 
        2, 2, 2, 2, 2, 2, 2, 2, 2, 2, 2, 2, 2, -1, 2, 2, 1, -2, -2, -2, -2, -2, 
        -2, -2, -2, -2, -2, -2, -2, -2, -2, -2, -2, -2, -2, -2, -2, -1, -2, -2, 
        -2, -2, -2, -2, -2, -2, -2, -2, -2, -2, -2, -2, -2, -2, -2, -2, -2, -2, 
        -2, -2, 1, 2, 2, 2, 2, 2, 2, 2, 2, 2, 2, 2, 2, 2, 2, 2, 2, 2, 2, 2, 2, 
        -1, 2, 2, 1, -2, -2, -2, -2, -2, -2, -2, -2, -2, -2, -2, -2, -2, -2, -2,
        -2, -2, -2, -2, -2, -1, -2, -2, -2, -2, 1, 2, 2, 2, 2, 2, 2, 2, 2, 2, 2,
        2, 2, 2, 2, 2, 2, -1, 2, 2, 2, 2, 2, 2, 1, -2, -2 ],
        [ IntegerRing() | 2, 2, 2, 2, 2, 2, 2, 2, 2, 2, 2, 2, 2, 2, 2, 2, 2, 2, 
        2, 2, -1, 2, 2, 1, -2, -2, -2, -2, -2, -2, -2, -2, -2, -2, -2, -2, -2, 
        -2, -2, -2, -2, -2, -2, -2, -1, -2, -2, -2, -2, -2, -2, -2, -2, -2, -2, 
        -2, -2, -2, -2, -2, -2, -2, -2, -2, -2, -2, -2, 1, 2, 2, 2, 2, 2, 2, 2, 
        2, 2, 2, 2, 2, 2, 2, 2, 2, 2, 2, 2, 2, -1, 2, 2, 1, -2, -2, -2, -2, -2, 
        -2, -2, -2, -2, -2, -2, -2, -2, -2, -2, -2, -2, -2, -2, -2, -1, -2, -2, 
        -2, -2, -2, -2, -2, -2, -2, -2, -2, -2, -2, -2, -2, -2, -2, -2, -2, -2, 
        -2, -2, 1, 2, 2, 2, 2, 2, 2, 2, 2, 2, 2, 2, 2, 2, 2, 2, 2, 2, 2, 2, 2, 
        -1, 2, 2, 1, -2, -2, -2, -2, -2, -2, -2, -2, -2, -2, -2, -2, -2, -2, -2,
        -2, -2, -2, -2, -2, -1, 2, 2, 2, 2, 2, 2, 2, 2, 2, 2, 2, 2, 2, 2, 2, 2, 
        2, 2, 2, 2, 2, 2, 2, 2, 2, 2, 2, 2, 2, 2, 2, 2, 2, 2, 2, 2, 2, 2, 2, 2, 
        2, 2, 2, 2, 2, 2, 2, 2, 2, 2, 2, 2, 1, 2, 2, 2, 2, 2, 2, 2, 2, 2, 2, 2, 
        2, 2, 2, 2, 2, 2, 2, 2, 2, 2, 2, 2, 2, 2, 2, 2, 2, 2, 2, 2, 2, 2, 2, 2, 
        2, 2, 2, 2, 2, 2, 2, 2, 2, 2, 2, 2, 2, 2, 2, 2, 2, 2, 2, 2, 2, 2, 2, 2, 
        2, 2, 2, 2, 2, 2, 2, 2, 2, -1, 2, 2, 2, 2, 1, 2, 2, 2, 2, 2, 2, 2, 2, 1,
        1 ]
    ], level := 100, genus := 12, index := 180, contains_minus_one := true, 
    subgroups := [], supergroups := [ IntegerRing() | 109, 1249 ], name := 
    "100D12", label := "D", order := 4000, GLZConj := 1, matgens := [ 
        PowerSequence(IntegerRing(100)) |
        [ IntegerRing(100) | 1, 0, 50, 1 ],
        [ IntegerRing(100) | 5, 86, 84, 5 ],
        [ IntegerRing(100) | 21, 20, 0, 81 ],
        [ IntegerRing(100) | 21, 60, 60, 81 ],
        [ IntegerRing(100) | 49, 20, 5, 49 ],
        [ IntegerRing(100) | 49, 40, 60, 49 ],
        [ IntegerRing(100) | 51, 0, 50, 51 ],
        [ IntegerRing(100) | 85, 32, 92, 97 ]
    ], cusps := [ IntegerRing() | 5, 5, 20, 25, 25, 100 ], c2 := [ IntegerRing()
    | 1, 1, 1, 1, 2, 2, 2, 2, 2, 2, 2, 2, 2, 2, 2, 2, 2, 2, 2, 2, 2, 2, 2, 2, 2,
    2, 2, 2, 2, 2, 2, 2, 2, 2, 2, 2, 2, 2, 2, 2, 2, 2, 2, 2, 2, 2, 2, 2, 2, 2, 
    2, 2, 2, 2, 2, 2, 2, 2, 2, 2, 2, 2, 2, 2, 2, 2, 2, 2, 2, 2, 2, 2, 2, 2, 2, 
    2, 2, 2, 2, 2, 2, 2, 2, 2, 2, 2, 2, 2, 2, 2, 2, 2 ], c3 := [ IntegerRing() |
    3, 3, 3, 3, 3, 3, 3, 3, 3, 3, 3, 3, 3, 3, 3, 3, 3, 3, 3, 3, 3, 3, 3, 3, 3, 
    3, 3, 3, 3, 3, 3, 3, 3, 3, 3, 3, 3, 3, 3, 3, 3, 3, 3, 3, 3, 3, 3, 3, 3, 3, 
    3, 3, 3, 3, 3, 3, 3, 3, 3, 3 ], gc := [ IntegerRing() | 2, 2, 2, 2, 2, 2, 4,
    4, 4, 4, 4, 4, 4, 4, 4, 4, 4, 4, 20, 20, 20, 20, 20, 20 ], special_name := 
    [], special_name_html := [], direct_subgroups := [], direct_supergroups := [
    IntegerRing() | 109, 1249 ], length := 90, treename := [ 
        PowerSequence(IntegerRing()) |
        [ IntegerRing() | 300, 2, 7, 6, 10 ],
        [ IntegerRing() | 300, 2, 10, 9, 3 ],
        [ IntegerRing() | 400, 2, 3, 4, 6 ],
        [ IntegerRing() | 400, 2, 8, 12, 6 ],
        [ IntegerRing() | 500, 2, 3, 4, 6 ],
        [ IntegerRing() | 500, 2, 8, 12, 6 ]
    ], treesupergroups := [ PowerSequence(IntegerRing()) |
        [ IntegerRing() | 300, 2, 7, 6 ],
        [ IntegerRing() | 300, 2, 10, 9 ],
        [ IntegerRing() | 400, 2, 3, 4 ],
        [ IntegerRing() | 400, 2, 8, 12 ],
        [ IntegerRing() | 500, 2, 3, 4 ],
        [ IntegerRing() | 500, 2, 8, 12 ]
    ]>
]
;

