// list of all congruence groups with genus  1
// with  40 <= level < 48
//
// by c cummins and s pauli
// load "csg1-lev32.dat";
import "csg1-lev32.dat" : L1_32;
L1_40 := L1_32 cat
[ PowerStructure(Rec) |
    rec<recformat<generators: SeqEnum, level: IntegerRing(), genus: 
    IntegerRing(), index: IntegerRing(), contains_minus_one: BoolElt, subgroups:
    SeqEnum, supergroups: SeqEnum, name: MonStgElt, label: MonStgElt, order: 
    IntegerRing(), GLZConj: IntegerRing(), matgens: SeqEnum, cusps: SeqEnum, c2:
    SeqEnum, c3: SeqEnum, gc: SeqEnum, projections: SeqEnum, special_name: 
    SeqEnum, special_name_html: SeqEnum, direct_subgroups: SeqEnum, 
    direct_supergroups: SeqEnum, length: IntegerRing(), treename: SeqEnum, 
    treesupergroups: SeqEnum> | generators := [ PowerSequence(IntegerRing()) |
        [ IntegerRing() | 1, 2, 2, 2, 2, 2, 2, 2, 2, -1, 2, 2, 1, 2, 2, 2, 2, 
        -1, -2, -2, 1, -2, -2, -2, -2, -2, -2, -2, -2, -2, -2, -2, -2, -2, -2, 
        -2, -2, -2, -2, -2, -2, -1, 2, 2, 1, 2, 2, 2, 2, -1, -2, -2, 1, -2, -2, 
        -2, -2, -2, -2, -2, -2, -2, -2, -2, -2, -2, -2, -2, -2, -2, -2, -2, -2, 
        -1, 2, 2, 1, 2, 2, 2, 2, -1, -2, -2, 1, -2, -2, -2, -2, -2, -2, -2, -2, 
        -2, -2, -2, -2, -2, -2, -1 ],
        [ IntegerRing() | 1, 2, 2, 2, 2, 2, 2, 2, 2, -1, 2, 2, 1, 2, 2, 2, 2, 
        -1, -2, -2, 1, -2, -2, -2, -2, -2, -2, -2, -2, -1, 2, 2, 2, 2 ],
        [ IntegerRing() | 1, 2, 2, 2, 2, 2, 2, 2, 2, -1, 2, 2, 1, 2, 2, 2, 2, 
        -1, -2, -2, 1, -2, -2, -2, -2, -2, -2, -2, -2, -2, -2, -2, -2, -2, -2, 
        -2, -2, -2, -2, -2, -2, -1, 2, 2, 1, 2, 2, 2, 2, -1, -2, -2, 1, -2, -2, 
        -2, -2, -2, -2, -2, -2, -2, -2, -2, -2, -2, -2, -2, -2, -2, -2, -2, -2, 
        -1, 2, 2, 1, 2, 2, 2, 2, -1, -2, -2, 1, -2, -2, -2, -2, -2, -2, -2, -2, 
        -2, -2, -2, -2, -1, 2, 2, 1, 2, 2, 2, 2, 2, 2, 1, 2, 2, 2, 2 ],
        [ IntegerRing() | 1, 2, 2, 2, 2, 2, 2, 2, 2, -1, 2, 2, 1, 2, 2, 2, 2, 
        -1, -2, -2, 1, -2, -2, -2, -2, -2, -2, -2, -2, -2, -2, -2, -2, -2, -2, 
        -2, -2, -2, -2, -1, 2, 2, 1, 2, 2, 2, 2, 2, 2, 2, 2, -1, -2, -2, 1, 1, 
        2, 2, 1, 2, 2, 1, 2, 2 ],
        [ IntegerRing() | 1, 2, 2, 2, 2, 2, 2, 2, 2, -1, 2, 2, 1, 2, 2, 2, 2, 
        -1, -2, -2, 1, -2, -2, -2, -2, -2, -2, -2, -2, -1, 2, 2, 1, 2, 2, 2, 2, 
        -1, -2, -2, 1, 2, 2, 2, 2, -1 ],
        [ IntegerRing() | 1, 2, 2, 2, 2, 2, 2, 2, 2, -1, 2, 2, 1, 2, 2, 2, 2, 
        -1, -2, -2, 1, -2, -2, -2, -2, -2, -2, -2, -2, -2, -2, -2, -2, -2, -2, 
        -2, -2, -2, -2, -2, -2, -1, 2, 2, 1, 2, 2, 2, 2, -1, -2, -2, 1, -2, -2, 
        -2, -2, -2, -2, -2, -2, -2, -2, -2, -2, -2, -2, -2, -2, -2, -2, -2, -2, 
        -1, 2, 2, 1, 2, 2, 2, 2, -1, -2, -2, 1, -2, -2, -2, -2, -2, -2, -2, -2, 
        -2, -2, -2, -2, -2, -2, -2, -2, -2, -2, -2, -2, -1, 2, 2, 1, 2, 2, 2, 2,
        -1, -2, -2, 1, -2, -2, -2, -2, -2, -2, -2, -2, -2, -2, -2, -2, -2, -2, 
        -2, -2, -2, -2, -2, -2, -2, -2, -2, -2, -2, -2, -2, -2, -1, 2, 2, 1, 2, 
        2, 2, 2, 2, 2, 2, 2, -1, -2, -2, 1, 1, 2, 2, 1, 2, 2, 1, 2, 2, 2, 2 ],
        [ IntegerRing() | 1, 2, 2, 2, 2, 2, 2, 2, 2, -1, 2, 2, 1, 2, 2, 2, 2, 
        -1, -2, -2, 1, -2, -2, -2, -2, -2, -2, -2, -2, -2, -2, -2, -2, -2, -2, 
        -2, -2, -2, -2, -2, -2, -1, 2, 2, 1, 2, 2, 2, 2, -1, -2, -2, 1, -2, -2, 
        -2, -2, -2, -2, -2, -2, -1, 2, 2, 1, 2, 2, 2, 2, -1, -2, -2, 1, 1, 2, 2,
        2, 2, 2, 2, 1 ],
        [ IntegerRing() | 1, 2, 2, 2, 2, 2, 2, 2, 2, 2, 2, 2, 2, 2, 2, 2, 2, 2, 
        2, 2, 2, -1, 2, 2, 1, 2, 2, 2, 2, 2, 2, 2, 2, 2, 2, 2, 2, -1, -2, -2 ]
    ], level := 40, genus := 1, index := 72, contains_minus_one := true, 
    subgroups := [ IntegerRing() | 622, 1055, 1509, 2896, 3975, 4245, 4336 ], 
    supergroups := [ IntegerRing() | 109 ], name := "40A1", label := "A", order 
    := 640, GLZConj := 2, matgens := [ PowerSequence(IntegerRing(40)) |
        [ IntegerRing(40) | 1, 20, 20, 1 ],
        [ IntegerRing(40) | 9, 0, 20, 9 ],
        [ IntegerRing(40) | 9, 8, 26, 1 ],
        [ IntegerRing(40) | 11, 10, 30, 31 ],
        [ IntegerRing(40) | 14, 15, 25, 24 ],
        [ IntegerRing(40) | 17, 8, 8, 25 ],
        [ IntegerRing(40) | 21, 20, 20, 21 ],
        [ IntegerRing(40) | 21, 30, 30, 1 ]
    ], cusps := [ IntegerRing() | 1, 1, 1, 1, 5, 5, 5, 5, 8, 40 ], c2 := [ 
    IntegerRing() | 1, 1, 1, 1, 2, 2, 2, 2, 2, 2, 2, 2, 2, 2, 2, 2, 2, 2, 2, 2, 
    2, 2, 2, 2, 2, 2, 2, 2, 2, 2, 2, 2, 2, 2, 2, 2, 2, 2 ], c3 := [ 
    IntegerRing() | 3, 3, 3, 3, 3, 3, 3, 3, 3, 3, 3, 3, 3, 3, 3, 3, 3, 3, 3, 3, 
    3, 3, 3, 3 ], gc := [ IntegerRing() | 2, 2, 2, 2, 2, 2, 8, 8, 8 ], 
    special_name := [], special_name_html := [], direct_subgroups := [ 
    IntegerRing() | 622, 1055, 1509, 2896, 3975, 4245, 4336 ], 
    direct_supergroups := [ IntegerRing() | 109 ], length := 18, treename := [ 
        PowerSequence(IntegerRing()) |
        [ IntegerRing() | 320, 2, 3, 6, 4 ],
        [ IntegerRing() | 320, 2, 3, 6, 8 ],
        [ IntegerRing() | 360, 3, 6, 9, 9 ],
        [ IntegerRing() | 360, 3, 6, 9, 11 ],
        [ IntegerRing() | 400, 2, 8, 12, 7 ],
        [ IntegerRing() | 400, 2, 8, 12, 12 ],
        [ IntegerRing() | 480, 2, 5, 4, 8 ],
        [ IntegerRing() | 480, 2, 5, 4, 10 ]
    ], treesupergroups := [ PowerSequence(IntegerRing()) |
        [ IntegerRing() | 320, 2, 3, 6 ],
        [ IntegerRing() | 320, 2, 3, 6 ],
        [ IntegerRing() | 360, 3, 6, 9 ],
        [ IntegerRing() | 360, 3, 6, 9 ],
        [ IntegerRing() | 400, 2, 8, 12 ],
        [ IntegerRing() | 400, 2, 8, 12 ],
        [ IntegerRing() | 480, 2, 5, 4 ],
        [ IntegerRing() | 480, 2, 5, 4 ]
    ]>,
    rec<recformat<generators: SeqEnum, level: IntegerRing(), genus: 
    IntegerRing(), index: IntegerRing(), contains_minus_one: BoolElt, subgroups:
    SeqEnum, supergroups: SeqEnum, name: MonStgElt, label: MonStgElt, order: 
    IntegerRing(), GLZConj: IntegerRing(), matgens: SeqEnum, cusps: SeqEnum, c2:
    SeqEnum, c3: SeqEnum, gc: SeqEnum, projections: SeqEnum, special_name: 
    SeqEnum, special_name_html: SeqEnum, direct_subgroups: SeqEnum, 
    direct_supergroups: SeqEnum, length: IntegerRing(), treename: SeqEnum, 
    treesupergroups: SeqEnum> | generators := [ PowerSequence(IntegerRing()) |
        [ IntegerRing() | 1, 2, 2, 2, 2, 2, 2, 2, 2, 2, 2, 2, 2, -1, 2, 2, 2, 2,
        -1, -2, -2, 1, -2, -2, -2, -2, -2, -2, -2, -2, -2, -2, -2, -2, -2, -2, 
        -1, 2, 2, 2, 2, -1, -2, -2, 1, -2, -2, -2, -2, -2, -2, -2, -2, -2, -2, 
        -2, -2, -2, -2, -1, 2, 2, 2, 2, -1, -2, -2, 1, -2, -2, -2, -2, -2, -2, 
        -2, -2, -2, -2, -2, -2, -2, -2, -1, 2, 2, 2, 2, -1, -2, -2, 1, -2, -2, 
        -2, -2, -2, -2, -2, -2, -2, -2, -2, -2, -2, -2, -2, -2, -1, 2, 2, 2, 2, 
        -1, 2, 2, -1, 2, 2, -1, 2, 2, -1, -2, -2, 1, 1 ],
        [ IntegerRing() | 1, 2, 2, 2, 2, 2, 2, 2, 2, 2, 2, 2, 2, -1, 2, 2, 2, 2,
        -1, -2, -2, 1, -2, -2, -2, -2, -2, -2, -2, -2, -2, -2, -2, -2, -2, -2, 
        -1, 2, 2, 2, 2, -1, -2, -2, 1, -2, -2, -2, -2, -2, -2, -2, -2, -2, -2, 
        -2, -2, -2, -2, -1, 2, 2, 2, 2, -1, -2, -2, 1, -2, -2, -2, -2, -2, -2, 
        -2, -2, -2, -2, -2, -2, -2, -2, -1, 2, 2, 2, 2, -1, -2, -2, 1, -2, -2, 
        -2, -2, -2, -2, -2, -2, -2, -2, -2, -2, -2, -2, -1, 2, 2, 2, 2, -1, -2, 
        -2, 1, -2, -2, -2, -2, -2, -2, -2, -2, -2, -2, -2, -2, -2, -2, -2, -2, 
        -2, -2, -2, -2, -2, -2, -2, -2, -2, -2, -1, 2, 2, 2 ],
        [ IntegerRing() | 1, 2, 2, 2, 2, 2, 2, 2, 2, -1, 2, 2, 2, 2, -1, 2, 2, 
        -1, -2, -2 ],
        [ IntegerRing() | 1, 2, 2, 2, 2, 2, 2, 2, 2, 2, 2, 2, 2, -1, 2, 2, 2, 2,
        -1, -2, -2, 1, -2, -2, -2, -2, -2, -2, -2, -2, -2, -2, -2, -2, -2, -2, 
        -1, 2, 2, 2, 2, -1, -2, -2, 1, -2, -2, -2, -2, -2, -2, -2, -2, -2, -2, 
        -2, -2, -2, -2, -1, 2, 2, 2, 2, -1, -2, -2, 1, -2, -2, -1, 2, 2, 2, 2, 
        -1, 2, 2, -1, 2, 2, -1, -2, -2, 1, 1, 2, 2, 1, 2, 1 ],
        [ IntegerRing() | 1, 2, 2, 2, 2, 2, 2, 2, 2, 2, 2, 2, 2, -1, 2, 2, 2, 2,
        -1, -2, -2, 1, -2, -2, -2, -2, -2, -2, -2, -2, -2, -2, -2, -2, -2, -2, 
        -1, 2, 2, 2, 2, -1, -2, -2, 1, -2, -2, -2, -2, -2, -2, -2, -2, -2, -2, 
        -2, -2, -2, -2, -2, -2, -2, -2, -2, -2, -1, 2, 2, 2, 2, -1, 2, 2, -1, 2,
        2, -1, -2, -2, 1, 1, 1 ],
        [ IntegerRing() | 1, 2, 2, 2, 2, 2, 2, 2, 2, 2, 2, 2, 2, -1, 2, 2, 2, 2,
        -1, -2, -2, 1, -2, -2, -2, -2, -2, -2, -2, -2, -2, -2, -2, -2, -2, -2, 
        -1, 2, 2, 2, 2, -1, -2, -2, 1, -2, -2, -2, -2, -2, -2, -2, -2, -2, -2, 
        -2, -2, -2, -2, -1, 2, 2, 2, 2, -1, -2, -2, 1, -2, -2, -2, -2, -2, -2, 
        -2, -2, -2, -2, -2, -2, -2, -2, -1, 2, 2, 2, 2, -1, -2, -2, 1, -2, -2, 
        -2, -2, -2, -2, -2, -2, -2, -2, -2, -2, -2, -2, -1, 2, 2, 2, 2, -1, -2, 
        -2, 1, -2, -2, -2, -2, -2, -2, -2, -2, -2, -2, -2, -2, -2, -2, -1, 2, 2,
        2, 2, -1, -2, -2, 1, -2, -2, -2, -2, -2, -2, -2, -2, -2, -2, -2, -2, -2,
        -2, -1, 2, 2, 2, 2, -1, -2, -2, 1, -2, -2, -2, -2, -2, -2, -2, -2, -2, 
        -2, -2, -2, -2, -2, -1, 2, 2, 2, 2, -1, -2, -2, 1, -2, -2, -2, -2, -2, 
        -2, -2, -2, -2, -2, -1, 2, 2, 2, 2, -1, -2, -2, 1, 2, 2, 2, 2, 1, 2, 2, 
        1 ],
        [ IntegerRing() | 1, 2, 2, 2, 2, 2, 2, 2, 2, 2, 2, 2, 2, -1, 2, 2, 2, 2,
        -1, -2, -2, 1, -2, -2, -2, -2, -2, -2, -2, -2, -2, -2, -2, -2, -2, -2, 
        -1, 2, 2, 2, 2, -1, -2, -2, 1, -2, -2, -2, -2, -2, -2, -2, -2, -2, -2, 
        -2, -2, -2, -2, -1, 2, 2, 2, 2, -1, -2, -2, 1, -2, -2, -2, -2, -2, -2, 
        -2, -2, -2, -2, -2, -2, -2, -2, -1, 2, 2, 2, 2, -1, -2, -2, 1, -2, -2, 
        -2, -2, -2, -2, -2, -2, -2, -2, -2, -2, -2, -2, -1, 2, 2, 2, 2, -1, -2, 
        -2, 1, -2, -2, -2, -2, -2, -2, -2, -2, -2, -2, -2, -2, -2, -2, -1, 2, 2,
        2, 2, -1, -2, -2, 1, -2, -2, -2, -2, -2, -2, -2, -2, -2, -2, -2, -2, -2,
        -2, -1, 2, 2, 2, 2, -1, -2, -2, 1, -2, -2, -2, -2, -2, -2, -2, -2, -2, 
        -2, -2, -2, -2, -2, -1, 2, 2, 2, 2, -1, -2, -2, 1, -2, -2, -2, -2, -2, 
        -2, -2, -2, -2, -2, -2, -2, -2, -2, -1, 2, 2, 2, 2, -1, -2, -2, 1, -2, 
        -2, -2, -2, -2, -2, -2, -2, -2, -2, -2, -2, -1, 2, 2, 2, 2, -1, -2, -2, 
        1, 2, 2, -1 ],
        [ IntegerRing() | 1, 2, 2, 2, 2, 2, 2, 2, 2, 2, 2, 2, 2, -1, 2, 2, 2, 2,
        -1, -2, -2, 1, -2, -2, -2, -2, -2, -2, -2, -2, -2, -2, -2, -2, -2, -2, 
        -1, 2, 2, 2, 2, -1, -2, -2, 1, -2, -2, -2, -2, -2, -2, -2, -2, -2, -2, 
        -2, -2, -2, -2, -1, 2, 2, 2, 2, -1, -2, -2, 1, -2, -2, -2, -2, -2, -2, 
        -2, -2, -2, -2, -2, -2, -2, -2, -1, 2, 2, 2, 2, -1, -2, -2, 1, -2, -2, 
        -2, -2, -2, -2, -2, -2, -2, -2, -2, -2, -2, -2, -1, 2, 2, 2, 2, -1, -2, 
        -2, 1, -2, -2, -2, -2, -2, -2, -2, -2, -2, -2, -2, -2, -2, -2, -1, 2, 2,
        2, 2, -1, -2, -2, 1, -2, -2, -2, -2, -2, -2, -2, -2, -2, -2, -2, -2, -2,
        -2, -1, 2, 2, 2, 2, -1, -2, -2, 1, -2, -2, -2, -2, -2, -2, -2, -2, -2, 
        -2, -2, -2, -2, -2, -1, 2, 2, 2, 2, -1, -2, -2, 1, -2, -2, -2, -2, -2, 
        -2, -2, -2, -2, -2, -2, -2, -2, -2, -1, 2, 2, 2, 2, -1, -2, -2, 1, -2, 
        -2, -2, -2, -2, -2, -2, -2, -2, -2, -2, -2, -2, -2, -1, 2, 2, 2, 2, -1, 
        -2, -2, 1, -2, -2, -2, -2, -2, -2, -2, -2, -2, -2, -2, -2, -2, -2, -1, 
        2, 2, 2, 2, -1, -2, -2, 1, -2, -2, -2, -2, -1, 2, 2, 2, 2, -1, -2, -2 ],
        [ IntegerRing() | 1, 2, 2, 2, 2, 2, 2, 2, 2, 2, 2, 2, 2, -1, 2, 2, 2, 2,
        -1, -2, -2, 1, -2, -2, -2, -2, -2, -2, -2, -2, -2, -2, -2, -2, -2, -2, 
        -1, 2, 2, 2, 2, -1, -2, -2, 1, -2, -2, -2, -2, -2, -2, -2, -2, -2, -2, 
        -2, -2, -2, -2, -1, 2, 2, 2, 2, -1, -2, -2, 1, -2, -2, -2, -2, -2, -2, 
        -2, -2, -2, -2, -2, -2, -2, -2, -1, 2, 2, 2, 2, -1, -2, -2, 1, -2, -2, 
        -2, -2, -2, -2, -2, -2, -2, -2, -2, -2, -2, -2, -2, -2, -1, 2, 2, 2, 2, 
        -1, 2, 2, -1, 2, 2, -1, 2, 2, -1, -2, -2 ]
    ], level := 42, genus := 1, index := 42, contains_minus_one := true, 
    subgroups := [ IntegerRing() | 629, 1061, 1316, 1510, 1517, 1518, 1519, 
    1523, 1869, 4340, 4342 ], supergroups := [ IntegerRing() | 5, 90, 110 ], 
    name := "42A1", label := "A", order := 1152, GLZConj := 2, matgens := [ 
        PowerSequence(IntegerRing(42)) |
        [ IntegerRing(42) | 7, 12, 18, 7 ],
        [ IntegerRing(42) | 7, 24, 30, 13 ],
        [ IntegerRing(42) | 13, 0, 0, 13 ],
        [ IntegerRing(42) | 15, 14, 28, 15 ],
        [ IntegerRing(42) | 22, 21, 21, 1 ],
        [ IntegerRing(42) | 29, 0, 0, 29 ],
        [ IntegerRing(42) | 29, 14, 14, 1 ],
        [ IntegerRing(42) | 37, 6, 12, 19 ],
        [ IntegerRing(42) | 41, 26, 17, 19 ]
    ], cusps := [ IntegerRing() | 42 ], c2 := [ IntegerRing() | 1, 1, 1, 1, 1, 
    1, 1, 1, 1, 1, 1, 1, 2, 2, 2, 2, 2, 2, 2, 2, 2, 2, 2, 2, 2, 2, 2 ], c3 := [ 
    IntegerRing() | 3, 3, 3, 3, 3, 3, 3, 3, 3, 3, 3, 3, 3, 3 ], gc := [ 
    IntegerRing() | 2, 6, 6 ], special_name := [], special_name_html := [], 
    direct_subgroups := [ IntegerRing() | 629, 1061, 1316, 1510, 1517, 1518, 
    1519, 1523, 1869, 4340, 4342 ], direct_supergroups := [ IntegerRing() | 90, 
    110 ], length := 7, treename := [ PowerSequence(IntegerRing()) |
        [ IntegerRing() | 336, 2, 4, 5 ],
        [ IntegerRing() | 336, 2, 7, 4 ],
        [ IntegerRing() | 378, 2, 4, 20 ],
        [ IntegerRing() | 378, 2, 9, 4 ],
        [ IntegerRing() | 420, 2, 7, 21 ],
        [ IntegerRing() | 420, 2, 12, 7 ],
        [ IntegerRing() | 504, 2, 5, 16 ],
        [ IntegerRing() | 504, 2, 8, 5 ],
        [ IntegerRing() | 588, 2, 5, 19 ],
        [ IntegerRing() | 588, 2, 8, 5 ]
    ], treesupergroups := [ PowerSequence(IntegerRing()) |
        [ IntegerRing() | 336, 2, 4 ],
        [ IntegerRing() | 336, 2, 7 ],
        [ IntegerRing() | 300, 6 ],
        [ IntegerRing() | 378, 2, 4 ],
        [ IntegerRing() | 378, 2, 9 ],
        [ IntegerRing() | 420, 2, 7 ],
        [ IntegerRing() | 420, 2, 12 ],
        [ IntegerRing() | 504, 2, 5 ],
        [ IntegerRing() | 504, 2, 8 ],
        [ IntegerRing() | 588, 2, 5 ],
        [ IntegerRing() | 588, 2, 8 ]
    ]>,
    rec<recformat<generators: SeqEnum, level: IntegerRing(), genus: 
    IntegerRing(), index: IntegerRing(), contains_minus_one: BoolElt, subgroups:
    SeqEnum, supergroups: SeqEnum, name: MonStgElt, label: MonStgElt, order: 
    IntegerRing(), GLZConj: IntegerRing(), matgens: SeqEnum, cusps: SeqEnum, c2:
    SeqEnum, c3: SeqEnum, gc: SeqEnum, projections: SeqEnum, special_name: 
    SeqEnum, special_name_html: SeqEnum, direct_subgroups: SeqEnum, 
    direct_supergroups: SeqEnum, length: IntegerRing(), treename: SeqEnum, 
    treesupergroups: SeqEnum> | generators := [ PowerSequence(IntegerRing()) |
        [ IntegerRing() | 1, 2, 2, 2, 2, 2, 2, 2, 2, 2, 2, 2, 2, -1, 2, 2, 2, 2,
        -1, -2, -2, 1, -2, -2, -2, -2, -2, -2, -2, -2, -2, -2, -2, -2, -2, -2, 
        -1, 2, 2, 2, 2, -1, -2, -2, 1, -2, -2, -2, -2, -2, -2, -2, -2, -2, -2, 
        -2, -2, -2, -2, -1, 2, 2, 2, 2, -1, -2, -2, 1, -2, -2, -2, -2, -2, -2, 
        -2, -2, -2, -2, -2, -2, -2, -2, -1, 2, 2, 2, 2, -1, -2, -2, 1, -2, -2, 
        -2, -2, -2, -2, -2, -2, -2, -2, -2, -2, -2, -2, -2, -2, -1, 2, 2, 2, 2, 
        -1, 2, 2, -1, 2, 2, -1, 2, 2, -1, -2, -2 ],
        [ IntegerRing() | 1, 2, 2, 2, 2, 2, 2, 2, 2, 2, 2, 2, 2, -1, 2, 2, 2, 2,
        -1, -2, -2, 1, -2, -2, -2, -2, -2, -2, -2, -2, -2, -2, -2, -2, -2, -2, 
        -1, 2, 2, 2, 2, -1, -2, -2, 1, -2, -2, -2, -2, -2, -2, -2, -2, -2, -2, 
        -2, -2, -2, -2, -1, 2, 2, 2, 2, -1, -2, -2, 1, -2, -2, -2, -2, -2, -2, 
        -2, -2, -2, -2, -2, -2, -2, -2, -1, 2, 2, 2, 2, -1, -2, -2, 1, -2, -2, 
        -2, -2, -2, -2, -2, -2, -2, -2, -2, -2, -2, -2, -1, 2, 2, 2, 2, -1, -2, 
        -2, 1, -2, -2, -2, -2, -2, -2, -2, -2, -2, -2, -2, -2, -2, -2, -1, 2, 2,
        2, 2, -1, -2, -2, 1, -2, -2, -2, -2, -2, -2, -2, -2, -2, -2, -2, -2, -2,
        -2, -1, 2, 2, 2, 2, -1, -2, -2, 1, 2, 2, 2, 2, 2, 2, -1, 2, 2, 2, 2, -1,
        -2, -2, 1, 2, 2, 1, 2, 2, 1, 2, 1 ],
        [ IntegerRing() | 1, 2, 2, 2, 2, 2, 2, 2, 2, 2, 2, 2, 2, -1, 2, 2, 2, 2,
        -1, -2, -2, 1, -2, -2, -2, -2, -2, -2, -2, -2, -2, -2, -2, -2, -2, -2, 
        -1, 2, 2, 2, 2, -1, -2, -2, 1, -2, -2, -2, -2, -2, -2, -2, -2, -2, -2, 
        -2, -2, -2, -2, -1, 2, 2, 2, 2, -1, -2, -2, 1, -2, -2, -2, -2, -2, -2, 
        -2, -2, -2, -2, -2, -2, -2, -2, -1, 2, 2, 2, 2, -1, -2, -2, 1, 2, 2, 2, 
        2, 2, 2, 2, 2, -1, 2, 2, 2, 2, -1, 2, 2, -1, -2, -2, 1, 2, 2, 2, 2, -1 
        ],
        [ IntegerRing() | 1, 2, 2, 2, 2, 2, 2, 2, 2, 2, 2, 2, 2, -1, 2, 2, 2, 2,
        -1, -2, -2, 1, -2, -2, -2, -2, -2, -2, -2, -2, -2, -2, -2, -2, -2, -2, 
        -1, 2, 2, 2, 2, -1, -2, -2, 1, -2, -2, -2, -2, -2, -2, -2, -2, -2, -2, 
        -2, -2, -2, -2, -1, 2, 2, 2, 2, -1, -2, -2, 1, -2, -2, -2, -2, -2, -2, 
        -2, -2, -2, -2, -2, -2, -2, -2, -1, 2, 2, 2, 2, -1, -2, -2, 1, -2, -2, 
        -2, -2, -2, -2, -2, -2, -2, -2, -2, -2, -2, -2, -2, -2, -1, 2, 2, 2, 2, 
        -1, 2, 2, -1, 2, 2, -1, 2, 2, -1, -2, -2, 1, 1 ],
        [ IntegerRing() | 1, 2, 2, 2, 2, 2, 2, 2, 2, 2, 2, 2, 2, -1, 2, 2, 2, 2,
        -1, -2, -2, 1, -2, -2, -2, -2, -2, -2, -2, -2, -2, -2, -2, -2, -2, -2, 
        -1, 2, 2, 2, 2, -1, -2, -2, 1, -2, -2, -2, -2, -2, -2, -2, -2, -2, -2, 
        -2, -2, -2, -2, -1, 2, 2, 2, 2, -1, -2, -2, 1, -2, -2, -2, -2, -2, -2, 
        -2, -2, -2, -2, -2, -2, -2, -2, -1, 2, 2, 2, 2, -1, -2, -2, 1, -2, -2, 
        -2, -2, -2, -2, -2, -2, -2, -2, -2, -2, -2, -2, -1, 2, 2, 2, 2, -1, -2, 
        -2, 1, -2, -2, -2, -2, -2, -2, -2, -2, -2, -2, -2, -2, -2, -2, -1, 2, 2,
        2, 2, -1, -2, -2, 1, -2, -2, -2, -2, -2, -2, -2, -2, -2, -2, -2, -2, -2,
        -2, -1, 2, 2, 2, 2, -1, -2, -2, 1, -2, -2, -2, -2, -2, -2, -2, -2, -2, 
        -2, -2, -2, -2, -2, -1, 2, 2, 2, 2, -1, -2, -2, 1, -2, -2, -2, -2, -2, 
        -2, -2, -2, -2, -2, -2, -2, -2, -2, -1, 2, 2, 2, 2, -1, -2, -2, 1, -2, 
        -2, -2, -2, -2, -2, -2, -2, -2, -2, -2, -2, -2, -2, -1, 2, 2, 2, 2, -1, 
        -2, -2, 1, -2, -2, -2, -2, -2, -2, -1, 2, 2, 2, 2, -1, -2, -2, 1, 2, 2, 
        1, 2, 2, 2, 1 ],
        [ IntegerRing() | 1, 2, 2, 2, 2, 2, 2, 2, 2, 2, 2, 2, 2, -1, 2, 2, 2, 2,
        -1, -2, -2, 1, -2, -2, -2, -2, -2, -2, -2, -2, -2, -2, -2, -2, -2, -2, 
        -1, 2, 2, 2, 2, -1, -2, -2, 1, -2, -2, -2, -2, -2, -2, -2, -2, -2, -2, 
        -2, -2, -2, -2, -1, 2, 2, 2, 2, -1, -2, -2, 1, -2, -2, -2, -2, -2, -2, 
        -2, -2, -2, -2, -2, -2, -2, -2, -1, 2, 2, 2, 2, -1, -2, -2, 1, -2, -2, 
        -2, -2, -2, -2, -2, -2, -2, -2, -2, -2, -2, -2, -1, 2, 2, 2, 2, -1, -2, 
        -2, 1, -2, -2, -2, -2, -2, -2, -2, -2, -2, -2, -2, -2, -2, -2, -2, -2, 
        -2, -2, -2, -2, -2, -2, -2, -2, -2, -2, -1, 2, 2, 2 ],
        [ IntegerRing() | 1, 2, 2, 2, 2, 2, 2, 2, 2, 2, 2, 2, 2, -1, 2, 2, 2, 2,
        -1, -2, -2, 1, -2, -2, -2, -2, -2, -2, -2, -2, -2, -2, -2, -2, -2, -2, 
        -1, 2, 2, 2, 2, -1, -2, -2, 1, -2, -2, -2, -2, -2, -2, -2, -2, -2, -2, 
        -2, -2, -2, -2, -1, 2, 2, 2, 2, -1, -2, -2, 1, -2, -2, -2, -2, -2, -2, 
        -2, -2, -2, -2, -2, -2, -2, -2, -1, 2, 2, 2, 2, -1, -2, -2, 1, -2, -2, 
        -2, -2, -2, -2, -2, -2, -2, -2, -2, -2, -2, -2, -1, 2, 2, 2, 2, -1, -2, 
        -2, 1, -2, -2, -2, -2, -2, -2, -2, -2, -2, -2, -2, -2, -2, -2, -1, 2, 2,
        2, 2, -1, -2, -2, 1, -2, -2, -2, -2, -2, -2, -2, -2, -2, -2, -2, -2, -2,
        -2, -1, 2, 2, 2, 2, -1, -2, -2, 1, -2, -2, -2, -2, -2, -2, -2, -2, -2, 
        -2, -2, -2, -2, -2, -1, 2, 2, 2, 2, -1, -2, -2, 1, -2, -2, -2, -2, -2, 
        -2, -2, -2, -2, -2, -2, -2, -2, -2, -1, 2, 2, 2, 2, -1, -2, -2, 1, -2, 
        -2, -2, -2, -2, -2, -2, -2, -2, -2, -2, -2, -2, -2, -1, 2, 2, 2, 2, -1, 
        -2, -2, 1, -2, -2, -2, -2, -2, -2, -2, -2, -2, -2, -2, -2, -2, -2, -1, 
        2, 2, 2, 2, -1, -2, -2, 1, -2, -2, -2, -2, -1, 2, 2, 2, 2, -1, -2, -2 ],
        [ IntegerRing() | 1, 2, 2, 2, 2, 2, 2, 2, 2, 2, 2, 2, 2, -1, 2, 2, 2, 2,
        -1, -2, -2, 1, -2, -2, -2, -2, -2, -2, -2, -2, -2, -2, -2, -2, -2, -2, 
        -1, 2, 2, 2, 2, -1, -2, -2, 1, -2, -2, -2, -2, -2, -2, -2, -2, -2, -2, 
        -2, -2, -2, -2, -1, 2, 2, 2, 2, -1, -2, -2, 1, -2, -2, -2, -2, -2, -2, 
        -2, -2, -2, -2, -2, -2, -2, -2, -1, 2, 2, 2, 2, -1, -2, -2, 1, -2, -2, 
        -2, -2, -2, -2, -2, -2, -2, -2, -2, -2, -2, -2, -1, 2, 2, 2, 2, -1, -2, 
        -2, 1, -2, -2, -2, -2, -2, -2, -2, -2, -2, -2, -2, -2, -2, -2, -1, 2, 2,
        2, 2, -1, -2, -2, 1, -2, -2, -2, -2, -2, -2, -2, -2, -2, -2, -2, -2, -2,
        -2, -1, 2, 2, 2, 2, -1, -2, -2, 1, -2, -2, -2, -2, -2, -2, -2, -2, -2, 
        -2, -2, -2, -2, -2, -1, 2, 2, 2, 2, -1, -2, -2, 1, -2, -2, -2, -2, -2, 
        -2, -2, -2, -2, -2, -2, -2, -2, -2, -1, 2, 2, 2, 2, -1, -2, -2, 1, -2, 
        -2, -2, -2, -2, -2, -2, -2, -2, -2, -2, -2, -1, 2, 2, 2, 2, -1, -2, -2, 
        1, 2, 2, -1 ],
        [ IntegerRing() | 1, 2, 2, 2, 2, 2, 2, 2, 2, -1, 2, 2, 2, 2, -1, 2, 2, 
        -1, -2, -2 ]
    ], level := 42, genus := 1, index := 42, contains_minus_one := true, 
    subgroups := [ IntegerRing() | 629, 817, 818, 819, 1062, 1064, 1140, 1141, 
    1512, 1521, 1870, 1909, 1912, 2093, 4341, 4343 ], supergroups := [ 
    IntegerRing() | 5, 25, 110 ], name := "42B1", label := "B", order := 1152, 
    GLZConj := 2, matgens := [ PowerSequence(IntegerRing(42)) |
        [ IntegerRing(42) | 7, 12, 18, 7 ],
        [ IntegerRing(42) | 7, 24, 30, 13 ],
        [ IntegerRing(42) | 13, 0, 0, 13 ],
        [ IntegerRing(42) | 13, 12, 24, 19 ],
        [ IntegerRing(42) | 15, 14, 7, 15 ],
        [ IntegerRing(42) | 22, 21, 21, 1 ],
        [ IntegerRing(42) | 29, 0, 0, 29 ],
        [ IntegerRing(42) | 29, 14, 35, 1 ],
        [ IntegerRing(42) | 37, 6, 12, 19 ]
    ], cusps := [ IntegerRing() | 42 ], c2 := [ IntegerRing() | 1, 1, 1, 1, 1, 
    1, 1, 1, 1, 1, 1, 1, 2, 2, 2, 2, 2, 2, 2, 2, 2, 2, 2, 2, 2, 2, 2 ], c3 := [ 
    IntegerRing() | 3, 3, 3, 3, 3, 3, 3, 3, 3, 3, 3, 3, 3, 3 ], gc := [ 
    IntegerRing() | 2, 4, 6, 6, 12, 12 ], special_name := [], special_name_html 
    := [], direct_subgroups := [ IntegerRing() | 629, 817, 818, 819, 1062, 1064,
    1140, 1141, 1512, 1521, 1870, 1909, 1912, 2093, 4341, 4343 ], 
    direct_supergroups := [ IntegerRing() | 25, 110 ], length := 21, treename :=
    [ PowerSequence(IntegerRing()) |
        [ IntegerRing() | 336, 2, 4, 7 ],
        [ IntegerRing() | 336, 2, 4, 13 ],
        [ IntegerRing() | 336, 2, 4, 17 ],
        [ IntegerRing() | 378, 2, 4, 10 ],
        [ IntegerRing() | 378, 2, 4, 12 ],
        [ IntegerRing() | 378, 2, 4, 15 ],
        [ IntegerRing() | 420, 2, 7, 8 ],
        [ IntegerRing() | 420, 2, 7, 14 ],
        [ IntegerRing() | 420, 2, 7, 15 ],
        [ IntegerRing() | 504, 2, 5, 8 ],
        [ IntegerRing() | 504, 2, 5, 14 ],
        [ IntegerRing() | 504, 2, 5, 15 ],
        [ IntegerRing() | 588, 2, 5, 10 ],
        [ IntegerRing() | 588, 2, 5, 13 ],
        [ IntegerRing() | 588, 2, 5, 15 ]
    ], treesupergroups := [ PowerSequence(IntegerRing()) |
        [ IntegerRing() | 336, 2, 4 ],
        [ IntegerRing() | 336, 2, 4 ],
        [ IntegerRing() | 336, 2, 4 ],
        [ IntegerRing() | 300, 6, 7 ],
        [ IntegerRing() | 300, 6 ],
        [ IntegerRing() | 378, 2, 4 ],
        [ IntegerRing() | 378, 2, 4 ],
        [ IntegerRing() | 378, 2, 4 ],
        [ IntegerRing() | 420, 2, 7 ],
        [ IntegerRing() | 420, 2, 7 ],
        [ IntegerRing() | 420, 2, 7 ],
        [ IntegerRing() | 504, 2, 5 ],
        [ IntegerRing() | 504, 2, 5 ],
        [ IntegerRing() | 504, 2, 5 ],
        [ IntegerRing() | 588, 2, 5 ],
        [ IntegerRing() | 588, 2, 5 ],
        [ IntegerRing() | 588, 2, 5 ]
    ]>
]
;
