// list of all congruence groups with genus  10
// with  80 <= level < 88
//
// by c cummins and s pauli
// load "csg10-lev72.dat";
import "csg10-lev72.dat" : L10_72;
L10_80 := L10_72 cat 
[ PowerStructure(Rec) |
    rec<recformat<generators: SeqEnum, level: IntegerRing(), genus: 
    IntegerRing(), index: IntegerRing(), contains_minus_one: BoolElt, subgroups:
    SeqEnum, supergroups: SeqEnum, name: MonStgElt, label: MonStgElt, order: 
    IntegerRing(), GLZConj: IntegerRing(), matgens: SeqEnum, cusps: SeqEnum, c2:
    SeqEnum, c3: SeqEnum, gc: SeqEnum, projections: SeqEnum, special_name: 
    SeqEnum, special_name_html: SeqEnum, direct_subgroups: SeqEnum, 
    direct_supergroups: SeqEnum, length: IntegerRing(), treename: SeqEnum, 
    treesupergroups: SeqEnum> | generators := [ PowerSequence(IntegerRing()) |
        [ IntegerRing() | -1, -1, 2, 2, 2, 2, 2, 2, 2, 2, 2, 2, 2, 2, 2, 2, 2, 
        2, 2, 2, 2, 2, 2, 2, 2, 2, 2, 2, 2, 2, 2, 2, 2, 2, 1, 2, 2, 2, 2, 2, 2, 
        2, 2, 2, 2, 2, 2, 2, 2, 2, 2, 2, 2, 2, 2, 2, 2, 2, 2, 2, 2, 2, 2, 2, 2, 
        2, 2, 2, 2, 2, 2, 2, 2, 2, 2, 2, 2, 2, 2, 2, 2, 2, 2, 2, 2, 2, 2, 2, 2, 
        2, 2, 2, 2, 2, 2, 2, 2, 2, 2, -1, 2, 2, 2, 2, 2, 2, 2, 2, 2, 2, 2, 2, 2,
        2, 2, 2, 2, 2, 2, 2, 2, 2, 2, 2, 2, 2, 2, 2, 2, 2, 2, 2, 2, 2, 2, 2, 2, 
        2, 2, 2, 2, 2, 2, 2, 2, 2, 2, 2, 1, -2, -2, -2, -2, -2, -2, -2, -2, -2, 
        -2, -2, -2, -2, -2, 1, 1, 1, -2, -2, -2, -2, -2, -2, 1, -2, -2, 1, -2, 
        -2, 1 ],
        [ IntegerRing() | -1, 2, 2, 2, 2, 2, 2, 2, 2, 2, 2, 2, 2, 2, 2, 2, 2, 2,
        2, 2, 2, 2, 2, 2, 2, 2, 2, 2, 2, 2, 2, 2, 2, 2, 2, 2, 2, 2, 2, 2, 2, 2, 
        2, 2, 2, 2, 2, 2, 2, -1, 2, 2, 2, 2, 2, 2, 2, 2, 2, 2, 2, 2, 2, 2, 2, 2,
        2, 2, 2, 2, 2, 2, 2, 2, 2, 2, 2, 2, 2, 2, 2, 2, 1, 1, 1, 1, -2, -2, -2, 
        -2, 1, -2, -2, 1, -2, -2, -2, -2, -2, -2, -2, -2, -2, -2 ],
        [ IntegerRing() | -1, -1, 2, 2, 2, 2, 2, 2, 2, 2, 2, 2, 2, 2, 2, 2, 2, 
        2, 1, 2, 2, 2, 2, 2, 2, 2, 2, 2, 2, 2, 2, 2, 2, 2, 2, 2, 2, 2, 2, 2, 2, 
        2, 2, 2, 2, 2, 2, 2, 2, 2, 2, 2, 2, 2, 2, 2, 2, 2, 2, 2, 2, 2, 2, 2, 2, 
        2, 2, 2, 2, 2, 2, 2, 2, 2, 2, 2, 2, 2, 2, 2, 2, 2, 2, -1, 2, 2, 2, 2, 2,
        2, 2, 2, 2, 2, 2, 2, 2, 2, 2, 2, 1, 1 ],
        [ IntegerRing() | -1, -1, 2, 2, 2, 2, 2, 2, 2, 2, 2, 2, 2, 2, 2, 2, 2, 
        2, 2, 2, 2, 2, 2, 2, 2, 2, 2, 2, 2, 2, 2, 2, 2, 2, 1, 2, 2, 2, 2, 2, 2, 
        2, 2, 2, 2, 2, 2, 2, 2, 2, 2, -1, 2, 2, 2, 2, 2, 2, 2, 2, 2, 2, 2, 2, 2,
        2, 2, 2, 2, 2, 2, 2, 2, 2, 2, 2, 2, 2, 2, 2, 2, 2, 2, 2, 1, 2, 2, 2, 2, 
        2, 2, 2, 2, 2, 2, 2, 2, 2, 2, 2, 2, 1 ],
        [ IntegerRing() | -1, -1, 2, 2, 2, 2, 2, 2, 2, 2, 2, 2, 2, 2, 2, 2, 2, 
        2, 2, 2, 2, 2, 2, 2, 2, 2, 2, 2, 2, 2, 2, 2, 2, 2, 2, 2, 2, 2, 2, 2, 2, 
        2, 2, 2, 2, 2, 2, 2, 2, 2, 1, 2, 2, 2, 2, 2, 2, 2, 2, 2, 2, 2, 2, 2, 2, 
        2, 2, 2, 2, 2, 2, 2, 2, 2, 2, 2, 2, 2, 2, 2, 2, 2, 2, 2, 2, 2, 2, 2, 2, 
        2, 2, 1, -2, -2, -2, -2, -2, -2, -2, -2 ],
        [ IntegerRing() | -1, -1, 2, 2, 2, 2, 2, 2, 2, 2, 2, 2, 2, 2, 2, 2, 2, 
        2, 2, 2, 2, 2, 2, 2, 2, 2, 2, 2, 2, 2, 2, 2, 2, 2, 1, 2, 2, 2, 2, 2, 2, 
        2, 2, 2, 2, 2, 2, 2, 2, 2, 2, -1, 2, 2, 2, 2, 2, 2, 2, 2, 2, 2, 2, 2, 2,
        2, 2, 2, 2, 2, 2, 2, 2, 2, 2, 2, 2, 2, 2, 2, 2, 2, 2, 2, 1, 2, 2, 2, 2, 
        2, 2, 2, 2, 2, 2, 2, 2, 2, 2, 1, 1, 1, -2, -2, -2, -2, -2, -2, 1, -2, 
        -2, 1, -2, -2, -2, -2, -2, -2 ],
        [ IntegerRing() | -1, 2, 2, 2, 2, 2, 2, 2, 2, 2, 2, 2, 2, 2, 2, 2, 2, 2,
        2, 2, 2, 2, 2, 2, 2, 2, 2, 2, 2, 2, 2, 2, 2, -1, 2, 2, 2, 2, 2, 2, 2, 2,
        2, 2, 2, 2, 2, 2, 2, 2, 2, 2, 2, 2, 2, 2, 2, 2, 2, 2, 2, 2, 2, 2, 2, 2, 
        1, -2, -2, 1, -2, -2, -2, -2, 1, -2, -2, 1, -2, -2, -2, -2, -2, -2, -2, 
        -2 ],
        [ IntegerRing() | -1, -1, 2, 2, 2, 2, 2, 2, 2, 2, 2, 2, 2, 2, 2, 2, 2, 
        2, 2, 2, 2, 2, 2, 2, 2, 2, 2, 2, 2, 2, 2, 2, 2, 2, 1, 2, 2, 2, 2, 2, 2, 
        2, 2, 2, 2, 2, 2, 2, 2, 2, 2, -1, 2, 2, 2, 2, 2, 2, 2, 2, 2, 2, 2, 2, 2,
        2, 2, 2, 2, 2, 2, 2, 2, 2, 2, 2, 2, 2, 2, 2, 2, 2, 2, 2, 1, 2, 2, 2, 2, 
        2, 2, 2, 2, 2, 2, 2, 2, 2, 2, 2, 2, 1, 1, 1 ],
        [ IntegerRing() | -1, -1, 2, 2, 2, 2, 2, 2, 2, 2, 2, 2, 2, 2, 2, 2, 2, 
        2, 2, 2, 2, 2, 2, 2, 2, 2, 2, 2, 2, 2, 2, 2, 2, 2, 2, 2, 2, 2, 2, 2, 2, 
        2, 2, 2, 2, 2, 2, 2, 2, 2, 1, 2, 2, 2, 2, 2, 2, 2, 2, 2, 2, 2, 2, 2, 2, 
        2, 2, 2, 2, 2, 2, 2, 2, 2, 2, 2, 2, 2, 2, 2, 2, 2, 2, 2, 2, 2, 2, 2, 2, 
        2, 2, 2, 2, 2, 2, 2, 2, 2, 2, 2, 2, 2, 2, 2, 2, 2, 2, 2, 2, 2, 2, 2, 2, 
        2, 2, -1, 2, 2, 2, 2, 2, 2, 2, 2, 2, 2, 2, 2, 2, 2, 2, 2, 2, 2, 2, 2, 2,
        2, 2, 2, 2, 2, 2, 2, 2, 2, 2, 2, 1, 2, 2, 2, 2, 2, 2, 2, 2, 2, 2, 2, 2, 
        2, 2, 2, 2, 2, 2, 2, 2, 2, 2, 2, 2, 2, 2, 1, 1, 1, -2, -2, -2, -2, 1, 
        -2, -2, 1, -2, -2, -2, -2 ],
        [ IntegerRing() | -1, -1, 2, 2, 2, 2, 2, 2, 2, 2, 2, 2, 2, 2, 2, 2, 2, 
        2, 2, 2, 2, 2, 2, 2, 2, 2, 2, 2, 2, 2, 2, 2, 2, 2, 2, 2, 2, 2, 2, 2, 2, 
        2, 2, 2, 2, 2, 2, 2, 2, 2, 2, 2, 2, 2, 2, 2, 2, 2, 2, 2, 2, 2, 2, 2, 2, 
        2, 1, 2, 2, 2, 2, 2, 2, 2, 2, 2, 2, 2, 2, 2, 2, 2, 2, 2, 2, 2, 2, 2, 2, 
        2, 2, 2, 2, 2, 2, 2, 2, 2, 2, 2, 2, 2, 2, 2, 2, 2, 2, 2, 2, 2, 2, 2, 2, 
        2, 2, 2, 2, 2, 2, 2, 2, 2, 2, 2, 2, 2, 2, 2, 2, 2, 2, -1, 2, 2, 2, 2, 2,
        2, 2, 2, 2, 2, 2, 2, 2, 2, 2, 2, 2, 2, 2, 2, 2, 2, 2, 2, 2, 2, 2, 2, 2, 
        2, 2, 2, 1, 2, 2, 2, 2, 2, 2, 2, 2, 2, 2, 2, 2, 2, 2, 2, 2, 2, 2, 2, 2, 
        2, 2, 2, 2, 2, 2, 2, 2, 2, 2, 2, 2, 1 ],
        [ IntegerRing() | -1, -1, 2, 2, 2, 2, 2, 2, 2, 2, 2, 2, 2, 2, 2, 2, 2, 
        2, 1, 2, 2, 2, 2, 2, 2, 2, 2, 2, 2, 2, 2, 2, 2, 2, 2, 2, 2, 2, 2, 2, 2, 
        2, 2, 2, 2, 2, 2, 2, 2, 2, 2, 2, 2, 2, 2, 2, 2, 2, 2, 2, 2, 2, 2, 2, 2, 
        2, 2, -1, 2, 2, 2, 2, 2, 2, 2, 2, 2, 2, 2, 2, 2, 2, 2, 2, 2, 2, 2, 2, 2,
        2, 2, 2, 2, 2, 2, 2, 2, 2, 2, 2, 2, 2, 2, 2, 2, 2, 2, 2, 2, 2, 2, 2, 2, 
        2, 2, 2, 1, 1 ]
    ], level := 80, genus := 10, index := 120, contains_minus_one := true, 
    subgroups := [ IntegerRing() | 5798, 5799, 5804 ], supergroups := [ 
    IntegerRing() | 318, 808 ], name := "80A10", label := "A", order := 3072, 
    GLZConj := 1, matgens := [ PowerSequence(IntegerRing(80)) |
        [ IntegerRing(80) | 1, 40, 40, 1 ],
        [ IntegerRing(80) | 16, 5, 35, 56 ],
        [ IntegerRing(80) | 17, 48, 16, 17 ],
        [ IntegerRing(80) | 17, 64, 0, 33 ],
        [ IntegerRing(80) | 21, 60, 60, 61 ],
        [ IntegerRing(80) | 31, 0, 0, 31 ],
        [ IntegerRing(80) | 33, 0, 32, 17 ],
        [ IntegerRing(80) | 41, 40, 40, 41 ],
        [ IntegerRing(80) | 49, 0, 0, 49 ],
        [ IntegerRing(80) | 57, 18, 66, 77 ],
        [ IntegerRing(80) | 71, 60, 60, 71 ]
    ], cusps := [ IntegerRing() | 40, 80 ], c2 := [ IntegerRing() | 2, 2, 2, 2, 
    2, 2, 2, 2, 2, 2, 2, 2, 2, 2, 2, 2, 2, 2, 2, 2, 2, 2, 2, 2, 2, 2, 2, 2, 2, 
    2, 2, 2, 2, 2, 2, 2, 2, 2, 2, 2, 2, 2, 2, 2, 2, 2, 2, 2, 2, 2, 2, 2, 2, 2, 
    2, 2, 2, 2, 2, 2 ], c3 := [ IntegerRing() | 3, 3, 3, 3, 3, 3, 3, 3, 3, 3, 3,
    3, 3, 3, 3, 3, 3, 3, 3, 3, 3, 3, 3, 3, 3, 3, 3, 3, 3, 3, 3, 3, 3, 3, 3, 3, 
    3, 3, 3, 3 ], gc := [ IntegerRing() | 1, 1, 1, 4, 4, 4 ], special_name := 
    [], special_name_html := [], direct_subgroups := [ IntegerRing() | 5798, 
    5799, 5804 ], direct_supergroups := [ IntegerRing() | 318, 808 ], length := 
    15, treename := [ PowerSequence(IntegerRing()) |
        [ IntegerRing() | 320, 4, 4, 5, 8, 8 ],
        [ IntegerRing() | 320, 5, 5, 5, 7, 3 ],
        [ IntegerRing() | 400, 4, 5, 5, 4, 8 ],
        [ IntegerRing() | 400, 5, 5, 5, 9, 3 ],
        [ IntegerRing() | 480, 5, 8, 8, 8, 8 ],
        [ IntegerRing() | 480, 7, 8, 9, 20, 4 ]
    ], treesupergroups := [ PowerSequence(IntegerRing()) |
        [ IntegerRing() | 320, 4, 4, 5, 8 ],
        [ IntegerRing() | 320, 5, 5, 5, 7 ],
        [ IntegerRing() | 400, 4, 5, 5, 4 ],
        [ IntegerRing() | 400, 5, 5, 5, 9 ],
        [ IntegerRing() | 480, 5, 8, 8, 8 ],
        [ IntegerRing() | 480, 7, 8, 9, 20 ]
    ]>,
    rec<recformat<generators: SeqEnum, level: IntegerRing(), genus: 
    IntegerRing(), index: IntegerRing(), contains_minus_one: BoolElt, subgroups:
    SeqEnum, supergroups: SeqEnum, name: MonStgElt, label: MonStgElt, order: 
    IntegerRing(), GLZConj: IntegerRing(), matgens: SeqEnum, cusps: SeqEnum, c2:
    SeqEnum, c3: SeqEnum, gc: SeqEnum, projections: SeqEnum, special_name: 
    SeqEnum, special_name_html: SeqEnum, direct_subgroups: SeqEnum, 
    direct_supergroups: SeqEnum, length: IntegerRing(), treename: SeqEnum, 
    treesupergroups: SeqEnum> | generators := [ PowerSequence(IntegerRing()) |
        [ IntegerRing() | -1, -1, 2, 2, 2, 2, 2, 2, 2, 2, 2, 2, 2, 2, 2, 2, 2, 
        2, 1, 2, 2, 2, 2, 2, 2, 2, 2, 2, 2, 2, 2, 2, 2, 2, 2, 2, 2, 2, 2, 2, 2, 
        2, 2, 2, 2, 2, 2, 2, 2, 2, 2, 2, 2, 2, 2, 2, 2, 2, 2, 2, 2, 2, 2, 2, 2, 
        2, 2, -1, 2, 2, 2, 2, 2, 2, 2, 2, 2, 2, 2, 2, 2, 2, 2, 2, 2, 2, 2, 2, 2,
        2, 2, 2, 2, 2, 2, 2, 2, 2, 2, 2, 2, 2, 2, 2, 2, 2, 2, 2, 2, 2, 2, 2, 2, 
        2, 2, 2, 1, 1 ],
        [ IntegerRing() | -1, -1, 2, 2, 2, 2, 2, 2, 2, 2, 2, 2, 2, 2, 2, 2, 2, 
        2, 2, 2, 2, 2, 2, 2, 2, 2, 2, 2, 2, 2, 2, 2, 2, 2, 2, 2, 2, 2, 2, 2, 2, 
        2, 2, 2, 2, 2, 2, 2, 2, 2, 1, 2, 2, 2, 2, 2, 2, 2, 2, 2, 2, 2, 2, 2, 2, 
        2, 2, 2, 2, 2, 2, 2, 2, 2, 2, 2, 2, 2, 2, 2, 2, 2, 2, 2, 2, 2, 2, 2, 2, 
        2, 2, 1, -2, -2, -2, -2, -2, -2, -2, -2 ],
        [ IntegerRing() | -1, -1, 2, 2, 2, 2, 2, 2, 2, 2, 2, 2, 2, 2, 2, 2, 2, 
        2, 2, 2, 2, 2, 2, 2, 2, 2, 2, 2, 2, 2, 2, 2, 2, 2, 1, 2, 2, 2, 2, 2, 2, 
        2, 2, 2, 2, 2, 2, 2, 2, 2, 2, 2, 2, 2, 2, 2, 2, 2, 2, 2, 2, 2, 2, 2, 2, 
        2, 2, 2, 2, 2, 2, 2, 2, 2, 2, 2, 2, 2, 2, 2, 2, 2, 2, 2, 2, 2, 2, 2, 2, 
        2, 2, 2, 2, 2, 2, 2, 2, 2, 2, -1, 2, 2, 2, 2, 2, 2, 2, 2, 2, 2, 2, 2, 2,
        2, 2, 2, 2, 2, 2, 2, 2, 2, 2, 2, 2, 2, 2, 2, 2, 2, 2, 2, 1, 2, 2, 2, 2, 
        2, 2, 1, 1, 1, -2, -2, -2, -2, 1, -2, -2, 1, -2, -2, -2, -2, -2, -2, -2,
        -2 ],
        [ IntegerRing() | -1, -1, 2, 2, 2, 2, 2, 2, 2, 2, 2, 2, 2, 2, 2, 2, 2, 
        2, 2, 2, 2, 2, 2, 2, 2, 2, 2, 2, 2, 2, 2, 2, 2, 2, 1, 2, 2, 2, 2, 2, 2, 
        2, 2, 2, 2, 2, 2, 2, 2, 2, 2, 2, 2, 2, 2, 2, 2, 2, 2, 2, 2, 2, 2, 2, 2, 
        2, 2, -1, 2, 2, 2, 2, 2, 2, 2, 2, 2, 2, 2, 2, 2, 2, 2, 2, 2, 2, 2, 2, 2,
        2, 2, 2, 2, 2, 2, 2, 2, 2, 2, 2, 1, -2, -2, -2, -2, -2, -2, -2, -2, -2, 
        -2, 1, 1, 1, -2, -2, 1, -2, -2, 1, -2, -2 ],
        [ IntegerRing() | -1, -1, 2, 2, 2, 2, 2, 2, 2, 2, 2, 2, 2, 2, 2, 2, 2, 
        2, 2, 2, 2, 2, 2, 2, 2, 2, 2, 2, 2, 2, 2, 2, 2, 2, 1, 2, 2, 2, 2, 2, 2, 
        2, 2, 2, 2, 2, 2, 2, 2, 2, 2, 2, 2, 2, 2, 2, 2, 2, 2, 2, 2, 2, 2, 2, 2, 
        2, 2, -1, 2, 2, 2, 2, 2, 2, 2, 2, 2, 2, 2, 2, 2, 2, 2, 2, 2, 2, 2, 2, 2,
        2, 2, 2, 2, 2, 2, 2, 2, 2, 2, 2, 1, -2, -2, 1, -2, -2, -2, -2, 1, -2, 
        -2, 1 ],
        [ IntegerRing() | -1, -1, 2, 2, 2, 2, 2, 2, 2, 2, 2, 2, 2, 2, 2, 2, 2, 
        2, 2, 2, 2, 2, 2, 2, 2, 2, 2, 2, 2, 2, 2, 2, 2, 2, 2, 2, 2, 2, 2, 2, 2, 
        2, 2, 2, 2, 2, 2, 2, 2, 2, 1, 2, 2, 2, 2, 2, 2, 2, 2, 2, 2, 2, 2, 2, 2, 
        2, 2, 2, 2, 2, 2, 2, 2, 2, 2, 2, 2, 2, 2, 2, 2, 2, 2, 2, 2, 2, 2, 2, 2, 
        2, 2, 2, 2, 2, 2, 2, 2, 2, 2, 2, 2, 2, 2, 2, 2, 2, 2, 2, 2, 2, 2, 2, 2, 
        2, 2, -1, 2, 2, 2, 2, 2, 2, 2, 2, 2, 2, 2, 2, 2, 2, 2, 2, 2, 2, 2, 2, 2,
        2, 2, 2, 2, 2, 2, 2, 2, 2, 2, 2, 1, 2, 2, 2, 2, 2, 2, 2, 2, 2, 2, 2, 2, 
        2, 2, 2, 2, 2, 2, 2, 2, 2, 2, 2, 2, 2, 2, 1, 1, 1, -2, -2, -2, -2, 1, 
        -2, -2, 1, -2, -2, -2, -2 ],
        [ IntegerRing() | -1, -1, 2, 2, 2, 2, 2, 2, 2, 2, 2, 2, 2, 2, 2, 2, 2, 
        2, 2, 2, 2, 2, 2, 2, 2, 2, 2, 2, 2, 2, 2, 2, 2, 2, 2, 2, 2, 2, 2, 2, 2, 
        2, 2, 2, 2, 2, 2, 2, 2, 2, 2, 2, 2, 2, 2, 2, 2, 2, 2, 2, 2, 2, 2, 2, 2, 
        2, 1, 2, 2, 2, 2, 2, 2, 2, 2, 2, 2, 2, 2, 2, 2, 2, 2, 2, 2, 2, 2, 2, 2, 
        2, 2, 2, 2, 2, 2, 2, 2, 2, 2, 2, 2, 2, 2, 2, 2, 2, 2, 2, 2, 2, 2, 2, 2, 
        2, 2, 2, 2, 2, 2, 2, 2, 2, 2, 2, 2, 2, 2, 2, 2, 2, 2, -1, 2, 2, 2, 2, 2,
        2, 2, 2, 2, 2, 2, 2, 2, 2, 2, 2, 2, 2, 2, 2, 2, 2, 2, 2, 2, 2, 2, 2, 2, 
        2, 2, 2, 1, 2, 2, 2, 2, 2, 2, 2, 2, 2, 2, 2, 2, 2, 2, 2, 2, 2, 2, 2, 2, 
        2, 2, 2, 2, 2, 2, 2, 2, 2, 2, 2, 2, 1 ],
        [ IntegerRing() | -1, -1, 2, 2, 2, 2, 2, 2, 2, 2, 2, 2, 2, 2, 2, 2, 2, 
        2, 2, 2, 2, 2, 2, 2, 2, 2, 2, 2, 2, 2, 2, 2, 2, 2, 1, 2, 2, 2, 2, 2, 2, 
        2, 2, 2, 2, 2, 2, 2, 2, 2, 2, 2, 2, 2, 2, 2, 2, 2, 2, 2, 2, 2, 2, 2, 2, 
        2, 2, 2, 2, 2, 2, 2, 2, 2, 2, 2, 2, 2, 2, 2, 2, 2, 2, 2, 2, 2, 2, 2, 2, 
        2, 2, 2, 2, 2, 2, 2, 2, 2, 2, -1, 2, 2, 2, 2, 2, 2, 2, 2, 2, 2, 2, 2, 2,
        2, 2, 2, 2, 2, 2, 2, 2, 2, 2, 2, 2, 2, 2, 2, 2, 2, 2, 2, 1, -2, -2, -2, 
        -2, -2, -2, 1, 1, 1, -2, -2, 1, -2, -2, -2, -2 ],
        [ IntegerRing() | -1, -1, 2, 2, 2, 2, 2, 2, 2, 2, 2, 2, 2, 2, 2, 2, 2, 
        2, 1, 2, 2, 2, 2, 2, 2, 2, 2, 2, 2, 2, 2, 2, 2, 2, 2, -1, 2, 2, 2, 2, 2,
        2, 2, 2, 2, 2, 2, 2, 2, 2, 2, 2, 2, 2, 2, 2, 2, 2, 2, 2, 2, 2, 2, 2, 2, 
        2, 2, 2, 1, -2, -2, 1, 1, 1, -2, -2, -2, -2, -2, -2, 1, -2, -2, 1, -2, 
        -2, 1 ],
        [ IntegerRing() | -1, -1, 2, 2, 2, 2, 2, 2, 2, 2, 2, 2, 2, 2, 2, 2, 2, 
        2, 2, 2, 2, 2, 2, 2, 2, 2, 2, 2, 2, 2, 2, 2, 2, 2, 2, 2, 2, 2, 2, 2, 2, 
        2, 2, 2, 2, 2, 2, 2, 2, 2, 1, 2, 2, 2, 2, 2, 2, 2, 2, 2, 2, 2, 2, 2, 2, 
        2, 2, 2, 2, 2, 2, 2, 2, 2, 2, 2, 2, 2, 2, 2, 2, 2, 2, 2, 2, 2, 2, 2, 2, 
        2, 2, 2, 2, 2, 2, 2, 2, 2, 2, 2, 2, 2, 2, 2, 2, 2, 2, 2, 2, 2, 2, 2, 2, 
        2, 2, -1, 2, 2, 2, 2, 2, 2, 2, 2, 2, 2, 2, 2, 2, 2, 2, 2, 1, 2, 2, 2, 2,
        2, 2, 2, 2, 2, 2, 2, 2, 2, 2, 2, 2, 1 ],
        [ IntegerRing() | -1, -1, 2, 2, 2, 2, 2, 2, 2, 2, 2, 2, 2, 2, 2, 2, 2, 
        2, 2, 2, 2, 2, 2, 2, 2, 2, 2, 2, 2, 2, 2, 2, 2, 2, 1, 2, 2, 2, 2, 2, 2, 
        2, 2, 2, 2, 2, 2, 2, 2, 2, 2, -1, 2, 2, 2, 2, 2, 2, 2, 2, 2, 2, 2, 2, 2,
        2, 2, 2, 2, 2, 2, 2, 2, 2, 2, 2, 2, 2, 2, 2, 2, 2, 2, 2, 1, 2, 2, 2, 2, 
        2, 2, 2, 2, 2, 2, 2, 2, 2, 2, 2, 2, 1 ]
    ], level := 80, genus := 10, index := 120, contains_minus_one := true, 
    subgroups := [ IntegerRing() | 5802, 5803, 6287, 6286 ], supergroups := [ 
    IntegerRing() | 319, 1041 ], name := "80B10", label := "B", order := 3072, 
    GLZConj := 1, matgens := [ PowerSequence(IntegerRing(80)) |
        [ IntegerRing(80) | 1, 40, 40, 1 ],
        [ IntegerRing(80) | 16, 5, 35, 76 ],
        [ IntegerRing(80) | 17, 32, 64, 17 ],
        [ IntegerRing(80) | 17, 64, 0, 33 ],
        [ IntegerRing(80) | 33, 0, 32, 17 ],
        [ IntegerRing(80) | 41, 20, 60, 41 ],
        [ IntegerRing(80) | 41, 40, 40, 41 ],
        [ IntegerRing(80) | 46, 55, 5, 6 ],
        [ IntegerRing(80) | 49, 0, 0, 49 ],
        [ IntegerRing(80) | 61, 20, 20, 21 ],
        [ IntegerRing(80) | 71, 20, 60, 71 ]
    ], cusps := [ IntegerRing() | 40, 80 ], c2 := [ IntegerRing() | 2, 2, 2, 2, 
    2, 2, 2, 2, 2, 2, 2, 2, 2, 2, 2, 2, 2, 2, 2, 2, 2, 2, 2, 2, 2, 2, 2, 2, 2, 
    2, 2, 2, 2, 2, 2, 2, 2, 2, 2, 2, 2, 2, 2, 2, 2, 2, 2, 2, 2, 2, 2, 2, 2, 2, 
    2, 2, 2, 2, 2, 2 ], c3 := [ IntegerRing() | 3, 3, 3, 3, 3, 3, 3, 3, 3, 3, 3,
    3, 3, 3, 3, 3, 3, 3, 3, 3, 3, 3, 3, 3, 3, 3, 3, 3, 3, 3, 3, 3, 3, 3, 3, 3, 
    3, 3, 3, 3 ], gc := [ IntegerRing() | 1, 1, 1, 1, 2, 2, 4, 4, 4, 4, 4, 8, 8,
    16 ], special_name := [], special_name_html := [], direct_subgroups := [ 
    IntegerRing() | 5802, 5803, 6287, 6286 ], direct_supergroups := [ 
    IntegerRing() | 319, 1041 ], length := 60, treename := [ 
        PowerSequence(IntegerRing()) |
        [ IntegerRing() | 320, 4, 4, 5, 6, 4 ],
        [ IntegerRing() | 320, 4, 4, 5, 6, 8 ],
        [ IntegerRing() | 320, 4, 4, 5, 6, 12 ],
        [ IntegerRing() | 320, 4, 4, 5, 6, 15 ],
        [ IntegerRing() | 320, 5, 5, 7, 5, 3 ],
        [ IntegerRing() | 400, 4, 5, 5, 8, 4 ],
        [ IntegerRing() | 400, 4, 5, 5, 8, 12 ],
        [ IntegerRing() | 400, 4, 5, 5, 8, 14 ],
        [ IntegerRing() | 400, 4, 5, 5, 8, 15 ],
        [ IntegerRing() | 400, 5, 5, 9, 4, 3 ],
        [ IntegerRing() | 480, 5, 8, 8, 12, 8 ],
        [ IntegerRing() | 480, 5, 8, 8, 12, 14 ],
        [ IntegerRing() | 480, 5, 8, 8, 12, 15 ],
        [ IntegerRing() | 480, 5, 8, 8, 12, 20 ],
        [ IntegerRing() | 480, 7, 8, 11, 9, 4 ]
    ], treesupergroups := [ PowerSequence(IntegerRing()) |
        [ IntegerRing() | 320, 4, 4, 5, 6 ],
        [ IntegerRing() | 320, 4, 4, 5, 6 ],
        [ IntegerRing() | 320, 4, 4, 5, 6 ],
        [ IntegerRing() | 320, 4, 4, 5, 6 ],
        [ IntegerRing() | 320, 5, 5, 7, 5 ],
        [ IntegerRing() | 400, 4, 5, 5, 8 ],
        [ IntegerRing() | 400, 4, 5, 5, 8 ],
        [ IntegerRing() | 400, 4, 5, 5, 8 ],
        [ IntegerRing() | 400, 4, 5, 5, 8 ],
        [ IntegerRing() | 400, 5, 5, 9, 4 ],
        [ IntegerRing() | 480, 5, 8, 8, 12 ],
        [ IntegerRing() | 480, 5, 8, 8, 12 ],
        [ IntegerRing() | 480, 5, 8, 8, 12 ],
        [ IntegerRing() | 480, 5, 8, 8, 12 ],
        [ IntegerRing() | 480, 7, 8, 11, 9 ]
    ]>,
    rec<recformat<generators: SeqEnum, level: IntegerRing(), genus: 
    IntegerRing(), index: IntegerRing(), contains_minus_one: BoolElt, subgroups:
    SeqEnum, supergroups: SeqEnum, name: MonStgElt, label: MonStgElt, order: 
    IntegerRing(), GLZConj: IntegerRing(), matgens: SeqEnum, cusps: SeqEnum, c2:
    SeqEnum, c3: SeqEnum, gc: SeqEnum, projections: SeqEnum, special_name: 
    SeqEnum, special_name_html: SeqEnum, direct_subgroups: SeqEnum, 
    direct_supergroups: SeqEnum, length: IntegerRing(), treename: SeqEnum, 
    treesupergroups: SeqEnum> | generators := [ PowerSequence(IntegerRing()) |
        [ IntegerRing() | -1, 2, 2, 2, 2, 2, 2, 2, 2, 2, 2, -1, -2, -2, -2, -2, 
        -2, -2, -2, -2, 1, -2, -2, -2, -2, -2, -2, -2, -2, -2, -2, -2, -2, -2, 
        -2, -2, -2, -2, -2, -2, -2, 1, 2, 2, 1, -2, 1, 2, 2, 1, -2, -2, -2, 1 ],
        [ IntegerRing() | -1, 2, 2, 2, 2, 2, 2, 2, 2, 2, 2, -1, -2, -2, -2, -2, 
        -2, -2, -2, -2, 1, 2, 2, 2, 2, 2, 2, 2, 2, 2, 2, -1, 2, 2, 2, 2, 2, 2, 
        2, 2, 2, 2, -1, -2, -2, -2, -2, -2, -2, -2, -2, 1, 2, 2, 2, 2, 2, 2, 2, 
        2, 2, 2, -1, 2, 2, 2, 2, 2, 2, 2, 2, 2, 2, -1, -2, -2, -2, -2, -2, -2, 
        -2, -2, 1, 2, 2, 2, 2, 2, 2, 2, 2, 2, 2, -1, -2, -2, -2, -2, -2, -2, -1,
        2, 2, 2, 2, 2, 2, 2, 2, 1, -2, -2, -2, -2, -2, -2, -2, -2, -2, -2, -1, 
        2, 2, 2, 2, 2, 2, 2, 2, 2, 2, -1, -2, -2, -2, -2, -2, -2, -2, -2, 1, 2, 
        2, 2, 2, 2, 2, 2, 2, 2, -1, -2, -2, -2, -2, -2, -2, -2, -2, 1, 2, 2, 2, 
        2, 2, 2, 2, 2, 2, 2, 2, 2, 2, 2, 2, 2, 2, 2, 2, 2, 2, 2, 2, -1, -2, -2, 
        -2, -2, -2, -2, -1, 2, 2, 2, 2, 2, 2, 2, 2, 1, -2, -2, -2, -2, -2, -2, 
        -2, -2, -2, -2, -1, 2, 2, 2, 2, 2, 2, 2, 2, 2, 2, -1, -2, -2, -2, -2, 
        -2, -2, -2, -2, 1, 2, 2, 2, 2, 2, 2, 2, 2, 2, -1, -2, -2, -2, -2, -2, 
        -2, -2, -2, 1, 2, 2, 2, 1, 2, 2, 1, -2, 1, 2, 2, 1, -2, -2 ],
        [ IntegerRing() | -1, 2, 2, 2, 2, 2, 2, 2, 2, 2, 2, -1, -2, -2, -2, -2, 
        -2, -2, -2, -2, 1, 2, 2, 2, 2, 2, 2, 2, 2, 2, 2, -1, 2, 2, 2, 2, 2, 2, 
        2, 2, 2, 2, -1, -2, -2, -2, -2, -2, -2, -2, -2, 1, 2, 2, 2, 2, 2, 2, 2, 
        2, 2, 2, -1, 2, 2, 2, 2, 2, 2, 2, 2, 2, 2, -1, -2, -2, -2, -2, -2, -2, 
        -2, -2, 1, 2, 2, 2, 2, 2, 2, 2, 1, 2, 2, 1, -2, 1, 2, 2, 1, -2, -2, -2, 
        1 ],
        [ IntegerRing() | -1, 2, 2, 2, 2, 2, 2, 2, 2, 2, 2, -1, -2, -2, -2, -2, 
        -2, -2, -2, -2, 1, 2, 2, 2, 2, 2, 2, 2, 2, 2, 2, -1, 2, 2, 2, 2, 2, 2, 
        2, 2, 2, 2, -1, -2, -2, -2, -2, -2, -2, -2, -2, 1, 2, 2, 2, 2, 2, 2, 2, 
        2, 2, 2, -1, 2, 2, 2, 2, 2, 2, 2, 2, 2, 2, -1, -2, -2, -2, -2, -2, -2, 
        -2, -2, 1, 2, 2, 2, 2, 2, 2, 2, 2, 2, 2, -1, 2, 2, 2, 2, 2, 2, 2, 2, 2, 
        2, -1, -2, -2, -2, -2, -2, -2, -2, -2, 1, 2, 2, 2, 2, 2, 2, 2, 2, 2, 2, 
        -1, 2, 2, 2, 2, 2, 2, 2, 2, 2, 2, -1, -2, -2, -2, -2, -2, -2, -2, -2, 1,
        2, 2, 2, 2, 2, 2, 2, 2, 2, 2, -1, 2, 2, 2, 2, 2, 2, 2, 2, 2, 2, -1, -2, 
        -2, -2, -2, -2, -2, -2, -2, 1, 2, 2, 2, 2, 2, 2, 2, 2, 2, 2, 1, 1 ],
        [ IntegerRing() | -1, 2, 2, 2, 2, 2, 2, 2, 2, 2, 2, -1, -2, -2, -2, -2, 
        -2, -2, -2, -2, 1, 2, 2, 2, 2, 2, 2, 2, 2, 2, 2, -1, 2, 2, 2, 2, 2, 2, 
        2, 2, 2, 2, -1, -2, -2, -2, -2, -2, -2, -2, -2, 1, 2, 2, 2, 2, 2, 2, 2, 
        2, 2, 2, -1, 2, 2, 2, 2, 2, 2, 2, 2, 2, 2, -1, -2, -2, -2, -2, -2, -2, 
        -2, -2, 1, 2, 2, 2, 2, 2, 2, 2, 2, 2, 2, -1, 2, 2, 2, 2, 2, 2, 2, 2, 2, 
        2, -1, -2, -2, -2, -2, -2, -2, -2, -2, 1, 2, 2, 2, 2, 2, 2, 2, 2, 2, 2, 
        -1, 2, 2, 2, 2, 2, 2, 2, 2, 2, 2, -1, -2, -2, -2, -2, -2, -2, -2, -2, 1,
        2, 2, 2, 2, 2, 2, 2, 2, 2, 2, -1, 2, 2, 2, 2, 2, 2, 2, 2, 2, 2, -1, -2, 
        -2, -2, -2, -2, -2, -2, -2, 1, 2, 2, 2, 2, 2, 2, 2, 2, 2, 2, -1, 2, 2, 
        2, 2, 2, 2, 2, 2, 2, 2, -1, -2, -2, -2, -2, -2, -2, -2, -2, 1, -2, -2, 
        -2, -2, -2, -2, -2, -2, -2, -2, -2, -2, -2, -2, -2, -2, -2 ],
        [ IntegerRing() | -1, 2, 2, 2, 2, 2, 2, 2, 2, 2, 2, -1, -2, -2, -2, -2, 
        -2, -2, -2, -2, 1, 2, 2, 2, 2, 2, 2, 2, 2, 2, 2, -1, 2, 2, 2, 2, 2, 2, 
        2, 2, 2, 2, -1, -2, -2, -2, -2, -2, -2, -2, -2, 1, 2, 2, 2, 2, 2, 2, 2, 
        2, 2, 2, -1, 2, 2, 2, 2, 2, 2, 2, 2, 2, 2, -1, -2, -2, -2, -2, -2, -2, 
        -2, -2, 1, 2, 2, 2, 2, 2, 2, 2, 2, 2, 2, -1, 2, 2, 2, 2, 2, 2, 2, 2, 2, 
        2, -1, -2, -2, -2, -2, -2, -2, -2, -2, 1, 2, 2, 2, 2, 2, 2, 2, 2, 2, 2, 
        2, 2, 2, 2, 2, 2, 2, 2, 2, 2, 2, 2, 2, 2, 2, 2, 2, 2, 2, 2, 2, 2, 2, 2, 
        2, 2, 2, 1, 2, 2, 2, -1 ],
        [ IntegerRing() | -1, 2, 2, 2, 2, 2, 2, 2, 2, 2, 2, -1, -2, -2, -2, -2, 
        -2, -2, -2, -2, 1, 2, 2, 2, 2, 2, 2, 2, 2, 2, 2, -1, 2, 2, 2, 2, 2, 2, 
        2, 2, 2, 2, -1, -2, -2, -2, -2, -2, -2, -2, -2, 1, 2, 2, 2, 2, 2, 2, 2, 
        2, 2, 2, -1, 2, 2, 2, 2, 2, 2, 2, 2, 2, 2, -1, -2, -2, -2, -2, -2, -2, 
        -2, -2, 1, 2, 2, 2, 2, 2, 2, 2, 2, 2, 2, -1, 2, 2, 2, 2, 2, 2, 2, 2, 2, 
        2, -1, -2, -2, -2, -2, -2, -2, -2, -2, 1, 2, 2, 2, 2, 2, 2, 2, 2, 2, 2, 
        -1, -2, -2, -2, -2, -2, -2, -1, 2, 2, 2, 2, 2, 2, 2, 2, 1, -2, -2, -2, 
        -2, -2, -2, -2, -2, -2, -2, -1, 2, 2, 2, 2, 2, 2, 2, 2, 2, 2, -1, -2, 
        -2, -2, -2, -2, -2, -2, -2, 1, 2, 2, 2, 2, 2, 2, 2, 2, 2, -1, -2, -2, 
        -2, -2, -2, -2, -2, -2, 1, 2, 2, 2, 2, 2, 2, 2, 2, 2, 2, 2, 2, 2, 2, 2, 
        2, 2, 2, 2, 2, 2, 2, 2, -1, -2, -2, -2, -2, -2, -2, -1, 2, 2, 2, 2, 2, 
        2, 2, 2, 1, -2, -2, -2, -2, -2, -2, -2, -2, -2, -2, -1, 2, 2, 2, 2, 2, 
        2, 2, 2, 2, 2, -1, -2, -2, -2, -2, -2, -2, -2, -2, 1, 2, 2, 2, 2, 2, 2, 
        2, 2, 2, -1, -2, -2, -2, -2, -2, -2, -2, -2, 1, 2, 2, 2, 2, 2, 2, 2, 2, 
        2, 2, 2, 2, 2, 2, 2, 2, 2, 2, 2, 2, 2, 2, 2, 2, 2, 2, 2, 2, 2, 2, 2, 2, 
        2, 2, 2, 2, 2, 2, 2, 2, 2, 2, 2, 2, 2, 2, 2, 2, 2, 2, 2, 2, 2, 2, 2, 2, 
        2, 1, 2, 2, 1, -2, 1, 2, 2, 1, -2, -2 ],
        [ IntegerRing() | -1, 2, 2, 2, 2, 2, 2, 2, 2, 2, 2, -1, -2, -2, -2, -2, 
        -2, -2, -2, -2, 1, 2, 2, 2, 2, 2, 2, 2, 2, 2, 2, -1, 2, 2, 2, 2, 2, 2, 
        2, 2, 2, 2, -1, -2, -2, -2, -2, -2, -2, -2, -2, 1, 2, 2, 2, 2, 2, 2, 2, 
        2, 2, 2, -1, -2, -2, -2, -2, -2, -2, -1, 2, 2, 2, 2, 2, 2, 2, 2, 1, -2, 
        -2, -2, -2, -2, -2, -2, -2, -2, -2, -1, 2, 2, 2, 2, 2, 2, 2, 2, 2, 2, 
        -1, -2, -2, -2, -2, -2, -2, -2, -2, 1, 2, 2, 2, 2, 2, 2, 2, 2, 2, -1, 
        -2, -2, -2, -2, -2, -2, -2, -2, 1, -2, -2, -2, -2, -2, -2, -2, -2, -2, 
        -2, -2, -2, -2, -2, -2, -2, -2, 1, 2, 2, 1, -2, -2, -2, -2, -1 ],
        [ IntegerRing() | -1, 2, 2, 2, 2, 2, 2, 2, 2, 2, 2, -1, -2, -2, -2, -2, 
        -2, -2, -2, -2, 1, 2, 2, 2, 2, 2, 2, 2, 2, 2, 2, -1, 2, 2, 2, 2, 2, 2, 
        2, 2, 2, 2, -1, -2, -2, -2, -2, -2, -2, -2, -2, 1, 2, 2, 2, 2, 2, 2, 2, 
        2, 2, 2, -1, 2, 2, 2, 2, 2, 2, 2, 2, 2, 2, -1, -2, -2, -2, -2, -2, -2, 
        -2, -2, 1, 2, 2, 2, 2, 2, 2, 2, 2, 2, 2 ]
    ], level := 81, genus := 10, index := 324, contains_minus_one := true, 
    subgroups := [], supergroups := [ IntegerRing() | 264, 881 ], name := 
    "81A10", label := "A", order := 1458, GLZConj := 1, matgens := [ 
        PowerSequence(IntegerRing(81)) |
        [ IntegerRing(81) | 1, 0, 45, 1 ],
        [ IntegerRing(81) | 1, 0, 54, 1 ],
        [ IntegerRing(81) | 19, 54, 0, 64 ],
        [ IntegerRing(81) | 40, 72, 16, 43 ],
        [ IntegerRing(81) | 46, 27, 51, 37 ],
        [ IntegerRing(81) | 53, 0, 0, 26 ],
        [ IntegerRing(81) | 55, 0, 0, 28 ],
        [ IntegerRing(81) | 58, 45, 79, 25 ],
        [ IntegerRing(81) | 64, 27, 54, 19 ]
    ], cusps := [ IntegerRing() | 1, 1, 1, 1, 1, 1, 1, 1, 1, 1, 1, 1, 1, 1, 1, 
    1, 1, 1, 1, 1, 1, 1, 1, 1, 1, 1, 1, 9, 9, 9, 9, 9, 9, 81, 81, 81 ], c2 := [ 
    IntegerRing() | 2, 2, 2, 2, 2, 2, 2, 2, 2, 2, 2, 2, 2, 2, 2, 2, 2, 2, 2, 2, 
    2, 2, 2, 2, 2, 2, 2, 2, 2, 2, 2, 2, 2, 2, 2, 2, 2, 2, 2, 2, 2, 2, 2, 2, 2, 
    2, 2, 2, 2, 2, 2, 2, 2, 2, 2, 2, 2, 2, 2, 2, 2, 2, 2, 2, 2, 2, 2, 2, 2, 2, 
    2, 2, 2, 2, 2, 2, 2, 2, 2, 2, 2, 2, 2, 2, 2, 2, 2, 2, 2, 2, 2, 2, 2, 2, 2, 
    2, 2, 2, 2, 2, 2, 2, 2, 2, 2, 2, 2, 2, 2, 2, 2, 2, 2, 2, 2, 2, 2, 2, 2, 2, 
    2, 2, 2, 2, 2, 2, 2, 2, 2, 2, 2, 2, 2, 2, 2, 2, 2, 2, 2, 2, 2, 2, 2, 2, 2, 
    2, 2, 2, 2, 2, 2, 2, 2, 2, 2, 2, 2, 2, 2, 2, 2, 2 ], c3 := [ IntegerRing() |
    3, 3, 3, 3, 3, 3, 3, 3, 3, 3, 3, 3, 3, 3, 3, 3, 3, 3, 3, 3, 3, 3, 3, 3, 3, 
    3, 3, 3, 3, 3, 3, 3, 3, 3, 3, 3, 3, 3, 3, 3, 3, 3, 3, 3, 3, 3, 3, 3, 3, 3, 
    3, 3, 3, 3, 3, 3, 3, 3, 3, 3, 3, 3, 3, 3, 3, 3, 3, 3, 3, 3, 3, 3, 3, 3, 3, 
    3, 3, 3, 3, 3, 3, 3, 3, 3, 3, 3, 3, 3, 3, 3, 3, 3, 3, 3, 3, 3, 3, 3, 3, 3, 
    3, 3, 3, 3, 3, 3, 3, 3 ], gc := [ IntegerRing() | 1, 1, 2, 2, 6 ], 
    special_name := [], special_name_html := [], direct_subgroups := [], 
    direct_supergroups := [ IntegerRing() | 264, 881 ], length := 12, treename 
    := [ PowerSequence(IntegerRing()) |
        [ IntegerRing() | 324, 2, 3, 3, 4, 9 ],
        [ IntegerRing() | 324, 2, 3, 6, 3, 4 ],
        [ IntegerRing() | 405, 4, 7, 5, 7, 7 ],
        [ IntegerRing() | 405, 4, 7, 5, 11, 16 ],
        [ IntegerRing() | 486, 2, 2, 1, 1, 10 ],
        [ IntegerRing() | 486, 2, 2, 2, 2, 1 ]
    ], treesupergroups := [ PowerSequence(IntegerRing()) |
        [ IntegerRing() | 324, 2, 3, 3, 4 ],
        [ IntegerRing() | 324, 2, 3, 6, 3 ],
        [ IntegerRing() | 405, 4, 7, 5, 7 ],
        [ IntegerRing() | 405, 4, 7, 5, 11 ],
        [ IntegerRing() | 486, 2, 2, 1, 1 ],
        [ IntegerRing() | 486, 2, 2, 2, 2 ]
    ]>,
    rec<recformat<generators: SeqEnum, level: IntegerRing(), genus: 
    IntegerRing(), index: IntegerRing(), contains_minus_one: BoolElt, subgroups:
    SeqEnum, supergroups: SeqEnum, name: MonStgElt, label: MonStgElt, order: 
    IntegerRing(), GLZConj: IntegerRing(), matgens: SeqEnum, cusps: SeqEnum, c2:
    SeqEnum, c3: SeqEnum, gc: SeqEnum, projections: SeqEnum, special_name: 
    SeqEnum, special_name_html: SeqEnum, direct_subgroups: SeqEnum, 
    direct_supergroups: SeqEnum, length: IntegerRing(), treename: SeqEnum, 
    treesupergroups: SeqEnum> | generators := [ PowerSequence(IntegerRing()) |
        [ IntegerRing() | 2, 2, 2, 2, 2, 2, 2, 2, 2, 2, 2, 2, 2, 2, 2, 2, 2, 2, 
        2, 2, 2, 2, 2, 2, 2, 2, 2, 2, 2, 2, 2, 2, 2, 2, 2, 2, 2, 2, 2, 2, 2, 2, 
        2, 2, 2, 2, 2, 2, 2, 2, 2, 2, 2, 2, 2, 2, 2, 2, 2, 2, 2, 2, 2, 2, 2, 2, 
        2, 2, 2, 2, 2, 2, 2, 2, 2, 2, 2, 2, 2, 2, 1, 2, 2, 2, 2, 2, 2, 2, 2, 2, 
        2, 2, 2, 2, 2, 2, 2, 2, 2, 2, 2, 2, 2, 2, 2, 2, 2, 2, 2, 2, 2, 2, 2, 2, 
        2, 2, 2, 2, 2, 2, 2, 2, 2, 2, 2, 2, 2, 2, 2, -1, 2, 2, 2, 2, 2, 2, 2, 2,
        2, 2, 2, 2, 2, 2, 2, 2 ],
        [ IntegerRing() | 2, 2, 2, 2, 2, 2, 2, 2, 2, 2, 2, 2, 2, 2, 2, 2, 2, 2, 
        2, 2, 2, 2, 2, 2, 2, 2, 2, 2, 2, 2, 2, 2, 2, 2, 2, 2, 2, 2, 2, 2, 2, 2, 
        2, 2, 2, 2, 2, 2, 2, 2, 2, 2, 1, 2, 2, 2, 2, 2, 2, 2, 2, 2, 2, 2, 2, 2, 
        2, 2, 2, 2, 2, 2, 2, 2, 2, 2, 2, 2, 2, 2, 2, 2, 2, 2, 2, 2, 2, 2, 2, 2, 
        2, 2, 2, 2, 2, 2, 2, 2, 2, 2, 2, 2, 2, 2, 2, 2, 2, 2, 2, -1, 2, 2, 2, 2,
        1, 2, 2, 2, 2, 2, 2, 2, 2, 2, 2, 2, 2, 2, 2, -1 ],
        [ IntegerRing() | 2, 2, 2, 2, 2, 2, 2, 2, 2, 2, 2, 2, 2, 2, 2, 2, 2, 2, 
        2, 2, 2, 2, 2, 2, 2, 2, 2, 2, 2, 2, 2, 2, 2, 2, 2, 2, 2, 2, 2, 2, 2, 2, 
        2, 2, 2, 2, 2, 2, 2, 2, 2, 2, 1, 2, 2, 2, 2, 2, 2, 2, 2, 2, 2, 2, 2, 2, 
        2, 2, 2, 2, 2, 2, 2, 2, 2, 2, 2, 2, 2, 2, 2, -1, 2, 2, 2, 2 ],
        [ IntegerRing() | 2, 2, 2, 2, 2, 2, 2, 2, 2, 2, 2, 2, 2, 2, 2, 2, 2, 2, 
        2, 2, 2, 2, 2, 2, 1, 2, 2, 2, 2, 2, 2, 2, 2, 2, 2, 2, 2, 2, 2, 2, 2, 2, 
        2, 2, 2, 2, 2, 2, 2, 2, 2, 2, 2, 2, 2, 2, 2, 2, 2, 2, 2, 2, 2, 2, 2, 2, 
        2, 2, 2, 2, 2, 2, 2, 2, 2, 2, 2, 2, 2, 2, 2, -1, 2, 2, 2, 2 ],
        [ IntegerRing() | 2, 2, 2, 2, 1, 2, 2, 2, 2, 2, 2, 2, 2, 2, 2, 2, 2, 2, 
        2, 2, 2, 2, 2, 2, 2, 2, 2, 2, 2, 2, 2, 2, 2, -1, 2, 2, 2, 2, 1, 2, 2, 
        -1, 2, 2, 2, 2, 2, 2, 2, 2, 1, 2, 2, -1 ],
        [ IntegerRing() | 2, 2, 2, 2, 2, 2, 2, 2, 2, 2, 2, 2, 2, 2, 2, 2, 2, 2, 
        2, 2, 2, 2, 2, 2, 2, 2, 2, 2, 2, 2, 2, 2, 2, 2, 2, 2, 2, 2, 2, 2, 2, 2, 
        2, 2, 2, 2, 2, 2, 2, 2, 2, 2, 1, 2, 2, 2, 2, 2, 2, 2, 2, 2, 2, 2, 2, 2, 
        2, -1, 2, 2, 2, 2, 1, 2, 2, 2, 2, 2, 2, 2, 2, 2, 2, 2, 2, 2, 2, -1 ],
        [ IntegerRing() | 2, 2, 2, 2, 2, 2, 2, 2, 2, 2, 2, 2, 2, 2, 2, 2, 1, 2, 
        2, 2, 2, 2, 2, 2, 2, 2, 2, 2, 2, 2, 2, 2, 2, 2, 2, -1, 2, 2, 2, 2, 2, 2,
        2, 2, 1, 2, 2, 2, 2, 2, 2, -1 ],
        [ IntegerRing() | 2, 2, 2, 2, 2, 2, 2, 2, 2, 2, 2, 2, 2, 2, 2, 2, 2, 2, 
        2, 2, 2, 2, 2, 2, 2, 2, 2, 2, 2, 2, 2, 2, 2, 2, 2, 2, 2, 2, 2, 2, 2, 2, 
        2, 2, 2, 2, 2, 2, 2, 2, 2, 2, 2, 2, 2, 2, 1, 2, 2, 2, 2, 2, 2, 2, 2, 2, 
        2, 2, 2, 2, 2, -1, 2, 2, 2, 2, 2, 2, 2, 2, 1, 2, 2, -1, 2, 2, 2, 2, 2, 
        2, 2, 2, 1, 2, 2, 1 ],
        [ IntegerRing() | 2, 2, 2, 2, 2, 2, 2, 2, 2, 2, 2, 2, 1, 2, 2, 2, 2, 2, 
        2, 2, 2, 2, 2, 2, 2, 2, 2, 2, 2, 2, 2, 2, 2, 2, 2, 2, 2, -1, 2, 2, 2, 2,
        2, 2, 2, 2, 2, 2, 2, 2 ],
        [ IntegerRing() | 2, 2, 2, 2, 2, 2, 2, 2, 2, 2, 2, 2, 2, 2, 2, 2, 2, 2, 
        2, 2, 2, 2, 2, 2, 2, 2, 2, 2, 2, 2, 2, 2, 2, 2, 2, 2, 2, 2, 2, 2, 2, 2, 
        2, 2, 2, 2, 2, 2, 2, 2, 2, 2, 2, 2, 2, 2, 2, 2, 2, 2, 1, 2, 2, 2, 2, 2, 
        2, 2, 2, 2, 2, 2, 2, 2, 2, 2, 2, 2, 2, 2, 2, 2, 2, 2, 2, 2, 2, 2, 2, 2, 
        2, 2, 2, 2, 2, 2, 2, 2, 2, 2, 2, 2, 2, 2, 2, 2, 2, 2, 2, 2, 2, 2, 2, 2, 
        2, 2, 2, -1, 2, 2, 2, 2, 2, 2, 2, 2, 1, 2, 2, 2, 2, 2, 2, 2, 2, -1, 2, 
        2, 2, 2, 1, 2, 2, 2, 2, -1, 2, 2, 2, 2 ],
        [ IntegerRing() | 2, 2, 2, 2, 2, 2, 2, 2, 2, 2, 2, 2, 2, 2, 2, 2, 2, 2, 
        2, 2, 2, 2, 2, 2, 2, 2, 2, 2, 2, 2, 2, 2, 2, 2, 2, 2, 2, 2, 2, 2, 2, 2, 
        2, 2, 2, 2, 2, 2, 2, 2, 2, 2, 2, 2, 2, 2, 2, 2, 2, 2, 2, 2, 2, 2, 2, 2, 
        2, 2, 1, 2, 2, 2, 2, 2, 2, 2, 2, 2, 2, 2, 2, 2, 2, -1, 2, 2, 2, 2, 1, 2,
        2, 2, 2, 2, 2, 2, 2, -1, 2, 2, 2, 2, 2, 2, 2, 2, 2, 2, 2, 2, 2, 2, 2, 2,
        1, 2, 1 ]
    ], level := 84, genus := 10, index := 126, contains_minus_one := true, 
    subgroups := [ IntegerRing() | 5835, 5837, 5838, 6185, 6187, 6189, 6191, 
    6289, 6290, 6291, 6292 ], supergroups := [ IntegerRing() | 3, 5, 10, 27, 
    166, 560, 626 ], name := "84A10", label := "A", order := 3072, GLZConj := 2,
    matgens := [ PowerSequence(IntegerRing(84)) |
        [ IntegerRing(84) | 1, 28, 28, 29 ],
        [ IntegerRing(84) | 13, 0, 0, 13 ],
        [ IntegerRing(84) | 25, 60, 36, 73 ],
        [ IntegerRing(84) | 29, 0, 0, 29 ],
        [ IntegerRing(84) | 29, 0, 42, 29 ],
        [ IntegerRing(84) | 37, 72, 0, 25 ],
        [ IntegerRing(84) | 43, 0, 42, 43 ],
        [ IntegerRing(84) | 49, 12, 60, 49 ],
        [ IntegerRing(84) | 57, 28, 56, 57 ],
        [ IntegerRing(84) | 61, 72, 60, 13 ],
        [ IntegerRing(84) | 71, 56, 35, 43 ]
    ], cusps := [ IntegerRing() | 21, 21, 84 ], c2 := [ IntegerRing() | 2, 2, 2,
    2, 2, 2, 2, 2, 2, 2, 2, 2, 2, 2, 2, 2, 2, 2, 2, 2, 2, 2, 2, 2, 2, 2, 2, 2, 
    2, 2, 2, 2, 2, 2, 2, 2, 2, 2, 2, 2, 2, 2, 2, 2, 2, 2, 2, 2, 2, 2, 2, 2, 2, 
    2, 2, 2, 2, 2, 2, 2, 2, 2, 2 ], c3 := [ IntegerRing() | 3, 3, 3, 3, 3, 3, 3,
    3, 3, 3, 3, 3, 3, 3, 3, 3, 3, 3, 3, 3, 3, 3, 3, 3, 3, 3, 3, 3, 3, 3, 3, 3, 
    3, 3, 3, 3, 3, 3, 3, 3, 3, 3 ], gc := [ IntegerRing() | 2, 2, 2, 6, 6, 6, 6,
    6, 6 ], special_name := [], special_name_html := [], direct_subgroups := [ 
    IntegerRing() | 5835, 5837, 5838, 6185, 6187, 6189, 6191, 6289, 6290, 6291, 
    6292 ], direct_supergroups := [ IntegerRing() | 166, 560, 626 ], length := 
    21, treename := [ PowerSequence(IntegerRing()) |
        [ IntegerRing() | 336, 2, 4, 3, 9 ],
        [ IntegerRing() | 336, 2, 6, 11, 3 ],
        [ IntegerRing() | 420, 2, 7, 6, 32 ],
        [ IntegerRing() | 420, 2, 8, 14, 6 ],
        [ IntegerRing() | 504, 2, 5, 4, 17 ],
        [ IntegerRing() | 504, 2, 7, 11, 4 ],
        [ IntegerRing() | 588, 2, 5, 5, 30 ],
        [ IntegerRing() | 588, 2, 6, 6, 4 ]
    ], treesupergroups := [ PowerSequence(IntegerRing()) |
        [ IntegerRing() | 336, 2, 4, 3 ],
        [ IntegerRing() | 336, 2, 6, 11 ],
        [ IntegerRing() | 300, 7, 6 ],
        [ IntegerRing() | 300, 6, 5, 4 ],
        [ IntegerRing() | 300, 6, 5 ],
        [ IntegerRing() | 300, 7 ],
        [ IntegerRing() | 300, 6 ],
        [ IntegerRing() | 420, 2, 7, 6 ],
        [ IntegerRing() | 420, 2, 8, 14 ],
        [ IntegerRing() | 504, 2, 5, 4 ],
        [ IntegerRing() | 504, 2, 7, 11 ],
        [ IntegerRing() | 588, 2, 5, 5 ],
        [ IntegerRing() | 588, 2, 6, 6 ]
    ]>,
    rec<recformat<generators: SeqEnum, level: IntegerRing(), genus: 
    IntegerRing(), index: IntegerRing(), contains_minus_one: BoolElt, subgroups:
    SeqEnum, supergroups: SeqEnum, name: MonStgElt, label: MonStgElt, order: 
    IntegerRing(), GLZConj: IntegerRing(), matgens: SeqEnum, cusps: SeqEnum, c2:
    SeqEnum, c3: SeqEnum, gc: SeqEnum, projections: SeqEnum, special_name: 
    SeqEnum, special_name_html: SeqEnum, direct_subgroups: SeqEnum, 
    direct_supergroups: SeqEnum, length: IntegerRing(), treename: SeqEnum, 
    treesupergroups: SeqEnum> | generators := [ PowerSequence(IntegerRing()) |
        [ IntegerRing() | 2, 2, 2, 2, 2, 2, 2, 2, 2, 2, 2, 2, 2, 2, 2, 2, 2, 2, 
        2, 2, 2, 2, 2, 2, 2, 2, 2, 2, 2, 2, 2, 2, 2, 2, 2, 2, 2, 2, 2, 2, 2, 2, 
        2, 2, 2, 2, 2, 2, 2, 2, 2, 2, 2, 2, 2, 2, 1, 2, 2, 2, 2, 2, 2, 2, 2, 2, 
        2, 2, 2, 2, 2, 2, 2, 2, 2, 2, 2, 2, 2, 2, 2, 2, 2, 2, 2, -1 ],
        [ IntegerRing() | 2, 2, 2, 2, 2, 2, 2, 2, 2, 2, 2, 2, 2, 2, 2, 2, 2, 2, 
        2, 2, 2, 2, 2, 2, 2, 2, 2, 2, 2, 2, 2, 2, 2, 2, 2, 2, 2, 2, 2, 2, 2, 2 
        ],
        [ IntegerRing() | 2, 2, 2, 2, 2, 2, 2, 2, 2, 2, 2, 2, 2, 2, 2, 2, 2, 2, 
        2, 2, 2, 2, 2, 2, 2, 2, 2, 2, 2, 2, 2, 2, 2, 2, 2, 2, 2, 2, 2, 2, 2, 2, 
        2, 2, 2, 2, 2, 2, 2, 2, 2, 2, 2, 2, 2, 2, 2, 2, 2, 2, 2, 2, 2, 2, 2, 2, 
        2, 2, 1, 2, 2, 2, 2, 2, 2, 2, 2, 2, 2, 2, 2, 2, 2, 2, 2, 2, 2, 2, 2, 2, 
        2, 2, 2, 2, 2, 2, 2, -1, 2, 2, 2, 2, 2, 2, 2, 2, 2 ],
        [ IntegerRing() | 2, 2, 2, 2, 2, 2, 2, 2, 1, 2, 2, 2, 2, 2, 2, 2, 2, 2, 
        2, 2, 2, 2, 2, -1, 2, 2, 2, 2, 1, 2, 2, 2, 2, 2, 2, 2, 2, 2, 2, 2, 2, 2,
        2, -1, 2, 2 ],
        [ IntegerRing() | 2, 2, 2, 2, 2, 2, 2, 2, 2, 2, 2, 2, 2, 2, 2, 2, 2, 2, 
        2, 2, 2, 2, 2, 2, 2, 2, 2, 2, 2, 2, 2, 2, 2, 2, 2, 2, 2, 2, 2, 2, 2, 2, 
        2, 2, 2, 2, 2, 2, 2, 2, 2, 2, 1, 2, 2, 2, 2, 2, 2, 2, 2, 2, 2, 2, 2, 2, 
        2, -1, 2, 2, 2, 2, 1, 2, 2, 2, 2, 2, 2, 2, 2, 2, 2, 2, 2, 2, 2, -1 ],
        [ IntegerRing() | 2, 2, 2, 2, 2, 2, 2, 2, 2, 2, 2, 2, 2, 2, 2, 2, 2, 2, 
        2, 2, 2, 2, 2, 2, 2, 2, 2, 2, 2, 2, 2, 2, 2, 2, 2, 2, 2, 2, 2, 2, 1, 2, 
        2, 2, 2, 2, 2, 2, 2, 2, 2, 2, 2, 2, 2, 2, 2, 2, 2, 2, 2, 2, 2, 2, 2, -1,
        2, 2, 2, 2, 2, 2, 2, 2 ],
        [ IntegerRing() | 2, 2, 2, 2, 1, 2, 2, 2, 2, 2, 2, 2, 2, 2, 2, 2, 2, 2, 
        2, 2, 2, 2, 2, 2, 2, 2, 2, 2, 2, 2, 2, 2, 2, 2, 2, 2, 2, 2, 2, 2, 2, 2, 
        2, 2, 2, 2, 2, 2, 2, 2, 2, 2, 2, 2, 2, 2, 2, 2, 2, 2, 2, 2, 2, 2, 2, 2, 
        2, 2, 2, 2, 2, 2, 2, 2, 2, 2, 2, -1, 2, 2, 2, 2, 2, 2, 2, 2 ],
        [ IntegerRing() | 2, 2, 2, 2, 2, 2, 2, 2, 2, 2, 2, 2, 2, 2, 2, 2, 2, 2, 
        2, 2, 2, 2, 2, 2, 2, 2, 2, 2, 2, 2, 2, 2, 2, 2, 2, 2, 2, 2, 2, 2, 2, 2, 
        2, 2, 1, 2, 2, 2, 2, 2, 2, 2, 2, 2, 2, 2, 2, 2, 2, 2, 2, 2, 2, 2, 2, 2, 
        2, 2, 2, 2, 2, 2, 2, -1, 2, 2, 2, 2, 1, 2, 2, -1, 2, 2, 2, 2, 2, 2, 2, 
        2, 1, 2, 2, 1, 2, 2 ],
        [ IntegerRing() | 2, 2, 2, 2, 2, 2, 2, 2, 2, 2, 2, 2, 1, 2, 2, 2, 2, 2, 
        2, 2, 2, 2, 2, 2, 2, 2, 2, 2, 2, 2, 2, 2, 2, 2, 2, 2, 2, 2, 2, 2, 2, 2, 
        2, 2, 2, 2, 2, 2, 2, 2, 2, 2, 2, 2, 2, 2, 2, 2, 2, 2, 2, 2, 2, 2, 2, 2, 
        2, 2, 2, 2, 2, 2, 2, 2, 2, 2, 2, 2, 2, 2, 2, 2, 2, -1, 2, 2, 2, 2, 1, 2,
        2, 2, 2, 2, 2, 2, 2, 2, 2, -1, 2, 2, 2, 2, 2, 2, 2, 2, 2, 2, 2, 2 ],
        [ IntegerRing() | 2, 2, 2, 2, 2, 2, 2, 2, 2, 2, 2, 2, 2, 2, 2, 2, 2, 2, 
        2, 2, 2, 2, 2, 2, 2, 2, 2, 2, 2, 2, 2, 2, 2, 2, 2, 2, 2, 2, 2, 2, 2, 2, 
        2, 2, 2, 2, 2, 2, 2, 2, 2, 2, 2, 2, 2, 2, 2, 2, 2, 2, 1, 2, 2, 2, 2, 2, 
        2, 2, 2, 2, 2, 2, 2, 2, 2, 2, 2, 2, 2, 2, 2, 2, 2, 2, 2, 2, 2, 2, 2, -1,
        2, 2, 2, 2, 2, 2, 2, 2, 1, 2, 2, 2, 2, 2, 2, -1, 2, 2, 2, 2, 1, 2, 2, -1
        ]
    ], level := 84, genus := 10, index := 144, contains_minus_one := true, 
    subgroups := [ IntegerRing() | 5845, 6194, 6196, 6293, 6294, 6731, 6735, 
    6987, 6988, 7300, 7302 ], supergroups := [ IntegerRing() | 3, 5, 10, 27, 
    166, 392, 1057 ], name := "84B10", label := "B", order := 2688, GLZConj := 
    1, matgens := [ PowerSequence(IntegerRing(84)) |
        [ IntegerRing(84) | 1, 42, 0, 1 ],
        [ IntegerRing(84) | 9, 40, 32, 21 ],
        [ IntegerRing(84) | 25, 36, 12, 61 ],
        [ IntegerRing(84) | 29, 0, 0, 29 ],
        [ IntegerRing(84) | 29, 42, 0, 29 ],
        [ IntegerRing(84) | 29, 56, 56, 1 ],
        [ IntegerRing(84) | 29, 77, 56, 1 ],
        [ IntegerRing(84) | 49, 12, 60, 61 ],
        [ IntegerRing(84) | 49, 60, 12, 13 ],
        [ IntegerRing(84) | 71, 42, 0, 71 ]
    ], cusps := [ IntegerRing() | 3, 3, 12, 21, 21, 84 ], c2 := [ IntegerRing() 
    | 2, 2, 2, 2, 2, 2, 2, 2, 2, 2, 2, 2, 2, 2, 2, 2, 2, 2, 2, 2, 2, 2, 2, 2, 2,
    2, 2, 2, 2, 2, 2, 2, 2, 2, 2, 2, 2, 2, 2, 2, 2, 2, 2, 2, 2, 2, 2, 2, 2, 2, 
    2, 2, 2, 2, 2, 2, 2, 2, 2, 2, 2, 2, 2, 2, 2, 2, 2, 2, 2, 2, 2, 2 ], c3 := [ 
    IntegerRing() | 3, 3, 3, 3, 3, 3, 3, 3, 3, 3, 3, 3, 3, 3, 3, 3, 3, 3, 3, 3, 
    3, 3, 3, 3, 3, 3, 3, 3, 3, 3, 3, 3, 3, 3, 3, 3, 3, 3, 3, 3, 3, 3, 3, 3, 3, 
    3, 3, 3 ], gc := [ IntegerRing() | 1, 1, 1, 1, 1, 1, 6, 6, 6 ], special_name
    := [], special_name_html := [], direct_subgroups := [ IntegerRing() | 5845, 
    6194, 6196, 6293, 6294, 6731, 6735, 6987, 6988, 7300, 7302 ], 
    direct_supergroups := [ IntegerRing() | 166, 392, 1057 ], length := 24, 
    treename := [ PowerSequence(IntegerRing()) |
        [ IntegerRing() | 336, 1, 7, 4, 3 ],
        [ IntegerRing() | 336, 1, 8, 7, 5 ],
        [ IntegerRing() | 420, 1, 10, 7, 34 ],
        [ IntegerRing() | 420, 1, 11, 14, 9 ],
        [ IntegerRing() | 504, 1, 5, 7, 25 ],
        [ IntegerRing() | 504, 1, 9, 10, 5 ],
        [ IntegerRing() | 588, 1, 5, 5, 30 ],
        [ IntegerRing() | 588, 1, 9, 12, 6 ]
    ], treesupergroups := [ PowerSequence(IntegerRing()) |
        [ IntegerRing() | 336, 1, 7, 4 ],
        [ IntegerRing() | 336, 1, 8, 7 ],
        [ IntegerRing() | 300, 7, 6 ],
        [ IntegerRing() | 300, 6, 5, 4 ],
        [ IntegerRing() | 300, 6, 5 ],
        [ IntegerRing() | 300, 7 ],
        [ IntegerRing() | 300, 6 ],
        [ IntegerRing() | 420, 1, 10, 7 ],
        [ IntegerRing() | 420, 1, 11, 14 ],
        [ IntegerRing() | 504, 1, 5, 7 ],
        [ IntegerRing() | 504, 1, 9, 10 ],
        [ IntegerRing() | 588, 1, 5, 5 ],
        [ IntegerRing() | 588, 1, 9, 12 ]
    ]>,
    rec<recformat<generators: SeqEnum, level: IntegerRing(), genus: 
    IntegerRing(), index: IntegerRing(), contains_minus_one: BoolElt, subgroups:
    SeqEnum, supergroups: SeqEnum, name: MonStgElt, label: MonStgElt, order: 
    IntegerRing(), GLZConj: IntegerRing(), matgens: SeqEnum, cusps: SeqEnum, c2:
    SeqEnum, c3: SeqEnum, gc: SeqEnum, projections: SeqEnum, special_name: 
    SeqEnum, special_name_html: SeqEnum, direct_subgroups: SeqEnum, 
    direct_supergroups: SeqEnum, length: IntegerRing(), treename: SeqEnum, 
    treesupergroups: SeqEnum> | generators := [ PowerSequence(IntegerRing()) |
        [ IntegerRing() | 2, 2, 2, 2, 1, 2, 2, 2, 2, 2, 2, 2, 2, 2, 2, 2, 2, 2, 
        2, 2, 2, 2, 2, 2, 2, 2, 2, 2, 2, 2, 2, 2, 2, 2, 2, 2, 2, 2, 2, 2, 2, 2, 
        2, 2, 2, 2, 2, 2, 2, 2, 2, 2, 2, 2, 2, 2, 2, 2, 2, 2, 2, 2, 2, 2, 2, 2, 
        2, 2, 2, 2, 2, 2, 2, 2, 2, 2, 2, -1, 2, 2, 2, 2, 2, 2, 2, 2 ],
        [ IntegerRing() | 2, 2, 2, 2, 2, 2, 2, 2, 2, 2, 2, 2, 2, 2, 2, 2, 2, 2, 
        2, 2, 2, 2, 2, 2, 2, 2, 2, 2, 2, 2, 2, 2, 2, 2, 2, 2, 2, 2, 2, 2, 1, 2, 
        2, 2, 2, 2, 2, 2, 2, 2, 2, 2, 2, 2, 2, 2, 2, 2, 2, 2, 2, 2, 2, 2, 2, -1,
        2, 2, 2, 2, 2, 2, 2, 2 ],
        [ IntegerRing() | 2, 2, 2, 2, 2, 2, 2, 2, 2, 2, 2, 2, 2, 2, 2, 2, 2, 2, 
        2, 2, 2, 2, 2, 2, 2, 2, 2, 2, 2, 2, 2, 2, 2, 2, 2, 2, 2, 2, 2, 2, 2, 2, 
        2, 2, 1, 2, 2, 2, 2, 2, 2, 2, 2, 2, 2, 2, 2, 2, 2, 2, 2, 2, 2, 2, 2, 2, 
        2, 2, 2, 2, 2, 2, 2, -1, 2, 2, 2, 2, 1, 2, 2, -1, 2, 2, 2, 2, 2, 2, 2, 
        2, 1, 2, 2, 1, 2, 2 ],
        [ IntegerRing() | 2, 2, 2, 2, 2, 2, 2, 2, 2, 2, 2, 2, 2, 2, 2, 2, 2, 2, 
        2, 2, 2, 2, 2, 2, 2, 2, 2, 2, 2, 2, 2, 2, 2, 2, 2, 2, 2, 2, 2, 2, 2, 2, 
        2, 2, 1, 2, 2, 2, 2, 2, 2, 2, 2, 2, 2, 2, 2, 2, 2, -1, 2, 2, 2, 2, 2 ],
        [ IntegerRing() | 2, 2, 2, 2, 2, 2, 2, 2, 1, 2, 2, 2, 2, 2, 2, 2, 2, 2, 
        2, 2, 2, 2, 2, -1, 2, 2, 2, 2, 1, 2, 2, 2, 2, 2, 2, 2, 2, 2, 2, 2, 2, 2,
        2, -1, 2, 2 ],
        [ IntegerRing() | 2, 2, 2, 2, 2, 2, 2, 2, 2, 2, 2, 2, 2, 2, 2, 2, 2, 2, 
        2, 2, 2, 2, 2, 2, 2, 2, 2, 2, 2, 2, 2, 2, 2, 2, 2, 2, 2, 2, 2, 2, 2, 2, 
        2, 2, 2, 2, 2, 2, 2, 2, 2, 2, 1, 2, 2, 2, 2, 2, 2, 2, 2, 2, 2, 2, 2, 2, 
        2, -1, 2, 2, 2, 2, 1, 2, 2, 2, 2, 2, 2, 2, 2, 2, 2, 2, 2, 2, 2, -1 ],
        [ IntegerRing() | 2, 2, 2, 2, 2, 2, 2, 2, 2, 2, 2, 2, 2, 2, 2, 2, 1, 2, 
        2, 2, 2, 2, 2, 2, 2, 2, 2, 2, 2, 2, 2, -1, 2, 2, 2, 2, 1, 2, 2, -1, 2, 
        2, 2, 2, 2, 2, 2, 2, 1, 2, 2, 1, 2, 2 ],
        [ IntegerRing() | 2, 2, 2, 2, 2, 2, 2, 2, 2, 2, 2, 2, 2, 2, 2, 2, 2, 2, 
        2, 2, 2, 2, 2, 2, 2, 2, 2, 2, 2, 2, 2, 2, 2, 2, 2, 2, 2, 2, 2, 2, 2, 2, 
        2, 2, 2, 2, 2, 2, 2, 2, 2, 2, 2, 2, 2, 2, 2, 2, 2, 2, 2, 2, 2, 2, 2, 2, 
        2, 2, 1, 2, 2, 2, 2, 2, 2, 2, 2, 2, 2, 2, 2, 2, 2, -1, 2, 2, 2, 2, 2, 2,
        2, 2, 1, 2, 2, 2, 2, 1, 2, 2 ],
        [ IntegerRing() | 2, 2, 2, 2, 2, 2, 2, 2, 2, 2, 2, 2, 2, 2, 2, 2, 2, 2, 
        2, 2, 2, 2, 2, 2, 2, 2, 2, 2, 2, 2, 2, 2, 2, 2, 2, 2, 2, 2, 2, 2, 2, 2, 
        2, 2, 2, 2, 2, 2, 2, 2, 2, 2, 2, 2, 2, 2, 2, 2, 2, 2, 1, 2, 2, 2, 2, 2, 
        2, 2, 2, 2, 2, 2, 2, 2, 2, 2, 2, 2, 2, 2, 2, 2, 2, 2, 2, 2, 2, 2, 2, -1,
        2, 2, 2, 2, 2, 2, 2, 2, 1, 2, 2, 2, 2, 2, 2, -1, 2, 2, 2, 2, 1, 2, 2, -1
        ],
        [ IntegerRing() | 2, 2, 2, 2, 2, 2, 2, 2, 2, 2, 2, 2, 2, 2, 2, 2, 2, 2, 
        2, 2, 2, 2, 2, 2, 2, 2, 2, 2, 2, 2, 2, 2, 2, 2, 2, 2, 2, 2, 2, 2, 2, 2 ]
    ], level := 84, genus := 10, index := 144, contains_minus_one := true, 
    subgroups := [ IntegerRing() | 5844, 5845, 6733, 6736, 6738 ], supergroups 
    := [ IntegerRing() | 3, 5, 27, 80, 1057 ], name := "84C10", label := "C", 
    order := 2688, GLZConj := 1, matgens := [ PowerSequence(IntegerRing(84)) |
        [ IntegerRing(84) | 1, 42, 0, 1 ],
        [ IntegerRing(84) | 15, 14, 70, 15 ],
        [ IntegerRing(84) | 23, 26, 74, 7 ],
        [ IntegerRing(84) | 25, 36, 12, 61 ],
        [ IntegerRing(84) | 29, 0, 0, 29 ],
        [ IntegerRing(84) | 29, 42, 0, 29 ],
        [ IntegerRing(84) | 49, 12, 60, 61 ],
        [ IntegerRing(84) | 49, 60, 12, 13 ],
        [ IntegerRing(84) | 57, 77, 70, 15 ],
        [ IntegerRing(84) | 71, 42, 0, 71 ]
    ], cusps := [ IntegerRing() | 3, 3, 12, 21, 21, 84 ], c2 := [ IntegerRing() 
    | 2, 2, 2, 2, 2, 2, 2, 2, 2, 2, 2, 2, 2, 2, 2, 2, 2, 2, 2, 2, 2, 2, 2, 2, 2,
    2, 2, 2, 2, 2, 2, 2, 2, 2, 2, 2, 2, 2, 2, 2, 2, 2, 2, 2, 2, 2, 2, 2, 2, 2, 
    2, 2, 2, 2, 2, 2, 2, 2, 2, 2, 2, 2, 2, 2, 2, 2, 2, 2, 2, 2, 2, 2 ], c3 := [ 
    IntegerRing() | 3, 3, 3, 3, 3, 3, 3, 3, 3, 3, 3, 3, 3, 3, 3, 3, 3, 3, 3, 3, 
    3, 3, 3, 3, 3, 3, 3, 3, 3, 3, 3, 3, 3, 3, 3, 3, 3, 3, 3, 3, 3, 3, 3, 3, 3, 
    3, 3, 3 ], gc := [ IntegerRing() | 1, 1, 1, 1, 1, 1, 2, 2, 2, 2, 2, 2, 6, 6,
    6, 12, 12, 12 ], special_name := [], special_name_html := [], 
    direct_subgroups := [ IntegerRing() | 5844, 5845, 6733, 6736, 6738 ], 
    direct_supergroups := [ IntegerRing() | 80, 1057 ], length := 72, treename 
    := [ PowerSequence(IntegerRing()) |
        [ IntegerRing() | 336, 1, 7, 4, 18 ],
        [ IntegerRing() | 336, 1, 7, 4, 28 ],
        [ IntegerRing() | 336, 1, 7, 4, 29 ],
        [ IntegerRing() | 420, 1, 10, 7, 14 ],
        [ IntegerRing() | 420, 1, 10, 7, 28 ],
        [ IntegerRing() | 420, 1, 10, 7, 36 ],
        [ IntegerRing() | 504, 1, 5, 7, 26 ],
        [ IntegerRing() | 504, 1, 5, 7, 27 ],
        [ IntegerRing() | 504, 1, 5, 7, 28 ],
        [ IntegerRing() | 588, 1, 5, 5, 4 ],
        [ IntegerRing() | 588, 1, 5, 5, 22 ],
        [ IntegerRing() | 588, 1, 5, 5, 26 ]
    ], treesupergroups := [ PowerSequence(IntegerRing()) |
        [ IntegerRing() | 336, 1, 7, 4 ],
        [ IntegerRing() | 336, 1, 7, 4 ],
        [ IntegerRing() | 336, 1, 7, 4 ],
        [ IntegerRing() | 300, 6, 5, 7 ],
        [ IntegerRing() | 300, 6, 5 ],
        [ IntegerRing() | 300, 7 ],
        [ IntegerRing() | 300, 6 ],
        [ IntegerRing() | 420, 1, 10, 7 ],
        [ IntegerRing() | 420, 1, 10, 7 ],
        [ IntegerRing() | 420, 1, 10, 7 ],
        [ IntegerRing() | 504, 1, 5, 7 ],
        [ IntegerRing() | 504, 1, 5, 7 ],
        [ IntegerRing() | 504, 1, 5, 7 ],
        [ IntegerRing() | 588, 1, 5, 5 ],
        [ IntegerRing() | 588, 1, 5, 5 ],
        [ IntegerRing() | 588, 1, 5, 5 ]
    ]>,
    rec<recformat<generators: SeqEnum, level: IntegerRing(), genus: 
    IntegerRing(), index: IntegerRing(), contains_minus_one: BoolElt, subgroups:
    SeqEnum, supergroups: SeqEnum, name: MonStgElt, label: MonStgElt, order: 
    IntegerRing(), GLZConj: IntegerRing(), matgens: SeqEnum, cusps: SeqEnum, c2:
    SeqEnum, c3: SeqEnum, gc: SeqEnum, projections: SeqEnum, special_name: 
    SeqEnum, special_name_html: SeqEnum, direct_subgroups: SeqEnum, 
    direct_supergroups: SeqEnum, length: IntegerRing(), treename: SeqEnum, 
    treesupergroups: SeqEnum> | generators := [ PowerSequence(IntegerRing()) |
        [ IntegerRing() | 2, 2, 2, 2, 2, 2, 2, 2, 2, 2, 2, 2, 2, 2, 2, 2, 2, 2, 
        2, 2, 2, 2, 2, 2, 2, 2, 2, 2, 2, 2, 2, 2, 2, 2, 2, 2, 1, 2, 2, 2, 2, 2, 
        2, 2, 2, 2, 2, 2, 2, 2, 2, 2, 2, 2, 2, 2, 2, 2, 2, 2, 2, 2, 2, 2, 2, 2, 
        2, 2, 2, 2, 2, 2, 2, 2, 2, 2, 2, 2, 2, 2, 2, 2, 2, 2, 2, 2, 2, 2, 2, 2, 
        2, 2, 2, 2, 2, 2, 2, 2, 2, 2, 2, 2, 2, 2, 2, 2, 2, 2, 2, 2, 2, 2, 2, 2, 
        2, 2, 2, -1 ],
        [ IntegerRing() | 2, 2, 2, 2, 2, 2, 2, 2, 2, 2, 2, 2, 2, 2, 2, 2, 2, 2, 
        2, 2, 2, 2, 2, 2, 1, 2, 2, 2, 2, 2, 2, 2, 2, 2, 2, 2, 2, 2, 2, 2, 2, 2, 
        2, 2, 2, 2, 2, 2, 2, 2, 2, 2, 2, 2, 2, 2, 2, 2, 2, 2, 2, 2, 2, 2, 2, 2, 
        2, 2, 2, 2, 2, 2, 2, 2, 2, 2, 2, 2, 2, 2, 2, -1, 2, 2, 2, 2 ],
        [ IntegerRing() | 2, 2, 2, 2, 2, 2, 2, 2, 2, 2, 2, 2, 2, 2, 2, 2, 2, 2, 
        2, 2, 2, 2, 2, 2, 2, 2, 2, 2, 2, 2, 2, 2, 2, 2, 2, 2, 2, 2, 2, 2, 2, 2, 
        2, 2, 2, 2, 2, 2, 2, 2, 2, 2, 2, 2, 2, 2, 2, 2, 2, 2, 2, 2, 2, 2, 2, 2, 
        2, 2, 2, 2, 2, 2, 1, 2, 2, 2, 2, 2, 2, 2, 2, 2, 2, 2, 2, 2, 2, 2, 2, 2, 
        2, 2, 2, 2, 2, 2, 2, 2, 2, 2, 2, 2, 2, 2, 2, 2, 2, 2, 2, -1, 2, 2, 2, 2,
        2, 2, 2, 2, 2, 2, 2, 2 ],
        [ IntegerRing() | 2, 2, 2, 2, 2, 2, 2, 2, 2, 2, 2, 2, 2, 2, 2, 2, 2, 2, 
        2, 2, 2, 2, 2, 2, 2, 2, 2, 2, 2, 2, 2, 2, 2, 2, 2, 2, 2, 2, 2, 2, 2, 2, 
        2, 2, 2, 2, 2, 2, 2, 2, 2, 2, 2, 2, 2, 2, 1, 2, 2, 2, 2, 2, 2, 2, 2, 2, 
        2, 2, 2, 2, 2, 2, 2, 2, 2, 2, 2, 2, 2, 2, 2, 2, 2, 2, 2, -1 ],
        [ IntegerRing() | 2, 2, 2, 2, 1, 2, 2, 2, 2, 2, 2, 2, 2, 2, 2, 2, 2, 2, 
        2, 2, 2, 2, 2, 2, 2, 2, 2, 2, 2, 2, 2, 2, 2, -1, 2, 2, 2, 2, 1, 2, 2, 
        -1, 2, 2, 2, 2, 2, 2, 2, 2, 1, 2, 2, -1 ],
        [ IntegerRing() | 2, 2, 2, 2, 2, 2, 2, 2, 2, 2, 2, 2, 2, 2, 2, 2, 2, 2, 
        2, 2, 2, 2, 2, 2, 2, 2, 2, 2, 2, 2, 2, 2, 2, 2, 2, 2, 2, 2, 2, 2, 2, 2, 
        2, 2, 2, 2, 2, 2, 2, 2, 2, 2, 1, 2, 2, 2, 2, 2, 2, 2, 2, 2, 2, 2, 2, 2, 
        2, -1, 2, 2, 2, 2, 1, 2, 2, 2, 2, 2, 2, 2, 2, 2, 2, 2, 2, 2, 2, -1 ],
        [ IntegerRing() | 2, 2, 2, 2, 2, 2, 2, 2, 2, 2, 2, 2, 2, 2, 2, 2, 2, 2, 
        2, 2, 1, 2, 2, 2, 2, 2, 2, 2, 2, 2, 2, 2, 2, 2, 2, 2, 2, 2, 2, 2, 2, 2, 
        2, 2, 2, 2, 2, 2, 2, 2, 2, 2, 2, 2, 2, 2, 2, 2, 2, 2, 2, 2, 2, 2, 2, 2, 
        2, 2, 2, 2, 2, 2, 2, 2, 2, 2, 2, -1, 2, 2, 2, 2, 2, 2, 2, 2 ],
        [ IntegerRing() | 1, 2, 2, 2, 2, 2, 2, 2, 2, 2, 2, 2, 2, 2, 2, 2, 2, 2, 
        2, 2, 2, 2, 2, 2, 2, 2, 2, 2, 2, 2, 2, 2, 2, 2, 2, 2, 2, 2, 2, 2, 2, 2, 
        2, -1 ],
        [ IntegerRing() | 2, 2, 2, 2, 2, 2, 2, 2, 2, 2, 2, 2, 2, 2, 2, 2, 2, 2, 
        2, 2, 2, 2, 2, 2, 2, 2, 2, 2, 2, 2, 2, 2, 2, 2, 2, 2, 2, 2, 2, 2, 2, 2, 
        2, 2, 2, 2, 2, 2, 2, 2, 2, 2, 2, 2, 2, 2, 1, 2, 2, 2, 2, 2, 2, 2, 2, 2, 
        2, 2, 2, 2, 2, -1, 2, 2, 2, 2, 2, 2, 2, 2, 1, 2, 2, -1, 2, 2, 2, 2, 2, 
        2, 2, 2, 1, 2, 2, 1 ],
        [ IntegerRing() | 1, 2, 2, 2, 2, 2, 2, 2, 2, 2, 2, 2, 2, 2, 2, 2, 2, 2, 
        2, 2, 2, 1, 1, 2, 1 ]
    ], level := 84, genus := 10, index := 144, contains_minus_one := true, 
    subgroups := [ IntegerRing() | 6198, 6295, 6737, 6989, 7304 ], supergroups 
    := [ IntegerRing() | 3, 10, 392, 1058 ], name := "84D10", label := "D", 
    order := 2688, GLZConj := 2, matgens := [ PowerSequence(IntegerRing(84)) |
        [ IntegerRing(84) | 1, 0, 42, 1 ],
        [ IntegerRing(84) | 1, 0, 63, 1 ],
        [ IntegerRing(84) | 1, 28, 28, 29 ],
        [ IntegerRing(84) | 13, 0, 0, 13 ],
        [ IntegerRing(84) | 13, 60, 48, 73 ],
        [ IntegerRing(84) | 29, 0, 0, 29 ],
        [ IntegerRing(84) | 29, 56, 56, 1 ],
        [ IntegerRing(84) | 43, 0, 42, 43 ],
        [ IntegerRing(84) | 57, 56, 28, 57 ],
        [ IntegerRing(84) | 61, 36, 4, 1 ]
    ], cusps := [ IntegerRing() | 3, 3, 12, 21, 21, 84 ], c2 := [ IntegerRing() 
    | 2, 2, 2, 2, 2, 2, 2, 2, 2, 2, 2, 2, 2, 2, 2, 2, 2, 2, 2, 2, 2, 2, 2, 2, 2,
    2, 2, 2, 2, 2, 2, 2, 2, 2, 2, 2, 2, 2, 2, 2, 2, 2, 2, 2, 2, 2, 2, 2, 2, 2, 
    2, 2, 2, 2, 2, 2, 2, 2, 2, 2, 2, 2, 2, 2, 2, 2, 2, 2, 2, 2, 2, 2 ], c3 := [ 
    IntegerRing() | 3, 3, 3, 3, 3, 3, 3, 3, 3, 3, 3, 3, 3, 3, 3, 3, 3, 3, 3, 3, 
    3, 3, 3, 3, 3, 3, 3, 3, 3, 3, 3, 3, 3, 3, 3, 3, 3, 3, 3, 3, 3, 3, 3, 3, 3, 
    3, 3, 3 ], gc := [ IntegerRing() | 2, 2, 2, 2, 2, 2, 12, 12, 12 ], 
    special_name := [], special_name_html := [], direct_subgroups := [ 
    IntegerRing() | 6198, 6295, 6737, 6989, 7304 ], direct_supergroups := [ 
    IntegerRing() | 392, 1058 ], length := 24, treename := [ 
        PowerSequence(IntegerRing()) |
        [ IntegerRing() | 336, 1, 4, 5, 5 ],
        [ IntegerRing() | 336, 1, 8, 7, 3 ],
        [ IntegerRing() | 336, 1, 8, 7, 4 ],
        [ IntegerRing() | 420, 1, 7, 8, 8 ],
        [ IntegerRing() | 420, 1, 11, 14, 7 ],
        [ IntegerRing() | 420, 1, 11, 14, 8 ],
        [ IntegerRing() | 504, 1, 6, 6, 6 ],
        [ IntegerRing() | 504, 1, 9, 10, 4 ],
        [ IntegerRing() | 504, 1, 9, 10, 7 ],
        [ IntegerRing() | 588, 1, 6, 6, 11 ],
        [ IntegerRing() | 588, 1, 9, 12, 5 ],
        [ IntegerRing() | 588, 1, 9, 12, 7 ]
    ], treesupergroups := [ PowerSequence(IntegerRing()) |
        [ IntegerRing() | 336, 1, 4, 5 ],
        [ IntegerRing() | 336, 1, 8, 7 ],
        [ IntegerRing() | 336, 1, 8, 7 ],
        [ IntegerRing() | 300, 7, 6 ],
        [ IntegerRing() | 300, 7 ],
        [ IntegerRing() | 420, 1, 7, 8 ],
        [ IntegerRing() | 420, 1, 11, 14 ],
        [ IntegerRing() | 420, 1, 11, 14 ],
        [ IntegerRing() | 504, 1, 6, 6 ],
        [ IntegerRing() | 504, 1, 9, 10 ],
        [ IntegerRing() | 504, 1, 9, 10 ],
        [ IntegerRing() | 588, 1, 6, 6 ],
        [ IntegerRing() | 588, 1, 9, 12 ],
        [ IntegerRing() | 588, 1, 9, 12 ]
    ]>,
    rec<recformat<generators: SeqEnum, level: IntegerRing(), genus: 
    IntegerRing(), index: IntegerRing(), contains_minus_one: BoolElt, subgroups:
    SeqEnum, supergroups: SeqEnum, name: MonStgElt, label: MonStgElt, order: 
    IntegerRing(), GLZConj: IntegerRing(), matgens: SeqEnum, cusps: SeqEnum, c2:
    SeqEnum, c3: SeqEnum, gc: SeqEnum, projections: SeqEnum, special_name: 
    SeqEnum, special_name_html: SeqEnum, direct_subgroups: SeqEnum, 
    direct_supergroups: SeqEnum, length: IntegerRing(), treename: SeqEnum, 
    treesupergroups: SeqEnum> | generators := [ PowerSequence(IntegerRing()) |
        [ IntegerRing() | 2, 2, 2, 2, 2, 2, 2, 2, 2, 2, 2, 2, 2, 2, 2, 2, 2, 2, 
        2, 2, 2, 2, 2, 2, 2, 2, 2, 2, 2, 2, 2, 2, 2, 2, 2, 2, 2, 2, 2, 2, 2, 2, 
        2, 2, 2, 2, 2, 2, 2, 2, 2, 2, 2, 2, 2, 2, 1, 2, 2, 2, 2, 2, 2, 2, 2, 2, 
        2, 2, 2, 2, 2, 2, 2, 2, 2, 2, 2, 2, 2, 2, 2, 2, 2, 2, 2, 2, 2, 2, 2, 2, 
        2, 2, 2, 2, 2, 2, 2, 2, 2, 2, 2, 2, 2, 2, 2, 2, 2, 2, 2, 2, 2, 2, 2, -1,
        2, 2, 2, 2, 2, 2, 2, 2, 1, 2, 2, -1, 2, 2, 2, 2, 2, 2, 2, 2, 1, 2, 2, 1 
        ],
        [ IntegerRing() | 2, 2, 2, 2, 2, 2, 2, 2, 2, 2, 2, 2, 2, 2, 2, 2, 2, 2, 
        2, 2, 2, 2, 2, 2, 2, 2, 2, 2, 2, 2, 2, 2, 2, 2, 2, 2, 2, 2, 2, 2, 2, 2, 
        2, 2, 2, 2, 2, 2, 2, 2, 2, 2, 2, 2, 2, 2, 1, 2, 2, 2, 2, 2, 2, 2, 2, 2, 
        2, 2, 2, 2, 2, 2, 2, 2, 2, 2, 2, 2, 2, 2, 2, 2, 2, 2, 2, -1 ],
        [ IntegerRing() | 2, 2, 2, 2, 2, 2, 2, 2, 2, 2, 2, 2, 2, 2, 2, 2, 2, 2, 
        2, 2, 2, 2, 2, 2, 2, 2, 2, 2, 2, 2, 2, 2, 2, 2, 2, 2, 2, 2, 2, 2, 2, 2, 
        2, 2, 2, 2, 2, 2, 2, 2, 2, 2, 2, 2, 2, 2, 2, 2, 2, 2, 2, 2, 2, 2, 2, 2, 
        2, 2, 2, 2, 2, 2, 2, 2, 2, 2, 1, 2, 2, 2, 2, 2, 2, 2, 2, 2, 2, 2, 2, 2, 
        2, -1, 2, 2, 2, 2, 2, 2, 2, 2, 1, 2, 2, -1, 2, 2, 2, 2, 2, 2, 2, 2, 1, 
        2, 2, 1, 2 ],
        [ IntegerRing() | 2, 2, 2, 2, 1, 2, 2, 2, 2, 2, 2, 2, 2, 2, 2, 2, 2, 2, 
        2, 2, 2, 2, 2, 2, 2, 2, 2, 2, 2, 2, 2, 2, 2, -1, 2, 2, 2, 2, 1, 2, 2, 
        -1, 2, 2, 2, 2, 2, 2, 2, 2, 1, 2, 2, -1 ],
        [ IntegerRing() | 2, 2, 2, 2, 2, 2, 2, 2, 2, 2, 2, 2, 2, 2, 2, 2, 2, 2, 
        2, 2, 2, 2, 2, 2, 2, 2, 2, 2, 2, 2, 2, 2, 2, 2, 2, 2, 2, 2, 2, 2, 2, 2, 
        2, 2, 1, 2, 2, 2, 2, 2, 2, 2, 2, 2, 2, 2, 2, -1, 2, 2, 2, 2 ],
        [ IntegerRing() | 2, 2, 2, 2, 2, 2, 2, 2, 2, 2, 2, 2, 2, 2, 2, 2, 2, 2, 
        2, 2, 2, 2, 2, 2, 2, 2, 2, 2, 2, 2, 2, 2, 2, 2, 2, 2, 2, 2, 2, 2, 2, 2, 
        2, 2, 2, 2, 2, 2, 2, 2, 2, 2, 1, 2, 2, 2, 2, 2, 2, 2, 2, 2, 2, 2, 2, 2, 
        2, -1, 2, 2, 2, 2, 1, 2, 2, 2, 2, 2, 2, 2, 2, 2, 2, 2, 2, 2, 2, -1 ],
        [ IntegerRing() | 2, 2, 2, 2, 2, 2, 2, 2, 2, 2, 2, 2, 2, 2, 2, 2, 2, 2, 
        2, 2, 2, 2, 2, 2, 2, 2, 2, 2, 2, 2, 2, 2, 2, 2, 2, 2, 2, 2, 2, 2, 2, 2, 
        2, 2, 2, 2, 2, 2, 2, 2, 2, 2, 2, 2, 2, 2, 2, 2, 2, 2, 2, 2, 2, 2, 2, 2, 
        2, 2, 1, 2, 2, 2, 2, 2, 2, 2, 2, 2, 2, 2, 2, 2, 2, 2, 2, 2, 2, 2, 2, 2, 
        2, 2, 2, 2, 2, 2, 2, 2, 2, 2, 2, 2, 2, 2, 2, -1, 2, 2, 2, 2 ],
        [ IntegerRing() | 2, 2, 2, 2, 2, 2, 2, 2, 2, 2, 2, 2, 2, 2, 2, 2, 2, 2, 
        2, 2, 2, 2, 2, 2, 2, 2, 2, 2, 2, 2, 2, 2, 2, 2, 2, 2, 2, 2, 2, 2, 2, 2, 
        2, 2, 2, 2, 2, 2, 2, 2, 2, 2, 2, 2, 2, 2, 2, 2, 2, 2, 2, 2, 2, 2, 1, 2, 
        2, 2, 2, 2, 2, 2, 2, 2, 2, 2, 2, 2, 2, 2, 2, 2, 2, 2, 2, 2, 2, 2, 2, 2, 
        2, 2, 2, 2, 2, 2, 2, 2, 2, 2, 2, 2, 2, 2, 2, 2, 2, 2, 2, 2, 2, 2, 2, 2, 
        2, 2, 2, 2, 2, 2, 2, 2, 2, 2, 2, 2, 2, 2, 2, 2, 2, 2, 2, 2, 2, -1, 2, 2,
        2, 2, 1, 2, 2, -1, 2, 2, 2, 2, 2, 2, 2, 2, 1, 2, 2, 2, 2, -1 ],
        [ IntegerRing() | 2, 2, 2, 2, 2, 2, 2, 2, 2, 2, 2, 2, 2, 2, 2, 2, 2, 2, 
        2, 2, 2, 2, 2, 2, 1, 2, 2, 2, 2, 2, 2, 2, 2, 2, 2, 2, 2, 2, 2, 2, 2, 2, 
        2, 2, 2, 2, 2, 2, 2, 2, 2, 2, 2, 2, 2, 2, 2, 2, 2, 2, 2, 2, 2, 2, 2, 2, 
        2, 2, 2, 2, 2, 2, 2, 2, 2, 2, 2, 2, 2, 2, 2, 2, 2, 2, 2, 2, 2, 2, 2, 2, 
        2, 2, 2, 2, 2, -1, 2, 2, 2, 2, 2, 2, 2, 2, 1, 2, 2, 2, 2, -1, 2, 2, 2, 
        2, 2, 2, 2, 2, 2, 2, 2, 2, 1, 2, 2, 1, 2, 2, 1, 2 ],
        [ IntegerRing() | 2, 2, 2, 2, 2, 2, 2, 2, 2, 2, 2, 2, 2, 2, 2, 2, 2, 2, 
        2, 2, 2, 2, 2, 2, 2, 2, 2, 2, 1, 2, 2, 2, 2, 2, 2, 2, 2, 2, 2, 2, 2, 2, 
        2, 2, 2, 2, 2, 2, 2, 2, 2, 2, 2, 2, 2, 2, 2, 2, 2, 2, 2, 2, 2, 2, 2, 2, 
        2, 2, 2, 2, 2, 2, 2, 2, 2, 2, 2, 2, 2, 2, 2, 2, 2, 2, 2, -1 ]
    ], level := 84, genus := 10, index := 168, contains_minus_one := true, 
    subgroups := [ IntegerRing() | 7745, 7744 ], supergroups := [ IntegerRing() 
    | 9, 245, 563 ], name := "84E10", label := "E", order := 2304, GLZConj := 2,
    matgens := [ PowerSequence(IntegerRing(84)) |
        [ IntegerRing(84) | 13, 0, 0, 13 ],
        [ IntegerRing(84) | 22, 21, 21, 1 ],
        [ IntegerRing(84) | 29, 0, 0, 29 ],
        [ IntegerRing(84) | 29, 28, 28, 1 ],
        [ IntegerRing(84) | 29, 56, 56, 1 ],
        [ IntegerRing(84) | 43, 0, 0, 43 ],
        [ IntegerRing(84) | 43, 63, 42, 1 ],
        [ IntegerRing(84) | 49, 24, 16, 13 ],
        [ IntegerRing(84) | 61, 36, 72, 37 ],
        [ IntegerRing(84) | 73, 24, 48, 25 ]
    ], cusps := [ IntegerRing() | 84, 84 ], c2 := [ IntegerRing() | 1, 1, 1, 1, 
    1, 1, 1, 1, 1, 1, 1, 1, 2, 2, 2, 2, 2, 2, 2, 2, 2, 2, 2, 2, 2, 2, 2, 2, 2, 
    2, 2, 2, 2, 2, 2, 2, 2, 2, 2, 2, 2, 2, 2, 2, 2, 2, 2, 2, 2, 2, 2, 2, 2, 2, 
    2, 2, 2, 2, 2, 2, 2, 2, 2, 2, 2, 2, 2, 2, 2, 2, 2, 2, 2, 2, 2, 2, 2, 2, 2, 
    2, 2, 2, 2, 2, 2, 2, 2, 2, 2, 2 ], c3 := [ IntegerRing() | 1, 1, 1, 3, 3, 3,
    3, 3, 3, 3, 3, 3, 3, 3, 3, 3, 3, 3, 3, 3, 3, 3, 3, 3, 3, 3, 3, 3, 3, 3, 3, 
    3, 3, 3, 3, 3, 3, 3, 3, 3, 3, 3, 3, 3, 3, 3, 3, 3, 3, 3, 3, 3, 3, 3, 3, 3, 
    3, 3 ], gc := [ IntegerRing() | 8, 8, 24, 24, 24, 24 ], special_name := [], 
    special_name_html := [], direct_subgroups := [ IntegerRing() | 7745, 7744 ],
    direct_supergroups := [ IntegerRing() | 245, 563 ], length := 56, treename 
    := [ PowerSequence(IntegerRing()) |
        [ IntegerRing() | 336, 2, 2, 7, 4 ],
        [ IntegerRing() | 336, 2, 2, 7, 5 ],
        [ IntegerRing() | 336, 2, 8, 6, 1 ],
        [ IntegerRing() | 420, 2, 3, 9, 6 ],
        [ IntegerRing() | 420, 2, 3, 9, 7 ],
        [ IntegerRing() | 420, 2, 11, 9, 3 ],
        [ IntegerRing() | 504, 2, 4, 10, 6 ],
        [ IntegerRing() | 504, 2, 4, 10, 7 ],
        [ IntegerRing() | 504, 2, 9, 5, 7 ],
        [ IntegerRing() | 588, 2, 3, 8, 4 ],
        [ IntegerRing() | 588, 2, 3, 8, 7 ],
        [ IntegerRing() | 588, 2, 10, 6, 7 ]
    ], treesupergroups := [ PowerSequence(IntegerRing()) |
        [ IntegerRing() | 336, 2, 2, 7 ],
        [ IntegerRing() | 336, 2, 2, 7 ],
        [ IntegerRing() | 336, 2, 8, 6 ],
        [ IntegerRing() | 300, 3 ],
        [ IntegerRing() | 420, 2, 3, 9 ],
        [ IntegerRing() | 420, 2, 3, 9 ],
        [ IntegerRing() | 420, 2, 11, 9 ],
        [ IntegerRing() | 504, 2, 4, 10 ],
        [ IntegerRing() | 504, 2, 4, 10 ],
        [ IntegerRing() | 504, 2, 9, 5 ],
        [ IntegerRing() | 588, 2, 3, 8 ],
        [ IntegerRing() | 588, 2, 3, 8 ],
        [ IntegerRing() | 588, 2, 10, 6 ]
    ]>,
    rec<recformat<generators: SeqEnum, level: IntegerRing(), genus: 
    IntegerRing(), index: IntegerRing(), contains_minus_one: BoolElt, subgroups:
    SeqEnum, supergroups: SeqEnum, name: MonStgElt, label: MonStgElt, order: 
    IntegerRing(), GLZConj: IntegerRing(), matgens: SeqEnum, cusps: SeqEnum, c2:
    SeqEnum, c3: SeqEnum, gc: SeqEnum, projections: SeqEnum, special_name: 
    SeqEnum, special_name_html: SeqEnum, direct_subgroups: SeqEnum, 
    direct_supergroups: SeqEnum, length: IntegerRing(), treename: SeqEnum, 
    treesupergroups: SeqEnum> | generators := [ PowerSequence(IntegerRing()) |
        [ IntegerRing() | 2, 2, 2, 2, 2, 2, 2, 2, 2, 2, 2, 2, 2, 2, 2, 2, 2, 2, 
        2, 2, 2, 2, 2, 2, 2, 2, 2, 2, 2, 2, 2, 2, 2, 2, 2, 2, 2, 2, 2, 2, 2, 2, 
        2, 2, 2, 2, 2, 2, 2, 2, 2, 2, 2, 2, 2, 2, 2, 2, 2, 2, 2, 2, 2, 2, 2, 2, 
        2, 2, 2, 2, 2, 2, 2, 2, 2, 2, 2, 2, 2, 2, 1, 2, 2, 2, 2, 2, 2, 2, 2, 2, 
        2, 2, 2, 2, 2, 2, 2, 2, 2, 2, 2, 2, 2, 2, 2, 2, 2, 2, 2, 2, 2, 2, 2, 2, 
        2, 2, 2, 2, 2, 2, 2, 2, 2, 2, 2, 2, 2, 2, 2, 2, 2, -1, 2, 2, 2, 2, 2, 2,
        2, 2, 2, 2, 2, 2, 2, 2, 2, 2, 1, 1, 2 ],
        [ IntegerRing() | 2, 2, 2, 2, 1, 2, 2, 2, 2, 2, 2, 2, 2, 2, 2, 2, 2, 2, 
        2, 2, 2, 2, 2, 2, 2, 2, 2, 2, 2, 2, 2, 2, 2, -1, 2, 2, 2, 2, 1, 2, 2, 
        -1, 2, 2, 2, 2, 2, 2, 2, 2, 1, 2, 2, 1 ],
        [ IntegerRing() | 2, 2, 2, 2, 1, 2, 2, 2, 2, 2, 2, 2, 2, 2, 2, 2, 2, 2, 
        2, 2, 2, 2, 2, 2, 2, 2, 2, 2, 2, 2, 2, 2, 2, -1, 2, 2, 2, 2, 1, 2, 2, 
        -1, 2, 2, 2, 2, 2, 2, 2, 2, 1, 2, 2, -1 ],
        [ IntegerRing() | 2, 2, 2, 2, 2, 2, 2, 2, 2, 2, 2, 2, 2, 2, 2, 2, 2, 2, 
        2, 2, 2, 2, 2, 2, 2, 2, 2, 2, 2, 2, 2, 2, 2, 2, 2, 2, 2, 2, 2, 2, 2, 2, 
        2, 2, 1, 2, 2, 2, 2, 2, 2, 2, 2, 2, 2, 2, 2, -1, 2, 2, 2, 2 ],
        [ IntegerRing() | 2, 2, 2, 2, 2, 2, 2, 2, 2, 2, 2, 2, 2, 2, 2, 2, 2, 2, 
        2, 2, 2, 2, 2, 2, 2, 2, 2, 2, 2, 2, 2, 2, 2, 2, 2, 2, 2, 2, 2, 2, 2, 2, 
        2, 2, 2, 2, 2, 2, 2, 2, 2, 2, 1, 2, 2, 2, 2, 2, 2, 2, 2, 2, 2, 2, 2, 2, 
        2, -1, 2, 2, 2, 2, 1, 2, 2, 2, 2, 2, 2, 2, 2, 2, 2, 2, 2, 2, 2, -1 ],
        [ IntegerRing() | 2, 2, 2, 2, 2, 2, 2, 2, 2, 2, 2, 2, 2, 2, 2, 2, 2, 2, 
        2, 2, 2, 2, 2, 2, 2, 2, 2, 2, 1, 2, 2, 2, 2, 2, 2, 2, 2, 2, 2, 2, 2, 2, 
        2, 2, 2, 2, 2, 2, 2, 2, 2, 2, 2, 2, 2, 2, 2, 2, 2, 2, 2, 2, 2, 2, 2, 2, 
        2, 2, 2, 2, 2, 2, 2, 2, 2, 2, 2, 2, 2, 2, 2, 2, 2, 2, 2, 2, 2, 2, 2, 2, 
        2, 2, 2, 2, 2, 2, 2, 2, 2, 2, 2, -1, 2, 2, 2, 2, 2, 2, 2, 2, 1, 2, 2, 1,
        2 ],
        [ IntegerRing() | 2, 2, 2, 2, 2, 2, 2, 2, 2, 2, 2, 2, 2, 2, 2, 2, 2, 2, 
        2, 2, 1, 2, 2, 2, 2, 2, 2, 2, 2, 2, 2, 2, 2, 2, 2, 2, 2, 2, 2, 2, 2, 2, 
        2, 2, 2, 2, 2, 2, 2, 2, 2, 2, 2, 2, 2, 2, 2, 2, 2, 2, 2, 2, 2, 2, 2, 2, 
        2, 2, 2, 2, 2, 2, 2, 2, 2, 2, 2, -1, 2, 2, 2, 2, 2, 2, 2, 2 ],
        [ IntegerRing() | 2, 2, 2, 2, 2, 2, 2, 2, 2, 2, 2, 2, 2, 2, 2, 2, 2, 2, 
        2, 2, 2, 2, 2, 2, 2, 2, 2, 2, 2, 2, 2, 2, 2, 2, 2, 2, 2, 2, 2, 2, 1, 2, 
        2, 2, 2, 2, 2, 2, 2, 2, 2, 2, 2, 2, 2, 2, 2, 2, 2, 2, 2, 2, 2, 2, 2, 2, 
        2, 2, 2, 2, 2, 2, 2, 2, 2, 2, 2, 2, 2, 2, 2, 2, 2, 2, 2, 2, 2, 2, 2, -1,
        2, 2, 2, 2, 2, 2, 2, 2, 2, 2, 2, 2, 2, 2, 2, 2, 2, 2, 2, 2 ],
        [ IntegerRing() | 2, 2, 2, 2, 2, 2, 2, 2, 2, 2, 2, 2, 1, 2, 2, 2, 2, 2, 
        2, 2, 2, 2, 2, 2, 2, 2, 2, 2, 2, 2, 2, 2, 2, 2, 2, 2, 2, -1, 2, 2, 2, 2,
        2, 2, 2, 2, 2, 2, 2, 2 ],
        [ IntegerRing() | 2, 2, 2, 2, 2, 2, 2, 2, 2, 2, 2, 2, 2, 2, 2, 2, 2, 2, 
        2, 2, 2, 2, 2, 2, 1, 2, 2, 2, 2, 2, 2, 2, 2, 2, 2, 2, 2, 2, 2, 2, 2, 2, 
        2, 2, 2, 2, 2, 2, 2, 2, 2, 2, 2, 2, 2, 2, 2, 2, 2, 2, 2, 2, 2, 2, 2, 2, 
        2, 2, 2, 2, 2, 2, 2, 2, 2, 2, 2, 2, 2, 2, 2, 2, 2, 2, 2, 2, 2, 2, 2, 2, 
        2, 2, 2, 2, 2, -1, 2, 2, 2, 2, 2, 2, 2, 2, 1, 2, 2, 2, 2, -1, 2, 2, 2, 
        2, 2, 2, 2, 2, 2, 2, 2, 2, 1, 2, 2, 1, 2, 2, 1, 2 ]
    ], level := 84, genus := 10, index := 168, contains_minus_one := true, 
    subgroups := [ IntegerRing() | 6745, 6746, 7517, 7518, 8029, 8030, 8027, 
    8028, 8033, 8034, 8031, 8032 ], supergroups := [ IntegerRing() | 5, 9, 77, 
    417, 669 ], name := "84F10", label := "F", order := 2304, GLZConj := 2, 
    matgens := [ PowerSequence(IntegerRing(84)) |
        [ IntegerRing(84) | 13, 0, 0, 13 ],
        [ IntegerRing(84) | 13, 48, 36, 49 ],
        [ IntegerRing(84) | 22, 21, 21, 1 ],
        [ IntegerRing(84) | 29, 0, 0, 29 ],
        [ IntegerRing(84) | 49, 12, 60, 49 ],
        [ IntegerRing(84) | 51, 31, 50, 9 ],
        [ IntegerRing(84) | 57, 56, 28, 57 ],
        [ IntegerRing(84) | 61, 36, 72, 37 ],
        [ IntegerRing(84) | 71, 0, 0, 71 ],
        [ IntegerRing(84) | 71, 35, 14, 1 ]
    ], cusps := [ IntegerRing() | 84, 84 ], c2 := [ IntegerRing() | 1, 1, 1, 1, 
    1, 1, 1, 1, 1, 1, 1, 1, 1, 1, 1, 1, 2, 2, 2, 2, 2, 2, 2, 2, 2, 2, 2, 2, 2, 
    2, 2, 2, 2, 2, 2, 2, 2, 2, 2, 2, 2, 2, 2, 2, 2, 2, 2, 2, 2, 2, 2, 2, 2, 2, 
    2, 2, 2, 2, 2, 2, 2, 2, 2, 2, 2, 2, 2, 2, 2, 2, 2, 2, 2, 2, 2, 2, 2, 2, 2, 
    2, 2, 2, 2, 2, 2, 2, 2, 2, 2, 2, 2, 2 ], c3 := [ IntegerRing() | 3, 3, 3, 3,
    3, 3, 3, 3, 3, 3, 3, 3, 3, 3, 3, 3, 3, 3, 3, 3, 3, 3, 3, 3, 3, 3, 3, 3, 3, 
    3, 3, 3, 3, 3, 3, 3, 3, 3, 3, 3, 3, 3, 3, 3, 3, 3, 3, 3, 3, 3, 3, 3, 3, 3, 
    3, 3 ], gc := [ IntegerRing() | 4, 4, 8, 8, 12, 12, 12, 12, 24, 24, 24, 24 
    ], special_name := [], special_name_html := [], direct_subgroups := [ 
    IntegerRing() | 6745, 6746, 7517, 7518, 8029, 8030, 8027, 8028, 8033, 8034, 
    8031, 8032 ], direct_supergroups := [ IntegerRing() | 417, 669 ], length := 
    84, treename := [ PowerSequence(IntegerRing()) |
        [ IntegerRing() | 336, 2, 2, 4, 11 ],
        [ IntegerRing() | 336, 2, 2, 4, 26 ],
        [ IntegerRing() | 336, 2, 2, 4, 28 ],
        [ IntegerRing() | 336, 2, 4, 6, 2 ],
        [ IntegerRing() | 420, 2, 3, 6, 9 ],
        [ IntegerRing() | 420, 2, 3, 6, 11 ],
        [ IntegerRing() | 420, 2, 3, 6, 21 ],
        [ IntegerRing() | 420, 2, 7, 13, 4 ],
        [ IntegerRing() | 504, 2, 4, 5, 8 ],
        [ IntegerRing() | 504, 2, 4, 5, 12 ],
        [ IntegerRing() | 504, 2, 4, 5, 34 ],
        [ IntegerRing() | 504, 2, 5, 18, 2 ],
        [ IntegerRing() | 588, 2, 3, 4, 12 ],
        [ IntegerRing() | 588, 2, 3, 4, 13 ],
        [ IntegerRing() | 588, 2, 3, 4, 14 ],
        [ IntegerRing() | 588, 2, 5, 7, 3 ]
    ], treesupergroups := [ PowerSequence(IntegerRing()) |
        [ IntegerRing() | 336, 2, 2, 4 ],
        [ IntegerRing() | 336, 2, 2, 4 ],
        [ IntegerRing() | 336, 2, 2, 4 ],
        [ IntegerRing() | 336, 2, 4, 6 ],
        [ IntegerRing() | 300, 3, 5 ],
        [ IntegerRing() | 300, 6 ],
        [ IntegerRing() | 300, 3 ],
        [ IntegerRing() | 420, 2, 3, 6 ],
        [ IntegerRing() | 420, 2, 3, 6 ],
        [ IntegerRing() | 420, 2, 3, 6 ],
        [ IntegerRing() | 420, 2, 7, 13 ],
        [ IntegerRing() | 504, 2, 4, 5 ],
        [ IntegerRing() | 504, 2, 4, 5 ],
        [ IntegerRing() | 504, 2, 4, 5 ],
        [ IntegerRing() | 504, 2, 5, 18 ],
        [ IntegerRing() | 588, 2, 3, 4 ],
        [ IntegerRing() | 588, 2, 3, 4 ],
        [ IntegerRing() | 588, 2, 3, 4 ],
        [ IntegerRing() | 588, 2, 5, 7 ]
    ]>,
    rec<recformat<generators: SeqEnum, level: IntegerRing(), genus: 
    IntegerRing(), index: IntegerRing(), contains_minus_one: BoolElt, subgroups:
    SeqEnum, supergroups: SeqEnum, name: MonStgElt, label: MonStgElt, order: 
    IntegerRing(), GLZConj: IntegerRing(), matgens: SeqEnum, cusps: SeqEnum, c2:
    SeqEnum, c3: SeqEnum, gc: SeqEnum, projections: SeqEnum, special_name: 
    SeqEnum, special_name_html: SeqEnum, direct_subgroups: SeqEnum, 
    direct_supergroups: SeqEnum, length: IntegerRing(), treename: SeqEnum, 
    treesupergroups: SeqEnum> | generators := [ PowerSequence(IntegerRing()) |
        [ IntegerRing() | -1, -2, -2, -2, -2, -2, -2, -2, -2, -2, -2, -2, -2, 
        -2, -2, -2, -2, -2, -2, -2, -2, -2, -2, -2, -2, -2, -2, -2, -2, -2, -2, 
        -2, -2, -2, -2, -2, -2, -2, -2, -2, -2, -2, -2, -2, -2, -2, -2, -2, -2, 
        -2, -2, -2, -2, -2, -2, -2, -2, -2, -2, -2, -2, -2, -2, -2, -2, -2, -2, 
        -2, -2, -2, -2, -2, -2, -2, -2, -2, -2, -2, -2, -2, -2, -2, -2, -2, -2, 
        1, -2, -2, -2, -2, -2, -2, -2, -2, -2, -2, 1, -2, -2, -2, -2, 1, -2, -2,
        -2, -2 ],
        [ IntegerRing() | -1, -2, -2, -2, -2, -2, -2, -2, -2, -2, -2, -2, -2, 1,
        1, 1, -2, -2, 1, -2, -2, -2, -2, -2, -2, -2, -2, -2, -2, 1, -2, -2, -2, 
        -2 ],
        [ IntegerRing() | -2, -2, 1, -2, -2, -2, -2, -2, -2, -2, -2, -2, -2, 1, 
        -2, -2, 1, -2, -2, -2, -2, -2, -2, -2, -2, 1 ],
        [ IntegerRing() | -1, -2, -2, -2, -2, -2, -2, -2, -2, -2, -2, -2, -2, 
        -2, -2, -2, -2, -2, -2, -2, -2, -2, -2, -2, -2, -2, -2, -2, -2, -2, -2, 
        -2, -2, -2, -2, -2, -2, -2, -2, -2, -2, -2, -2, -2, -2, -2, -2, -2, -2, 
        -2, -2, -2, -2, -2, -2, -2, -2, 1, -2, -2, 1, -2, -2, 1, -2, -2, 1, -2, 
        -2, 1, -2, -2, -2, -2, -2, -2, -2, -2, -2, -2, -2, -2, -2, -2, -2 ],
        [ IntegerRing() | -1, -2, -2, -2, -2, -2, -2, -2, -2, -2, -2, -2, -2, 
        -2, -2, -2, -2, -2, -2, -2, -2, -2, -2, -2, -2, -2, -2, -2, -2, -2, -2, 
        -2, -2, -2, -2, -2, -2, -2, -2, -2, -2, -2, -2, -2, -2, -2, -2, -2, -2, 
        -2, -2, 1, -2, -2, 1, -2, -2, -2, -2, 1, -2, -2, 1, -2, -2, 1 ]
    ], level := 86, genus := 10, index := 132, contains_minus_one := true, 
    subgroups := [ IntegerRing() | 6200, 6296, 6991 ], supergroups := [ 
    IntegerRing() | 3, 630 ], name := "86A10", label := "A", order := 3612, 
    GLZConj := 1, matgens := [ PowerSequence(IntegerRing(86)) |
        [ IntegerRing(86) | 5, 15, 18, 37 ],
        [ IntegerRing(86) | 11, 36, 30, 67 ],
        [ IntegerRing(86) | 17, 12, 66, 77 ],
        [ IntegerRing(86) | 39, 26, 4, 49 ],
        [ IntegerRing(86) | 67, 74, 40, 75 ]
    ], cusps := [ IntegerRing() | 1, 2, 43, 86 ], c2 := [ IntegerRing() | 2, 2, 
    2, 2, 2, 2, 2, 2, 2, 2, 2, 2, 2, 2, 2, 2, 2, 2, 2, 2, 2, 2, 2, 2, 2, 2, 2, 
    2, 2, 2, 2, 2, 2, 2, 2, 2, 2, 2, 2, 2, 2, 2, 2, 2, 2, 2, 2, 2, 2, 2, 2, 2, 
    2, 2, 2, 2, 2, 2, 2, 2, 2, 2, 2, 2, 2, 2 ], c3 := [ IntegerRing() | 3, 3, 3,
    3, 3, 3, 3, 3, 3, 3, 3, 3, 3, 3, 3, 3, 3, 3, 3, 3, 3, 3, 3, 3, 3, 3, 3, 3, 
    3, 3, 3, 3, 3, 3, 3, 3, 3, 3, 3, 3, 3, 3, 3, 3 ], gc := [ IntegerRing() | 1,
    1, 1, 1, 1, 1, 42, 42, 42 ], special_name := [ Strings() | 
    "\overline\Gamma_0(86)" ], special_name_html := [ Strings() | 
    "&Gamma;<sub>0</sub>(86)" ], direct_subgroups := [ IntegerRing() | 6200, 
    6296, 6991 ], direct_supergroups := [ IntegerRing() | 3, 630 ], length := 
    132, treename := [ PowerSequence(IntegerRing()) |
        [ IntegerRing() | 344, 4, 5 ],
        [ IntegerRing() | 430, 4, 7 ],
        [ IntegerRing() | 516, 4, 9 ]
    ], treesupergroups := [ PowerSequence(IntegerRing()) |
        [ IntegerRing() | 344, 4 ],
        [ IntegerRing() | 300, 7 ],
        [ IntegerRing() | 430, 4 ],
        [ IntegerRing() | 516, 4 ]
    ]>
]
;

