// list of all congruence groups with genus  16
// with  216 <= level < 224
//
// by c cummins and s pauli
// load "csg16-lev208.dat";
import "csg16-lev208.dat" : L16_208;
L16_216 := L16_208 cat 
[ PowerStructure(Rec) |
    rec<recformat<generators: SeqEnum, level: IntegerRing(), genus: 
    IntegerRing(), index: IntegerRing(), contains_minus_one: BoolElt, subgroups:
    SeqEnum, supergroups: SeqEnum, name: MonStgElt, label: MonStgElt, order: 
    IntegerRing(), GLZConj: IntegerRing(), matgens: SeqEnum, cusps: SeqEnum, c2:
    SeqEnum, c3: SeqEnum, gc: SeqEnum, projections: SeqEnum, special_name: 
    SeqEnum, special_name_html: SeqEnum, direct_subgroups: SeqEnum, 
    direct_supergroups: SeqEnum, length: IntegerRing(), treename: SeqEnum, 
    treesupergroups: SeqEnum> | generators := [ PowerSequence(IntegerRing()) |
        [ IntegerRing() | 1, 2, 1, -2, -2, -1, -2, -1, -1, -1, -2, -2, 1, 1, 1, 
        2, 1, 2, 2, -1, -2, 1, 1, 2, 1, 2, 2, -1, -2, 1, 1, 2, 1, 2, 2, -1, -2, 
        1, 2, 1, -2, -2, -1, -2, -1, 2, 1, -2, -2, -1, -2, -1, 2, 1, -2, -2, -1,
        -2, -1, -1, 2, 1, -2, -2, -1, -2, -1, -1, -2, -2, -2, -1, -1, -2, -2, 
        -2, -1, -2, -2, -1, -2, -2, 1, 1, 1, 2, 1, 2, 2, -1, -2, 1, 1, 2, 1, 2, 
        2, -1, -2, 1, 1, 2, 1, 2, 2, -1, -2, 1, 2, 1, -2, -2, -1, -2, -1, 2, 1, 
        -2, -2, -1, -2, -1, 2, 1, -2, -2, -1, -2, -1, -1, 2, 1, -2, -2, -1, -2, 
        -1, -1, -2, -2, -2, -1, -1, -2, -2, -2, -1, -2, -2, -1, -2, -2, 1, 1, 1,
        2, 1, 2, 2, -1, -2, 1, 1, 2, 1, 2, 2, -1, -2, 1, 1, 2, 1, 2, 2, -1, -2, 
        1, 2, 1, -2, -2, -1, -2, -1, 2, 1, -2, -2, -1, -2, -1, 2, 1, -2, -2, -1,
        -2, -1, -1, 2, 1, -2, -2, -1, -2, -1, -1, -2, -2, -2, -1, -1, -2, -2, 
        -2, -1, -2, -2, -1, -2, -2, 1, 1, 1, 2, 1, 2, 2, -1, -2, 1, 1, 2, 1, 2, 
        2, -1, -2, 1, 1, 2, 1, 2, 2, -1, -2, 1, 2, 1, -2, -2, -1, -2, -1, 2, 1, 
        -2, -2, -1, -2, -1, 2, 1, -2, -2, -1, -2, -1, -1, 2, 1, -2, -2, -1, -2, 
        -1, -1, -2, -2, -2, -1, -1, -2, -2, -2, -1, -2, -2, -1, -2, -2, 1, 1, 1,
        2, 1, 2, 2, -1, -2, 1, 1, 2, 1, 2, 2, -1, -2, 1, 1, 2, 1, 2, 2, -1, -2, 
        1, 2, 1, -2, -2, -1, -2, -1, 2, 1, -2, -2, -1, -2, -1, 2, 1, -2, -2, -1,
        -2, -1, -1, 2, 1, -2, -2, -1, -2, -1, -1, -2, -2, -2, -1, -1, -2, -2, 
        -2, -1, -2, -2, -1, -2, -2, 1, 1, 1, 2, 1, 2, 2, -1, -2, 1, 1, 2, 1, 2, 
        2, -1, -2, 1, 1, 2, 1, 2, 2, -1, -2, 1, 2, 1, -2, -2, -1, -2, -1, 2, 1, 
        -2, -2, -1, -2, -1, 2, 1, -2, -2, -1, -2, -1, -1, 2, 1, -2, -2, -1, -2, 
        -1, -1, -2, -2, -2, -1, -1, -2, -2, -2, -1, -2, -2, -1, -2, -2, 1, 1, 2,
        1, 2, 2, -1, -2, -1, 2, 1, -2, -2, -1, -2, -1, -1, 2, 1, -2, -2, -1, -2,
        -1, -1, 2, 1, -2, -2, -1, -2, -1, -1, 2, 1 ],
        [ IntegerRing() | 1, 1 ],
        [ IntegerRing() | 1, 2, 1, -2, -2, -1, -2, -1, -1, -1, -2, -2, 1, 2, 1, 
        -2, -2, -1, -2, -1, -1, -1, -2, -2, 1, 2, 1, -2, -2, -1, -2, -1, -1, -1,
        -2, -2, 1, 1, 1, 2, 1, 2, 2, -1, -2, 1, 1, 2, 1, 2, 2, -1, -2, 1, 1, 2, 
        1, 2, 2, -1, -2, 1, 2, 1, -2, -2, -1, -2, -1, 2, 1, -2, -2, -1, -2, -1, 
        2, 1, -2, -2, -1, -2, -1, -1, 2, 1, -2, -2, -1, -2, -1, -1, -2, -2, -2, 
        -1, -1, -2, -2, -2, -1, -2, -2, -1, -2, -2, 1, 1, 1, 2, 1, 2, 2, -1, -2,
        1, 1, 2, 1, 2, 2, -1, -2, 1, 1, 2, 1, 2, 2, -1, -2, 1, 2, 1, -2, -2, -1,
        -2, -1, 2, 1, -2, -2, -1, -2, -1, 2, 1, -2, -2, -1, -2, -1, -1, 2, 1, 
        -2, -2, -1, -2, -1, -1, -2, -2, -2, -1, -1, -2, -2, -2, -1, -2, -2, -1, 
        -2, -2, 1, 1, 1, 2, 1, 2, 2, -1, -2, 1, 1, 2, 1, 2, 2, -1, -2, 1, 1, 2, 
        1, 2, 2, -1, -2, 1, 2, 1, -2, -2, -1, -2, -1, 2, 1, -2, -2, -1, -2, -1, 
        2, 1, -2, -2, -1, -2, -1, -1, 2, 1, -2, -2, -1, -2, -1, -1, -2, -2, -2, 
        -1, -1, -2, -2, -2, -1, -2, -2, -1, -2, 1, -2, -2, -1, -2, -1, 2, 1, -2,
        -2, -1, -2, 1, 2, 1, 2, 2, -1, -2, 1, 1, 2, 1, 2, 2, -1, -2, 1, 1, 1, 2,
        1, 2, 2, -1, -2, 1, 1, 2, 1, 2, 2, -1, -2, -1, 2, 1, -2, -2, -1, -2, -1,
        -1, 2, 1, -2, -2, -1, -2, -1, -1, 2, 1, -2, -2, -1, -2, -1, -1 ],
        [ IntegerRing() | 1, 2, 1, -2, -2, -1, -2, -1, -1, -1, -2, -2, 1, 1, 1, 
        2, 1, 2, 2, -1, -2, 1, 1, 2, 1, 2, 2, -1, -2, 1, 1, 2, 1, 2, 2, -1, -2, 
        1, 2, 1, -2, -2, -1, -2, -1, 2, 1, -2, -2, -1, -2, -1, 2, 1, -2, -2, -1,
        -2, -1, -1, 2, 1, -2, -2, -1, -2, -1, -1, -2, -2, -2, -1, -1, -2, -2, 
        -2, -1, -2, -2, -1, -2, 1, -2, -2, -1, -2, -1, 2, 1, -2, -2, -1, -2, 1, 
        2, 1, 2, 2, -1, -2, 1, 1, 2, 1, 2, 2, -1, -2, 1, 1, 2, 1, 2, 2, -1, -2, 
        1, 1, 2, 1, 2, 2, -1, -2 ],
        [ IntegerRing() | 2, 2, 2, 1, 2, 2, 2, 1, 1, 2, 2, 2, 2, 2, 2, 2, 1, 1, 
        2, 2, 2, 1, 1, 2, 2, -1, -2, 1, 1, 2, 1, 2, 2, -1, -2, 1, 2, 1, 2, 2, 
        -1, -2, 1, 2, 1, 2, 2, -1, -2, -1, 2, 1, -2, -2, -1, -2, -1, -1, -1, 2, 
        1, -2, -2, -1, -2, -1, -1, 2, 1, -2, -2, -1, -2, 1, 2, 1, 2, 2, -1, -2, 
        1, 1, 2, 1, 2, 2, -1, -2, 1, 1, 2, 1, 2, 2, -1, -2, 1, 2, 1, -2, -2, -1,
        -2, -1, 2, 1, -2, -2, -1, -2, -1, 2, 1, -2, -2, -1, -2, -1, -1, 2, 1, 
        -2, -2, -1, -2, -1, -1, -2, -2, -2, -1, -1, -2, -2, -2, -1, -2, -2, -1, 
        -2, -2, 1, 1, 1, 2, 1, 2, 2, -1, -2, 1, 1, 2, 1, 2, 2, -1, -2, 1, 1, 2, 
        1, 2, 2, -1, -2, 1, 2, 1, -2, -2, -1, -2, -1, 2, 1, -2, -2, -1, -2, -1, 
        2, 1, -2, -2, -1, -2, -1, -1, 2, 1, -2, -2, -1, -2, -1, -1, -2, -2, -2, 
        -1, -1, -2, -2, -2, -1, -2, -2, -1, -2, -2, 1, 1, 1, 2, 1, 2, 2, -1, -2,
        1, 1, 2, 1, 2, 2, -1, -2, 1, 1, 2, 1, 2, 2, -1, -2, 1, 2, 1, -2, -2, -1,
        -2, -1, 2, 1, -2, -2, -1, -2, -1, 2, 1, -2, -2, -1, -2, -1, -1, 2, 1, 
        -2, -2, -1, -2, -1, -1, -2, -2, -2, -1, -1, -2, -2, -2, -1, -2, -2, -1, 
        -2, -2, 1, 1, 1, 2, 1, 2, 2, -1, -2, 1, 1, 2, 1, 2, 2, -1, -2, 1, 1, 2, 
        1, 2, 2, -1, -2, 1, 2, 1, -2, -2, -1, -2, -1, 2, 1, -2, -2, -1, -2, -1, 
        2, 1, -2, -2, -1, -2, -1, -1, 2, 1, -2, -2, -1, -2, -1, -1, -2, -2, -2, 
        -1, -1, -2, -2, -2, -1, -2, -2, -1, -2, -2, 1, 2, 1, -2, -2, -1, -2, -1,
        -1, -1, -2, -2, 1, 2, 1, -2, -2, -1, -2, -1, -1, 2, 2, 1, 2, 2, 2, 1, 1,
        2, 2, 2, 1, 1, 2, 1, 2, 2, -1, -2, 1, 1, 2, 1, 2, 2, -1, -2, 1, 2, 1, 2,
        2, -1, -2, 1, 2, 1, 2, 2, -1, -2, -1, 2, 1, -2, -2, -1, -2, -1, -1, 2, 
        1, -2, -2, -1, -2, -1, -1, 2, 1, -2, -2, -1, -2, -1, -1, -1, 2, 2, 1, 2,
        2, 1, 2, 2, 2, 1, 1, 2, 2, 2, 1, 1, 2, 1, 2, 2, -1, -2, 1, 1, 2, 1, 2, 
        2, -1, -2, 1, 2, 1, 2, 2, -1, -2, 1, 2, 1, 2, 2, -1, -2, -1, 2, 1, -2, 
        -2, -1, -2, -1, -1, 2, 1, -2, -2, -1, -2, -1, -1, 2, 1, -2, -2, -1, -2, 
        -1, -1, -1, 2, 2, 1, 2, 2, 1, 2, 2, 2, 1, 1, 2, 2, 2, 1, 1, 2, 1, 2, 2, 
        -1, -2, 1, 1, 2, 1, 2, 2, -1, -2, 1, 2, 1, 2, 2, -1, -2, 1, 2, 1, 2, 2, 
        -1, -2, -1, 2, 1, -2, -2, -1, -2, -1, -1, 2, 1, -2, -2, -1, -2, -1, -1, 
        2, 1, -2, -2, -1, -2, -1, -1, -1, 2, 2, 1, 2, 2, 1, 2, 2, 2, 1, 1, 2, 2,
        2, 1, 1, 2, 1, 2, 2, -1, -2, 1, 1, 2, 1, 2, 2, -1, -2, 1, 2, 1, 2, 2, 
        -1, -2, 1, 2, 1, 2, 2, -1, -2, -1, 2, 1, -2, -2, -1, -2, -1, -1, 2, 1, 
        -2, -2, -1, -2, -1, -1, 2, 1, -2, -2, -1, -2, -1, -1, -1, 2, 2, 1, 2, 2,
        1, 2, 2, 2, 1, 1, 2, 2, 2, 1, 1, 2, 1, 2, 2, -1, -2, 1, 1, 2, 1, 2, 2, 
        -1, -2, 1, 2, 1, 2, 2, -1, -2, 1, 2, 1, 2, 2, -1, -2, -1, 2, 1, -2, -2, 
        -1, -2, -1, -1, 2, 1, -2, -2, -1, -2, -1, -1, 2, 1, -2, -2, -1, -2, -1, 
        -1, -1, 2, 2, 1, 2, 2, 1, 2, 2, 2, 1, 1, 2, 2, 2, 1, 1, 2, 1, 2, 2, -1, 
        -2, 1, 1, 2, 1, 2, 2, -1, -2, 1, 2, 1, 2, 2, -1, -2, 1, 2, 1, 2, 2, -1, 
        -2, -1, 2, 1, -2, -2, -1, -2, -1, -1, 2, 1, -2, -2, -1, -2, -1, -1, 2, 
        1, -2, -2, -1, -2, -1, -1, -1, 2, 2, 1, 2, 2, 1, 2, 2, 2, 1, 1, 2, 2, 2,
        1, 1, 2, 1, 2, 2, -1, -2, 1, 1, 2, 1, 2, 2, -1, -2, 1, 2, 1, 2, 2, -1, 
        -2, 1, 2, 1, 2, 2, -1, -2, -1, 2, 1, -2, -2, -1, -2, -1, -1, 2, 1, -2, 
        -2, -1, -2, -1, -1, 2, 1, -2, -2, -1, -2, -1, -1, -1, 2, 1, -2, -2, -1, 
        -2, -1, 2, 1, -2, -2, -1, -2, -1, -1, 2, 1, -2, -2, -1, -2, -1, 2, 1, 
        -2, -2, -1, -2, -1, -1, 2, 1, -2, -2, -1, -2, -1, -1, 2, 1, -2, -2, -1, 
        -2, -1, -1, -1 ],
        [ IntegerRing() | 2, 2, 1, 1, 1, 2, 1, 2, 2, -1, -2, -1, 2, 2, 1, 1, 1, 
        2, 1, 2, 2, -1, -2, -1, 2, 2, 1, 1, 1, 2, 1, 2, 2, -1, -2, -1, 2, 2, 1, 
        2, 2, 1, 2, 2, 2, 1, 1, 2, 2, 2, 1, 1, 2, 1, 2, 2, -1, -2, 1, 1, 2, 1, 
        2, 2, -1, -2, 1, 2, 1, 2, 2, -1, -2, 1, 2, 1, 2, 2, -1, -2, -1, 2, 1, 
        -2, -2, -1, -2, -1, -1, 2, 1, -2, -2, -1, -2, -1, -1, 2, 1, -2, -2, -1, 
        -2, -1, -1, -1, 2, 2, 1, 2, 2, 1, 2, 2, 2, 1, 1, 2, 2, 2, 1, 1, 2, 1, 2,
        2, -1, -2, 1, 1, 2, 1, 2, 2, -1, -2, 1, 2, 1, 2, 2, -1, -2, 1, 2, 1, 2, 
        2, -1, -2, -1, 2, 1, -2, -2, -1, -2, -1, -1, 2, 1, -2, -2, -1, -2, -1, 
        -1, 2, 1, -2, -2, -1, -2, -1, -1, -1, 2, 2, 1, 2, 2, 1, 2, 2, 2, 1, 1, 
        2, 2, 2, 1, 1, 2, 1, 2, 2, -1, -2, 1, 1, 2, 1, 2, 2, -1, -2, 1, 2, 1, 2,
        2, -1, -2, 1, 2, 1, 2, 2, -1, -2, -1, 2, 1, -2, -2, -1, -2, -1, -1, 2, 
        1, -2, -2, -1, -2, -1, -1, 2, 1, -2, -2, -1, -2, -1, -1, -1, 2, 2, 1, 2,
        2, 1, 2, 2, 2, 1, 1, 2, 2, 2, 1, 1, 2, 1, 2, 2, -1, -2, 1, 1, 2, 1, 2, 
        2, -1, -2, 1, 2, 1, 2, 2, -1, -2, 1, 2, 1, 2, 2, -1, -2, -1, 2, 1, -2, 
        -2, -1, -2, -1, -1, 2, 1, -2, -2, -1, -2, -1, -1, 2, 1, -2, -2, -1, -2, 
        -1, 2, 1, 2, 2, -1, -2, 1, 1, 1, 2, 1, 2, 2, -1, -2, 1, 1, 1, 2, 1, 2, 
        2, -1, -2, 1, 1, 2, 1, 2, 2, -1, -2, 1, 1, 1, 2, 1, 2, 2, -1, -2, 1, 2, 
        1, -2, -2, -1, -2, -1, -1, 2, 1, -2, -2, -1, -2, -1, -1, 2, 1, -2, -2, 
        -1, -2, -1, -1, -1, 2 ],
        [ IntegerRing() | 2, 2, 2, 1, 2, 2, 2, 1, 1, 2, 2, 2, 2, 2, 2, 2, 1, 1, 
        2, 2, 2, 1, 1, 2, 2, -1, -2, 1, 1, 2, 1, 2, 2, -1, -2, 1, 2, 1, 2, 2, 
        -1, -2, 1, 2, 1, 2, 2, -1, -2, -1, 2, 1, -2, -2, -1, -2, -1, -1, -1, 2, 
        1, -2, -2, -1, -2, -1, -1, 2, 1, -2, -2, -1, -2, 1, 2, 1, 2, 2, -1, -2, 
        1, 1, 2, 1, 2, 2, -1, -2, 1, 1, 2, 1, 2, 2, -1, -2, 1, 2, 1, -2, -2, -1,
        -2, -1, 2, 1, -2, -2, -1, -2, -1, 2, 1, -2, -2, -1, -2, -1, -1, 2, 1, 
        -2, -2, -1, -2, -1, -1, -2, -2, -2, -1, -1, -2, -2, -2, -1, -2, -2, -1, 
        -2, -2, 1, 1, 1, 2, 1, 2, 2, -1, -2, 1, 1, 2, 1, 2, 2, -1, -2, 1, 1, 2, 
        1, 2, 2, -1, -2, 1, 2, 1, -2, -2, -1, -2, -1, 2, 1, -2, -2, -1, -2, -1, 
        2, 1, -2, -2, -1, -2, -1, -1, 2, 1, -2, -2, -1, -2, -1, -1, -2, -2, -2, 
        -1, -1, -2, -2, -2, -1, -2, -2, -1, -2, -2, 1, 1, 1, 2, 1, 2, 2, -1, -2,
        1, 1, 2, 1, 2, 2, -1, -2, 1, 1, 2, 1, 2, 2, -1, -2, 1, 2, 1, -2, -2, -1,
        -2, -1, 2, 1, -2, -2, -1, -2, -1, 2, 1, -2, -2, -1, -2, -1, -1, 2, 1, 
        -2, -2, -1, -2, -1, -1, -2, -2, -2, -1, -1, -2, -2, -2, -1, -2, -2, -1, 
        -2, -2, 1, 1, 1, 2, 1, 2, 2, -1, -2, 1, 1, 2, 1, 2, 2, -1, -2, 1, 1, 2, 
        1, 2, 2, -1, -2, 1, 2, 1, -2, -2, -1, -2, -1, 2, 1, -2, -2, -1, -2, -1, 
        2, 1, -2, -2, -1, -2, -1, -1, 2, 1, -2, -2, -1, -2, -1, -1, -2, -2, -2, 
        -1, -1, -2, -2, -2, -1, -2, -2, -1, -2, -2, 1, 2, 1, -2, -2, -1, -2, -1,
        -1, -1, -2, -2, 1, 2, 1, -2, -2, -1, -2, -1, -1, -1, -2, -2, 1, 1, 1, 2,
        1, 2, 2, -1, -2, 1, 1, 2, 1, 2, 2, -1, -2, 1, 1, 2, 1, 2, 2, -1, -2, 1, 
        2, 1, -2, -2, -1, -2, -1, 2, 1, -2, -2, -1, -2, -1, 2, 1, -2, -2, -1, 
        -2, -1, -1, 2, 1, -2, -2, -1, -2, -1, -1, -2, -2, -2, -1, -1, -2, -2, 
        -2, -1, -2, -2, -1, -2, -2, 1, 1, 1, 2, 1, 2, 2, -1, -2, 1, 1, 2, 1, 2, 
        2, -1, -2, 1, 1, 2, 1, 2, 2, -1, -2, 1, 2, 1, -2, -2, -1, -2, -1, 2, 1, 
        -2, -2, -1, -2, -1, 2, 1, -2, -2, -1, -2, -1, -1, 2, 1, -2, -2, -1, -2, 
        -1, -1, -2, -2, -2, -1, -1, -2, -2, -2, -1, -2, -2, -1, -2, -2, 1, 1, 1,
        2, 1, 2, 2, -1, -2, 1, 1, 2, 1, 2, 2, -1, -2, 1, 1, 2, 1, 2, 2, -1, -2, 
        1, 2, 1, -2, -2, -1, -2, -1, 2, 1, -2, -2, -1, -2, -1, 2, 1, -2, -2, -1,
        -2, -1, -1, 2, 1, -2, -2, -1, -2, -1, -1, -2, -2, -2, -1, -1, -2, -2, 
        -2, -1, -2, -2, -1, -2, -2, 1, 1, 1, 2, 1, 2, 2, -1, -2, 1, 1, 2, 1, 2, 
        2, -1, -2, 1, 1, 2, 1, 2, 2, -1, -2, 1, 2, 1, -2, -2, -1, -2, -1, 2, 1, 
        -2, -2, -1, -2, -1, 2, 1, -2, -2, -1, -2, -1, -1, 2, 1, -2, -2, -1, -2, 
        -1, -1, -2, -2, -2, -1, -1, -2, -2, -2, -1, -2, -2, -1, -2, -2, 1, 1, 1,
        2, 1, 2, 2, -1, -2, 1, 1, 2, 1, 2, 2, -1, -2, 1, 1, 2, 1, 2, 2, -1, -2, 
        1, 2, 1, -2, -2, -1, -2, -1, 2, 1, -2, -2, -1, -2, -1, 2, 1, -2, -2, -1,
        -2, -1, -1, 2, 1, -2, -2, -1, -2, -1, -1, -2, -2, -2, -1, -1, -2, -2, 
        -2, -1, -2, -2, -1, -2, -2, 1, 1, 1, 2, 1, 2, 2, -1, -2, 1, 1, 2, 1, 2, 
        2, -1, -2, 1, 1, 2, 1, 2, 2, -1, -2, 1, 2, 1, -2, -2, -1, -2, -1, 2, 1, 
        -2, -2, -1, -2, -1, 2, 1, -2, -2, -1, -2, -1, -1, 2, 1, -2, -2, -1, -2, 
        -1, -1, -2, -2, -2, -1, -1, -2, -2, -2, -1, -2, -2, -1, -2, -2, 1, 1, 1,
        2, 1, 2, 2, -1, -2, 1, 1, 2, 1, 2, 2, -1, -2, 1, 1, 2, 1, 2, 2, -1, -2, 
        1, 2, 1, -2, -2, -1, -2, -1, 2, 1, -2, -2, -1, -2, -1, 2, 1, -2, -2, -1,
        -2, -1, -1, 2, 1, -2, -2, -1, -2, -1, -1, -2, -2, -2, -1, -1, -2, -2, 
        -2, -1, -2, -2, -1, -2, -2, 1, 1, 1, 2, 1, 2, 2, -1, -2, 1, 2, 1, -2, 
        -2, -1, -2, -1, -1, 2, 1, -2, -2, -1, -2, -1, 2, 1, -2, -2, -1, -2, -1, 
        -1, 2, 1, -2, -2, -1, -2, -1, 2, 1, -2, -2, -1, -2, -1, -1, 2, 1, -2, 
        -2, -1, -2, -1 ]
    ], level := 218, genus := 16, index := 220, contains_minus_one := true, 
    subgroups := [], supergroups := [ IntegerRing() | 1897 ], name := "218A16", 
    label := "A", order := 35316, GLZConj := 1, matgens := [ 
        PowerSequence(IntegerRing(218)) |
        [ IntegerRing(218) | 53, 94, 14, 103 ],
        [ IntegerRing(218) | 73, 164, 94, 35 ],
        [ IntegerRing(218) | 110, 109, 109, 1 ],
        [ IntegerRing(218) | 115, 76, 156, 105 ],
        [ IntegerRing(218) | 129, 16, 174, 3 ],
        [ IntegerRing(218) | 215, 20, 163, 3 ],
        [ IntegerRing(218) | 217, 0, 0, 217 ]
    ], cusps := [ IntegerRing() | 2, 218 ], c2 := [ IntegerRing() | 1, 1, 1, 1, 
    2, 2, 2, 2, 2, 2, 2, 2, 2, 2, 2, 2, 2, 2, 2, 2, 2, 2, 2, 2, 2, 2, 2, 2, 2, 
    2, 2, 2, 2, 2, 2, 2, 2, 2, 2, 2, 2, 2, 2, 2, 2, 2, 2, 2, 2, 2, 2, 2, 2, 2, 
    2, 2, 2, 2, 2, 2, 2, 2, 2, 2, 2, 2, 2, 2, 2, 2, 2, 2, 2, 2, 2, 2, 2, 2, 2, 
    2, 2, 2, 2, 2, 2, 2, 2, 2, 2, 2, 2, 2, 2, 2, 2, 2, 2, 2, 2, 2, 2, 2, 2, 2, 
    2, 2, 2, 2, 2, 2, 2, 2 ], c3 := [ IntegerRing() | 1, 1, 1, 1, 3, 3, 3, 3, 3,
    3, 3, 3, 3, 3, 3, 3, 3, 3, 3, 3, 3, 3, 3, 3, 3, 3, 3, 3, 3, 3, 3, 3, 3, 3, 
    3, 3, 3, 3, 3, 3, 3, 3, 3, 3, 3, 3, 3, 3, 3, 3, 3, 3, 3, 3, 3, 3, 3, 3, 3, 
    3, 3, 3, 3, 3, 3, 3, 3, 3, 3, 3, 3, 3, 3, 3, 3, 3 ], gc := [ IntegerRing() |
    1, 1, 108 ], special_name := [], special_name_html := [], direct_subgroups 
    := [], direct_supergroups := [ IntegerRing() | 1897 ], length := 110, 
    treename := [ PowerSequence(IntegerRing()) |
        [ IntegerRing() | 436, 5, 6 ]
    ], treesupergroups := [ PowerSequence(IntegerRing()) |
        [ IntegerRing() | 436, 5 ]
    ]>,
    rec<recformat<generators: SeqEnum, level: IntegerRing(), genus: 
    IntegerRing(), index: IntegerRing(), contains_minus_one: BoolElt, subgroups:
    SeqEnum, supergroups: SeqEnum, name: MonStgElt, label: MonStgElt, order: 
    IntegerRing(), GLZConj: IntegerRing(), matgens: SeqEnum, cusps: SeqEnum, c2:
    SeqEnum, c3: SeqEnum, gc: SeqEnum, projections: SeqEnum, special_name: 
    SeqEnum, special_name_html: SeqEnum, direct_subgroups: SeqEnum, 
    direct_supergroups: SeqEnum, length: IntegerRing(), treename: SeqEnum, 
    treesupergroups: SeqEnum> | generators := [ PowerSequence(IntegerRing()) |
        [ IntegerRing() | -1, 2, 2, 2, 2, 2, 2, 2, 2, 2, 2, 2, 2, 2, 2, 2, 2, 2,
        2, 2, 2, 2, 2, 2, 2, 2, 2, 2, 2, 2, 2, 2, 2, 2, 2, 2, 2, 2, 2, 2, 2, 2, 
        2, 2, 2, 2, 2, 2, 2, 2, 2, 2, 2, 2, 2, 2, 2, 2, 2, 2, 2, 2, 2, 2, 2, 2, 
        2, 2, 2, 2, 2, 2, 2, 2, 2, 2, 2, 2, 2, 2, 2, 2, 2, 2, 2, 2, 2, 2, 2, 2, 
        2, 2, 2, 2, 2, 2, 2, 2, 2, 2, 2, 2, 2, 2, 2, 2, 2, 2, 2, 2, 2, 2, 2, 2, 
        2, 2, 2, 2, 2, 2, 2, 2, 2, 2, 2, 2, 2, 2, 2, 2, 2, 2, 2, 2, 2, 1, 2, 2, 
        2, 2, 2, 2, 2, 2, 2, 2, 2, 2, 2, 2, 2, 2, 2, 2, 2, 2, 2, 2, 2, 2, 2, 2, 
        2, 2, 2, 2, 2, 2, 2, 2, 2, 2, 2, 2, 2, 2, 2, 2, 2, 2, 2, 2, 2, 2, 2, 2, 
        2, 2, 2, 2, 2, 2, 2, 2, 2, 2, 2, 2, 2, 2, 2, 2, 2, 2, 2, 2, 2, 2, 2, 2, 
        2, 2, 2, 2, 2, 2, 2, 2, 2, 2, 2, 2, 2, 2, 2, 2, 2, 2, 2, 2, 2, 2, 2, 2, 
        2, 2, 2, 2, 2, 2, 2, 2, 2, 2, 2, 2, 2, 2, 2, 2, 2, 2, 2, 2, 2, 2, 2, 2, 
        2, 2, 2, 2, 2, 2, 2, 2, 2, 2, -1, 2, 2, 2, 2, 1, 2, 2, 2, 2, -1, 2, 2, 
        2, 2, 2, 2, 1, 2, 2, 2, 2, 1, 1 ],
        [ IntegerRing() | -1, 2, 2, 2, 2, 2, 2, 2, 2, 2, 2, 2, 2, 2, 2, 2, 2, 2,
        2, 2, 2, 2, 2, 2, 2, 2, 2, 2, 2, 2, 2, 2, 2, 2, 2, 2, 2, 2, 2, 2, 2, 2, 
        2, 2, 2, 2, 2, 2, 2, 2, 2, 2, 2, 2, 2, 1, 2, 2, 2, 2, 2, 2, 2, 2, 2, 2, 
        2, 2, 2, 2, 2, 2, 2, 2, 2, 2, 2, 2, 2, 2, 2, 2, 2, 2, 2, 2, 2, 2, 2, 2, 
        2, 2, 2, 2, 2, 2, 2, 2, 2, 2, 2, 2, 2, 2, 2, 2, 2, 2, 2, 2, 2, 2, 2, 2, 
        2, 2, 2, 2, 2, 2, 2, 2, 2, 2, 2, 2, 2, 2, 2, 2, 2, 2, 2, 2, 2, 2, 2, 2, 
        2, 2, 2, 2, 2, 2, 2, 2, 2, 2, 2, 2, 2, 2, 2, 2, 2, 2, 2, 2, 2, 2, 2, 2, 
        2, 2, 2, 2, 2, 2, 2, 2, 2, 2, 2, 2, 2, 2, 2, 2, 2, 2, 2, 2, 2, 2, 2, 2, 
        2, 2, -1, 2, 2, 2, 2, 1, 2, 2, 2, 2, 2, 2, 2, 2, 2, 2, 2, 2, 2, 2, 2, 2,
        2, 2, 2, 2, 2, 2, 2, 2, 2, 2, 2, 2, -1, 2, 2, 2, 2, 1, 2, 2, 2, 2, 2, 2,
        1, 2, 1 ],
        [ IntegerRing() | -1, 2, 2, 2, 2, 2, 2, 2, 2, 2, 2, 2, 2, 2, 2, 2, 2, 2,
        2, 2, 2, 2, 2, 2, 2, 2, 2, 2, 2, 2, 2, 2, 2, 2, 2, 2, 2, 2, 2, 2, 2, 2, 
        2, 2, 2, 2, 2, 2, 2, 2, 2, 2, 2, 2, 2, 2, 2, 2, 2, 2, 2, 2, 2, 2, 2, 2, 
        2, 2, 2, 2, 2, 2, 2, 2, 2, 2, 2, 2, 2, 2, 2, 2, 2, 2, 2, 2, 2, 2, 2, 2, 
        2, 2, 2, 2, 2, 2, 2, 2, 2, 2, 2, 2, 2, 2, 2, 2, 2, 2, 2, 2, 2, 2, 2, 2, 
        2, 2, 2, 2, 2, 2, 2, 2, 2, 2, 2, 2, 2, 2, 2, 2, 2, 1, 2, 2, 2, 2, 2, 2, 
        2, 2, 2, 2, 2, 2, 2, 2, 2, 2, 2, 2, 2, 2, 2, 2, 2, 2, 2, 2, 2, 2, 2, 2, 
        2, 2, 2, 2, 2, 2, 2, 2, 2, 2, 2, 2, 2, 2, 2, 2, 2, 2, 2, 2, 2, 2, 2, 2, 
        2, 2, 2, 2, 2, 2, 2, 2, 2, 2, 2, 2, 2, 2, 2, 2, 2, 2, 2, 2, 2, 2, 2, 2, 
        2, 2, 2, 2, 2, 2, 2, 2, 2, 2, 2, 2, 2, 2, 2, 2, 2, 2, 2, 2, 2, 2, 2, 2, 
        2, 2, 2, 2, 2, 2, 2, 2, 2, 2, 2, 2, 2, 2, 2, 2, 2, 2, 2, 2, 2, 2, 2, 2, 
        2, 2, 2, 2, 2, 2, 2, 2, 2, 2, 2, 2, 2, 2, 2, 2, 2, 2, 2, 2, 2, 2, 2, 2, 
        2, 2, 2, 2, 2, 2, 2, 2, 2, 2, 2, 2, 2, 2, 2, 2, 2, 2, 2, 2, 2, 2, 2, 2, 
        2, 2, -1, 2, 2, 1 ],
        [ IntegerRing() | -1, 2, 2, 2, 2, 2, 2, 2, 2, 2, 2, 2, 2, 2, 2, 2, 2, 2,
        2, 2, 2, 2, 2, 2, 2, 2, 2, 2, 2, 2, 2, 2, 2, 2, 2, 2, 2, 2, 2, 2, 2, 2, 
        2, 2, 2, 2, 2, 2, 2, 2, 2, 2, 2, 2, 2, 2, 2, 2, 2, 2, 2, 2, 2, 2, 2, 2, 
        2, 2, 2, 2, 2, 2, 2, 2, 2, 2, 2, 2, 2, 2, 2, 2, 2, 2, 2, 1, 2, 2, 2, 2, 
        2, 2, 2, 2, 2, 2, 2, 2, 2, 2, 2, 2, 2, 2, 2, 2, 2, 2, 2, 2, 2, 2, 2, 2, 
        2, 2, 2, 2, 2, 2, 2, 2, 2, 2, 2, 2, 2, 2, 2, 2, 2, 2, 2, 2, 2, 2, 2, 2, 
        2, 2, 2, 2, 2, 2, 2, 2, 2, 2, 2, 2, 2, 2, 2, 2, 2, 2, 2, 2, 2, 2, 2, 2, 
        2, 2, 2, 2, 2, 2, 2, 2, 2, 2, 2, 2, -1, 2, 2, 2, 2, 1, 2, 2, 2, 2, 2, 2,
        2, 2, 2, 2, 2, 2, 2, 2, 2, 2, 2, 2, 2, 2, 2, 2, 2, 2, 2, 2, 2, 2, 2, 2, 
        2, 2, 2, 2, 2, 2, 2, 2, 2, 2, 2, 2, 2, 2, 2, 2, 2, 2, 2, 2, 2, 2, 2, 2, 
        2, 2, 2, 2, 2, 2, 2, 2, 2, 2, 2, 2, 2, 2, 2, 2, 2, 2, 2, 2, 2, 2, 2, 2, 
        2, 2, 2, 2, 2, 2, 2, 2, 2, 2 ],
        [ IntegerRing() | -1, 2, 2, 2, 2, 2, 2, 2, 2, 2, 2, 2, 2, 2, 2, 2, 2, 2,
        2, 2, 2, 2, 2, 2, 2, 2, 2, 2, 2, 2, 2, 2, 2, 2, 2, 1, 2, 2, 2, 2, 2, 2, 
        2, 2, 2, 2, 2, 2, 2, 2, 2, 2, 2, 2, 2, 2, 2, 2, 2, 2, 2, 2, 2, 2, 2, 2, 
        2, 2, 2, 2, 2, 2, 2, 2, 2, 2, 2, 2, 2, 2, 2, 2, 2, 2, 2, 2, 2, 2, 2, 2, 
        2, 2, 2, 2, 2, 2, 2, 2, 2, 2, 2, 2, 2, 2, 2, 2, 2, 2, 2, 2, 2, 2, 2, 2, 
        2, 2, 2, 2, 2, 2, 2, 2, 2, 2, 2, 2, 2, 2, 2, 2, 2, 2, 2, 2, 2, 2, 2, 2, 
        2, 2, 2, 2, 2, 2, 2, 2, 2, 2, 2, 2, 2, 2, 2, 2, 2, 2, 2, 2, 2, 2, 2, 2, 
        2, 2, 2, 2, 2, 2, -1, 2, 2, 1, 2, 2, 2, 2, -1, 2, 2, 2, 2, 2, 2, 1, 2, 
        2, 1, 2 ],
        [ IntegerRing() | -1, 2, 2, 2, 2, 2, 2, 2, 2, 2, 2, 2, 2, 2, 2, 2, 2, 2,
        2, 2, 2, 2, 2, 2, 2, 2, 2, 2, 2, 2, 2, 2, 2, 2, 2, 2, 2, 2, 2, 2, 2, 2, 
        2, 2, 2, 2, 2, 2, 2, 2, 2, 1, 2, 2, 2, 2, 2, 2, 2, 2, 2, 2, 2, 2, 2, 2, 
        2, 2, 2, 2, 2, 2, 2, 2, 2, 2, 2, 2, 2, 2, 2, 2, 2, 2, 2, 2, 2, 2, 2, 2, 
        2, 2, 2, 2, 2, 2, 2, 2, 2, 2, 2, 2, 2, 2, 2, 2, 2, 2, 2, 2, 2, 2, 2, 2, 
        2, 2, 2, 2, 2, 2, 2, 2, 2, 2, 2, 2, 2, 2, 2, 2, 2, 2, 2, 2, 2, 2, 2, 2, 
        2, 2, 2, 2, 2, 2, 2, 2, 2, 2, 2, 2, 2, 2, 2, 2, 2, 2, 2, 2, 2, 2, 2, 2, 
        2, 2, 2, 2, 2, 2, 2, 2, 2, 2, 2, 2, 2, 2, 2, 2, 2, 2, 2, 2, 2, 2, -1, 2,
        2, 1, 2, 2, 2, 2, 2, 2, 2, 2, 2, 2, 2, 2, 2, 2, 2, 2, 2, 2, 2, 2, 2, 2, 
        2, 2, 2, 2, 2, 2, 2, 2, 2, 2, 2, 2, 2, 2, 2, 2, 2, 2, 2, 2, 2, 2, 2, 2, 
        2, 2, -1, 2, 2, 1, 2, 2, 2, 2, 2, 2, 2, 2, -1, 2, 2, 2, 2, 1, 2, 2, 2, 
        2, 1, 1, -2, 1 ],
        [ IntegerRing() | -1, 2, 2, 2, 2, 2, 2, 2, 2, 2, 2, 2, 2, 2, 2, 2, 2, 2,
        2, 2, 2, 2, 2, 2, 2, 2, 2, 2, 2, 2, 2, 2, 2, 2, 2, 2, 2, 2, 2, 2, 2, 2, 
        2, 1, 2, 2, 2, 2, 2, 2, 2, 2, 2, 2, 2, 2, 2, 2, 2, 2, 2, 2, 2, 2, 2, 2, 
        2, 2, 2, 2, 2, 2, 2, 2, 2, 2, 2, 2, 2, 2, 2, 2, 2, 2, 2, 2, 2, 2, 2, 2, 
        2, 2, 2, 2, 2, 2, 2, 2, 2, 2, 2, 2, 2, 2, 2, 2, 2, 2, 2, 2, 2, 2, 2, 2, 
        2, 2, 2, 2, 2, 2, 2, 2, 2, 2, 2, 2, 2, 2, 2, 2, 2, 2, 2, 2, 2, 2, 2, 2, 
        2, 2, 2, 2, 2, 2, 2, 2, 2, 2, 2, 2, 2, 2, 2, 2, 2, 2, 2, 2, 2, 2, 2, 2, 
        2, 2, 2, 2, 2, 2, 2, 2, 2, 2, 2, 2, 2, 2, -1, 2, 2, 1, 2, 2, 2, 2, 2, 2,
        2, 2, 2, 2, 2, 2, 2, 2, 2, 2, 2, 2, 2, 2, 2, 2, 2, 2, 2, 2, 2, 2, 2, 2, 
        2, 2, 2, 2, 2, 2, 2, 2, 2, 2, 2, 2, 2, 2 ],
        [ IntegerRing() | -1, 2, 2, 2, 2, 2, 2, 2, 2, 2, 2, 2, 2, 2, 2, 2, 2, 2,
        2, 2, 2, 2, 2, 2, 2, 2, 2, 2, 2, 1, 2, 2, 2, 2, 2, 2, 2, 2, 2, 2, 2, 2, 
        2, 2, 2, 2, 2, 2, 2, 2, 2, 2, 2, 2, 2, 2, 2, 2, 2, 2, 2, 2, 2, 2, 2, 2, 
        2, 2, 2, 2, 2, 2, 2, 2, 2, 2, 2, 2, 2, 2, 2, 2, 2, 2, 2, 2, 2, 2, 2, 2, 
        2, 2, 2, 2, 2, 2, 2, 2, 2, 2, 2, 2, 2, 2, 2, 2, 2, 2, 2, 2, 2, 2, 2, 2, 
        2, 2, 2, 2, 2, 2, 2, 2, 2, 2, 2, 2, 2, 2, 2, 2, 2, 2, 2, 2, 2, 2, 2, 2, 
        2, 2, 2, 2, 2, 2, 2, 2, 2, 2, 2, 2, 2, 2, 2, 2, 2, 2, 2, 2, 2, 2, 2, 2, 
        2, 2, 2, 2, 2, 2, 2, 2, 2, 2, 2, 2, 2, 2, 2, 2, 2, 2, 2, 2, 2, 2, 2, 2, 
        2, 2, 2, 2, 2, 2, 2, 2, 2, 2, 2, 2, 2, 2, 2, 2, 2, 2, 2, 2, -1, 2, 2, 2,
        2, 2, 2, 1, 2, 2, 2, 2, 2, 2, 2, 2, 2, 2, 2, 2, 2, 2, 2, 2, 2, 2, 2, 2, 
        2, 2, 2, 2, 2, 2, 2, 2, 2, 2, 2, 2, 2, 2, 1, 2 ],
        [ IntegerRing() | -1, 2, 2, 2, 2, 2, 2, 2, 2, 2, 2, 2, 2, 2, 2, 2, 2, 2,
        2, 2, 2, 2, 2, 2, 2, 2, 2, 2, 2, 2, 2, 2, 2, 2, 2, 2, 2, 2, 2, 2, 2, 2, 
        2, 2, 2, 2, 2, 2, 2, 2, 2, 2, 2, 2, 2, 2, 2, 2, 2, 2, 2, 2, 2, 2, 2, 2, 
        2, 2, 2, 2, 2, 2, 2, 2, 2, 2, 2, 2, 2, 2, 2, 2, 2, 2, 2, 2, 2, 2, 2, 2, 
        2, 2, 2, 2, 2, 2, 2, 2, 2, 2, 2, 2, 2, 2, 2, 2, 2, 2, 2, 2, 2, 2, 2, 2, 
        2, 2, 2, 2, 2, 2, 2, 2, 2, 2, 2, 2, 2, 2, 2, 2, 2, 2, 2, 2, 2, 2, 2, 1, 
        2, 2, 2, 2, 2, 2, 2, 2, 2, 2, 2, 2, 2, 2, 2, 2, 2, 2, 2, 2, 2, 2, 2, 2, 
        2, 2, 2, 2, 2, 2, 2, 2, 2, 2, 2, 2, 2, 2, 2, 2, 2, 2, 2, 2, 2, 2, 2, 2, 
        2, 2, 2, 2, 2, 2, 2, 2, 2, 2, 2, 2, 2, 2, 2, 2, 2, 2, 2, 2, 2, 2, 2, 2, 
        2, 2, 2, 2, 2, 2, 2, 2, 2, 2, 2, 2, 2, 2, 2, 2, 2, 2, 2, 2, 2, 2, 2, 2, 
        2, 2, 2, 2, 2, 2, 2, 2, 2, 2, 2, 2, 2, 2, 2, 2, 2, 2, 2, 2, 2, 2, 2, 2, 
        2, 2, 2, 2, 2, 2, 2, 2, 2, 2, 2, 2, -1, 2, 2, 1, 2, 2, 2, 2, 2, 2, 2, 2,
        2, 2, 2, 2, 2, 2, 2, 2, 2, 2, 2, 2, 2, 2, 2, 2, 2, 2, 2, 2, 2, 2, 2, 2, 
        2, 2, 2, 2, 2, 2, 2, 2, 2, 2, 2, 2, 2, 2, 2, 2, 2, 2, 2, 2, 2, 2, 2, 2, 
        2, 2, 2, 2, 2, 2, 2, 2, 2, 2, 2, 2, 2, 2, 2, 2, 2, 2, 2, 2, 2, 2, 2, 2, 
        2, 2, 2, 2, 2, 2, 2, 2, 2, 2, 2, 2, -1, 2, 2, 2, 2, 2, 2, 1, 2, 2, 2, 2 
        ],
        [ IntegerRing() | -1, 2, 2, 2, 2, 2, 2, 2, 2, 2, 2, 2, 2, 2, 2, 2, 2, 2,
        2, 2, 2, 2, 2, 2, 2, 2, 2, 2, 2, 2, 2, 2, 2, 2, 2, 2, 2, 2, 2, 2, 2, 2, 
        2, 2, 2, 2, 2, 2, 2, 2, 2, 2, 2, 2, 2, 2, 2, 2, 2, 2, 2, 2, 2, 2, 2, 2, 
        2, 2, 2, 2, 2, 2, 2, 2, 2, 2, 2, 2, 2, 2, 2, 2, 2, 2, 2, 2, 2, 2, 2, 2, 
        2, 2, 2, 2, 2, 2, 2, 2, 2, 2, 2, 2, 2, 2, 2, 2, 2, 2, 2, 2, 2, 2, 2, 2, 
        2, 2, 2, 2, 2, 2, 2, 2, 2, 2, 2, 2, 2, 2, 2, 2, 2, 2, 2, 2, 2, 2, 2, 2, 
        2, 2, 2, 2, 2, 2, 2, 2, 2, 2, 2, 2, 2, 2, 2, 2, 2, 2, 2, 2, 2, 2, 2, 2, 
        2, 2, 2, 2, 2, 2, 2, 1, 2, 2, 2, 2, 2, 2, 2, 2, 2, 2, 2, 2, 2, 2, 2, 2, 
        2, 2, 2, 2, 2, 2, 2, 2, 2, 2, 2, 2, 2, 2, 2, 2, 2, 2, 2, 2, 2, 2, 2, 2, 
        2, 2, 2, 2, 2, 2, 2, 2, 2, 2, 2, 2, 2, 2, 2, 2, -1, 2, 2, 1, 2, 2, 1, 2 
        ]
    ], level := 220, genus := 16, index := 220, contains_minus_one := true, 
    subgroups := [], supergroups := [ IntegerRing() | 9, 16, 233, 420, 656 ], 
    name := "220A16", label := "A", order := 34560, GLZConj := 2, matgens := [ 
        PowerSequence(IntegerRing(220)) |
        [ IntegerRing(220) | 1, 110, 55, 111 ],
        [ IntegerRing(220) | 21, 0, 0, 21 ],
        [ IntegerRing(220) | 54, 99, 11, 65 ],
        [ IntegerRing(220) | 67, 63, 195, 98 ],
        [ IntegerRing(220) | 86, 63, 83, 25 ],
        [ IntegerRing(220) | 89, 0, 0, 89 ],
        [ IntegerRing(220) | 89, 176, 88, 1 ],
        [ IntegerRing(220) | 111, 0, 0, 111 ],
        [ IntegerRing(220) | 166, 55, 55, 1 ],
        [ IntegerRing(220) | 177, 0, 44, 133 ]
    ], cusps := [ IntegerRing() | 220 ], c2 := [ IntegerRing() | 1, 1, 1, 1, 1, 
    1, 2, 2, 2, 2, 2, 2, 2, 2, 2, 2, 2, 2, 2, 2, 2, 2, 2, 2, 2, 2, 2, 2, 2, 2, 
    2, 2, 2, 2, 2, 2, 2, 2, 2, 2, 2, 2, 2, 2, 2, 2, 2, 2, 2, 2, 2, 2, 2, 2, 2, 
    2, 2, 2, 2, 2, 2, 2, 2, 2, 2, 2, 2, 2, 2, 2, 2, 2, 2, 2, 2, 2, 2, 2, 2, 2, 
    2, 2, 2, 2, 2, 2, 2, 2, 2, 2, 2, 2, 2, 2, 2, 2, 2, 2, 2, 2, 2, 2, 2, 2, 2, 
    2, 2, 2, 2, 2, 2, 2, 2 ], c3 := [ IntegerRing() | 1, 1, 1, 1, 3, 3, 3, 3, 3,
    3, 3, 3, 3, 3, 3, 3, 3, 3, 3, 3, 3, 3, 3, 3, 3, 3, 3, 3, 3, 3, 3, 3, 3, 3, 
    3, 3, 3, 3, 3, 3, 3, 3, 3, 3, 3, 3, 3, 3, 3, 3, 3, 3, 3, 3, 3, 3, 3, 3, 3, 
    3, 3, 3, 3, 3, 3, 3, 3, 3, 3, 3, 3, 3, 3, 3, 3, 3 ], gc := [ IntegerRing() |
    4, 4, 16, 16, 20, 20, 20, 20, 80, 80, 80, 80 ], special_name := [], 
    special_name_html := [], direct_subgroups := [], direct_supergroups := [ 
    IntegerRing() | 233, 420, 656 ], length := 220, treename := [ 
        PowerSequence(IntegerRing()) |
        [ IntegerRing() | 440, 3, 7, 9 ],
        [ IntegerRing() | 440, 3, 9, 3 ]
    ], treesupergroups := [ PowerSequence(IntegerRing()) |
        [ IntegerRing() | 440, 3, 7 ],
        [ IntegerRing() | 440, 3, 9 ],
        [ IntegerRing() | 300, 3, 4 ],
        [ IntegerRing() | 300, 5 ],
        [ IntegerRing() | 300, 3 ]
    ]>,
    rec<recformat<generators: SeqEnum, level: IntegerRing(), genus: 
    IntegerRing(), index: IntegerRing(), contains_minus_one: BoolElt, subgroups:
    SeqEnum, supergroups: SeqEnum, name: MonStgElt, label: MonStgElt, order: 
    IntegerRing(), GLZConj: IntegerRing(), matgens: SeqEnum, cusps: SeqEnum, c2:
    SeqEnum, c3: SeqEnum, gc: SeqEnum, projections: SeqEnum, special_name: 
    SeqEnum, special_name_html: SeqEnum, direct_subgroups: SeqEnum, 
    direct_supergroups: SeqEnum, length: IntegerRing(), treename: SeqEnum, 
    treesupergroups: SeqEnum> | generators := [ PowerSequence(IntegerRing()) |
        [ IntegerRing() | -1, 2, 2, 2, 2, 2, 2, 2, 2, 2, 2, 2, 2, 2, 2, 2, 2, 2,
        2, 2, 2, 2, 2, 2, 2, 2, 2, 2, 2, 2, 2, 2, 2, 2, 2, 2, 2, -1, -2, -2, 1, 
        -2, -2, -1, -2, -2, -1, -2, -2, 1, -2, -2, -1, -2, -2, -1, -2, -2, 1, 
        -2, -2, -1, -2, -2, -1, -2, -2, 1, -2, -2, -1, -2, -2, -1, -2, -2, 1, 
        -2, -2, -1, -2, -2, -1, -2, -2, 1, -2, -2, -1, -2, -2, -1, -2, -2, 1, 
        -2, -2, -1, -2, -2, -1, -2, -2, 1, -2, -2, -1, -2, -2, -1, -2, -2, 1, 
        -2, -2, -1, -2, -2, -1, -2, -2, 1, -2, -2, -1, -2, -2, -1, -2, -2, 1, 
        -2, -2, -1, -2, -2, -1, -2, -2, 1, -2, -2, -1, -2, -2, -1, -2, -2, 1, 
        -2, -2, -1, -2, -2, -1, -2, -2, 1, -2, -2, -1, -2, -2, -1, -2, -2, 1, 
        -2, -2, -1, -2, -2, -1, -2, -2, 1, -2, -2, -1, -2, -2, -1, -2, -2, 1, 
        -2, -2, -1, -2, -2, -1, -2, -2, 1, -2, -2, -1, -2, -2, -1, -2, -2, 1, 
        -2, -2, -1, -2, -2, -1, -2, -2, 1, -2, -2, -1, -2, -2, -1, -2, -2, 1, 
        -2, -2, -1, -2, -2, -1, -2, -2, 1, -2, -2, -1, -2, -2, -1, -2, -2, 1, 
        -2, -2, -1, -2, -2, -1, -2, -2, 1, -2, -2, -1, -2, -2, -1, -2, -2, 1, 
        -2, -2, -1, -2, -2, -1, -2, -2, 1, -2, -2, -1, -2, -2, -1, -2, -2, 1, 
        -2, -2, -1, -2, -2, -1, -2, -2, 1, -2, -2, -1, -2, -2, -1, -2, -2, 1, 
        -2, -2, -1, -2, -2, -1, -2, -2, 1, -2, -2, -1, -2, -2, -1, -2, -2, 1, 
        -2, -2, -1, -2, -2, -1, -2, -2, 1, -2, -2, -1, -2, -2, -1, -2, -2, 1, 
        -2, -2, -1, -2, -2, -1, -2, -2, 1, -2, -2, -1, -2, -2, -1, -2, -2, 1, 
        -2, -2, -1, -2, -2, -1, -2, -2, 1, -2, -2, -1, -2, -2, -1, -2, -2, 1, 
        -2, -2, -1, -2, -2, -1, -2, -2, 1, -2, -2, -1, -2, -2, -1, -2, -2, 1, 
        -2, -2, -1, -2, -2, -1, -2, -2, 1, -2, -2, -1, -2, -2, -1, -2, -2, 1, 
        -2, -2, -1, -2, -2, -1, -2, -2, 1, -2, -2, -1, -2, -2, -1, -2, -2, 1, 
        -2, -2, -1, -2, -2, -1, -2, -2, 1, -2, -2, -1, -2, -2, -1, -2, -2, 1, 
        -2, -2, -1, -2, -2, -1, -2, -2, 1, -2, -2, -1, -2, -2, -1, -2, -2, 1, 
        -2, -2, -1, -2, -2, -1, -2, -2, 1, -2, -2, -1, -2, -2, -2, -2, -2, -2, 
        -2, -2, -2, -2, -2, -2, -2, -2, -2, -2, -2, -2, -2, -2, -2, -2, -2, -2, 
        -2, -2, -2, -2, -2, -2, -2, -2, -2, -2, -2, -2, -2, -2, -2, -2, -2, -2, 
        -2, -2, -2, -2, -2, -2, -2, -2, -2, -2, -2, -2, -2, -2, -2, -2, -2, -2, 
        -2, -2, -2, -2, -2, -2, -2, -2, -2, -2, -2, -2, -2, -2, -2, -2, -2, -2, 
        -2, -2, -2, -2, -2, -2, -2, -2, -2, -2, -2, -2, -2, -2, -2, -2, -2, -2, 
        -2, -2, -2, -2, -2, -2, -2, -2, -2, -2, -2, -2, -2, -2, -2, -2, -2, -2, 
        -2, -2, -2, -2, -2, -2, -2, -2, -2, -2, -2, -2, -2, -2, -2, -2, -2, -2, 
        -2, -2, -2, -2, -2, -2, -2, -2, -2, -2, -2, -2, -2, -2, -2, -2, -2, -2, 
        -2, -2, -2, -2, -2, -2, -2, -2, -2, -2, -2, -2, -2, -2, -2, -2, -2, -2, 
        -2, -2, -2, -2, -2, -2, -2, -2, -2, -2, -2, -2, -2, -2, -2, -2, -2, -2, 
        -2, -2, -2, -2, -2, -2, -2, -2, -2, -2, -2, -2, -2, -2, -2, -2, -2, -2, 
        -2, -2, -2, -2, -2, -2, -2, -2, -2, -2, -2, -2, -2, -2, -2, -2, -2, -2, 
        -1, -2, -2, 1, -2, -2, -1, -1, -2, -2, 1, -2, -2, -1, -2, -2, -2, -2, 
        -2, -2, 1 ],
        [ IntegerRing() | -1, 2, 2, 2, 2, 2, 2, 2, 2, 2, 2, 2, 2, 2, 2, 2, 2, 2,
        2, 2, 2, 2, 2, 2, 2, 2, 2, 2, 2, 2, 2, 2, 2, 2, 2, 2, 2, -1, -2, -2, 1, 
        -2, -2, -1, -2, -2, -2, -2, -2, -2, -2, -2, -2, -2, -2, -2, -2, -2, -2, 
        -2, -2, -2, -2, -2, -2, -2, -2, -2, -2, -2, -2, -2, -2, -2, -2, -2, -2, 
        -2, -2, -2, -2, -2, 1, -2, -2, -2 ],
        [ IntegerRing() | -1, 2, 2, 2, 2, 2, 2, 2, 2, 2, 2, 2, 2, 2, 2, 2, 2, 2,
        2, 2, 2, 2, 2, 2, 2, 2, 2, 2, 2, 2, 2, 2, 2, 2, 2, 2, 2, -1, -2, -2, 1, 
        -2, -2, -1, -2, -2, -1, -2, -2, 1, -2, -2, -1, -2, -2, -1, -2, -2, 1, 
        -2, -2, -1, -2, -2, -1, -2, -2, 1, -2, -2, -1, -2, -2, -1, -2, -2, 1, 
        -2, -2, -1, -2, -2, -1, -2, -2, 1, -2, -2, -1, -2, -2, -1, -2, -2, 1, 
        -2, -2, -1, -2, -2, -1, -2, -2, 1, -2, -2, -1, -2, -2, -1, -2, -2, 1, 
        -2, -2, -1, -2, -2, -1, -2, -2, 1, -2, -2, -1, -2, -2, -1, -2, -2, 1, 
        -2, -2, -1, -2, -2, -1, -2, -2, 1, -2, -2, -1, -2, -2, -1, -2, -2, 1, 
        -2, -2, -1, -2, -2, -1, -2, -2, 1, -2, -2, -1, -2, -2, -1, -2, -2, 1, 
        -2, -2, -1, -2, -2, -1, -2, -2, 1, -2, -2, -1, -2, -2, -1, -2, -2, 1, 
        -2, -2, -1, -2, -2, -1, -2, -2, 1, -2, -2, -1, -2, -2, -1, -2, -2, 1, 
        -2, -2, -1, -2, -2, -2, -2, -2, -2, -2, -2, -2, -2, -2, -2, -2, -2, -2, 
        -2, -2, -2, -2, -2, -2, -2, -2, -2, -2, -2, -2, -2, -2, -2, -2, -2, -2, 
        -2, -2, -2, -2, -2, -2, -2, -2, -2, -2, -2, -2, -2, -2, -2, -2, -2, -2, 
        -2, -2, -2, -2, -2, -2, -2, -2, -2, -2, -2, -2, -2, -2, -2, -2, -2, -2, 
        -2, -2, -2, -2, -2, -2, -2, -2, -2, -2, -2, -2, -2, -2, -2, -2, -2, -2, 
        -2, -2, -2, -2, -2, -2, -2, -2, -2, -2, -2, -2, -2, -2, -2, -2, -2, -2, 
        -2, -2, -2, -2, -2, -2, -2, -2, -2, -2, -2, -2, -2, -2, -2, -2, -2, -2, 
        -2, -2, -2, -2, -2, -2, -2, -2, -2, -2, -2, -2, -2, -2, -2, -2, -2, -2, 
        -2, -2, -2, -2, -2, -2, -2, -2, -2, -2, -2, -2, -2, -2, -2, -2, -2, -2, 
        -2, -2, -2, -2, -2, -2, -2, -2, -2, -2, -2, -2, -2, -2, -2, -2, -2, -2, 
        -2, -2, -2, -2, -2, -2, -2, -2, -2, -2, -2, -2, -2, -2, -2, -2, -2, -2, 
        -2, -2, -2, -2, -2, -2, -2, -2, -2, -2, -2, -2, -2, -2, -2, -2, -2, -2, 
        -2, -2, -2, -2, -2, -2, -2, -2, -2, -2, -2, -2, -2, -2, -2, -2, -2, -2, 
        -2, -2, -2, -2, -2, -2, -2, -2, -2, -1, -2, -2, 1, -2, -2, -1, -1, -2, 
        -2, 1, -2, -2, -1, -2, -2, -2, -2, -1, -2, -2, 1, -2, -2, -1, -1, -2, 
        -2, 1, -2, -2, -1 ],
        [ IntegerRing() | -1, 2, 2, 2, 2, 2, 2, 2, 2, 2, 2, 2, 2, 2, 2, 2, 2, 2,
        2, 2, 2, 2, 2, 2, 2, 2, 2, 2, 2, 2, 2, 2, 2, 2, 2, 2, 2, -1, -2, -2, 1, 
        -2, -2, -1, -2, -2, -1, -2, -2, 1, -2, -2, -1, -2, -2, -1, -2, -2, 1, 
        -2, -2, -1, -2, -2, -1, -2, -2, 1, -2, -2, -1, -2, -2, -1, -2, -2, 1, 
        -2, -2, -1, -2, -2, -1, -2, -2, 1, -2, -2, -1, -2, -2, -1, -2, -2, 1, 
        -2, -2, -1, -2, -2, -1, -2, -2, 1, -2, -2, -1, -2, -2, -1, -2, -2, 1, 
        -2, -2, -1, -2, -2, -1, -2, -2, 1, -2, -2, -1, -2, -2, -1, -2, -2, 1, 
        -2, -2, -1, -2, -2, -1, -2, -2, 1, -2, -2, -1, -2, -2, -1, -2, -2, 1, 
        -2, -2, -1, -2, -2, -1, -2, -2, 1, -2, -2, -1, -2, -2, -1, -2, -2, 1, 
        -2, -2, -1, -2, -2, -1, -2, -2, 1, -2, -2, -1, -2, -2, -1, -2, -2, 1, 
        -2, -2, -1, -2, -2, -1, -2, -2, 1, -2, -2, -1, -2, -2, -1, -2, -2, 1, 
        -2, -2, -1, -2, -2, -1, -2, -2, 1, -2, -2, -1, -2, -2, -1, -2, -2, 1, 
        -2, -2, -1, -2, -2, -1, -2, -2, 1, -2, -2, -1, -2, -2, -1, -2, -2, 1, 
        -2, -2, -1, -2, -2, -1, -2, -2, 1, -2, -2, -1, -2, -2, -1, -2, -2, 1, 
        -2, -2, -1, -2, -2, -1, -2, -2, 1, -2, -2, -1, -2, -2, -1, -2, -2, 1, 
        -2, -2, -1, -2, -2, -1, -2, -2, 1, -2, -2, -1, -2, -2, -1, -2, -2, 1, 
        -2, -2, -1, -2, -2, -1, -2, -2, 1, -2, -2, -1, -2, -2, -1, -2, -2, 1, 
        -2, -2, -1, -2, -2, -1, -2, -2, 1, -2, -2, -1, -2, -2, -1, -2, -2, 1, 
        -2, -2, -1, -2, -2, -1, -2, -2, 1, -2, -2, -1, -2, -2, -1, -2, -2, 1, 
        -2, -2, -1, -2, -2, -1, -2, -2, 1, -2, -2, -1, -2, -2, -1, -2, -2, 1, 
        -2, -2, -1, -2, -2, -1, -2, -2, 1, -2, -2, -1, -2, -2, -1, -2, -2, 1, 
        -2, -2, -1, -2, -2, -1, -2, -2, 1, -2, -2, -1, -2, -2, -1, -2, -2, 1, 
        -2, -2, -1, -2, -2, -1, -2, -2, 1, -2, -2, -1, -2, -2, -1, -2, -2, 1, 
        -2, -2, -1, -2, -2, -1, -2, -2, 1, -2, -2, -1, -2, -2, -1, -2, -2, 1, 
        -2, -2, -1, -2, -2, -1, -2, -2, 1, -2, -2, -1, -2, -2, -1, -2, -2, 1, 
        -2, -2, -1, -2, -2, -1, -2, -2, 1, -2, -2, -1, -2, -2, -1, -2, -2, 1, 
        -2, -2, -1, -2, -2, -1, -2, -2, 1, -2, -2, -1, -2, -2, -1, -2, -2, 1, 
        -2, -2, -1, -2, -2, -1, -2, -2, 1, -2, -2, -1, -2, -2, -1, -2, -2, 1, 
        -2, -2, -1, -2, -2, -1, -2, -2, 1, -2, -2, -1, -2, -2, -1, -2, -2, 1, 
        -2, -2, -1, -2, -2, -1, -2, -2, 1, -2, -2, -1, -2, -2, -2, -2, -2, -2, 
        -2, -2, -2, -2, -2, -2, -2, -2, -2, -2, -2, -2, -2, -2, -2, -2, -2, -2, 
        -2, -2, -2, -2, -2, -2, -2, -2, -2, -2, -2, -2, -2, -2, -2, -2, -2, -2, 
        -2, -2, -2, -2, -2, -2, -2, -2, -2, -2, -2, -2, -2, -2, -2, -2, -2, -2, 
        -2, -2, -2, -2, -2, -2, -2, -2, -2, -2, -2, -2, -2, -2, -2, -2, -2, -2, 
        -2, -2, -2, -2, -2, -2, -2, -2, -2, -2, -2, -2, -2, -2, -2, -2, -2, -2, 
        -2, -2, -2, -2, -2, -2, -2, -2, -2, -2, -2, -2, -2, -2, -2, -2, -2, -2, 
        -2, -2, -2, -2, -2, -2, -2, -2, -2, -2, -2, -2, -2, -2, -2, -2, -2, -2, 
        -2, -2, -2, -2, -2, -2, -2, -2, -2, -2, -2, -2, -2, -2, -2, -2, -2, -2, 
        -2, -2, -2, -2, -2, -2, -2, -2, -2, -2, -1, -2, -2, 1, -2, -2, -1, -2, 
        -2, -2, -2, -1, -2, -2, 1, -2, -2, -1, -1, -2, -2, 1, -2, -2, -1, -1, 
        -2, -2, 1, -2, -2, -1, -2, -2, 1 ],
        [ IntegerRing() | -1, 2, 2, 2, 2, 2, 2, 2, 2, 2, 2, 2, 2, 2, 2, 2, 2, 2,
        2, 2, 2, 2, 2, 2, 2, 2, 2, 2, 2, 2, 2, 2, 2, 2, 2, 2, 2, -1, -2, -2, 1, 
        -2, -2, -1, -2, -2, -1, -2, -2, 1, -2, -2, -1, -2, -2, -1, -2, -2, 1, 
        -2, -2, -1, -2, -2, -1, -2, -2, 1, -2, -2, -1, -2, -2, -1, -2, -2, 1, 
        -2, -2, -1, -2, -2, -1, -2, -2, 1, -2, -2, -1, -2, -2, -1, -2, -2, 1, 
        -2, -2, -1, -2, -2, -1, -2, -2, 1, -2, -2, -1, -2, -2, -1, -2, -2, 1, 
        -2, -2, -1, -2, -2, -1, -2, -2, 1, -2, -2, -1, -2, -2, -1, -2, -2, 1, 
        -2, -2, -1, -2, -2, -1, -2, -2, 1, -2, -2, -1, -2, -2, -1, -2, -2, 1, 
        -2, -2, -1, -2, -2, -1, -2, -2, 1, -2, -2, -1, -2, -2, -1, -2, -2, 1, 
        -2, -2, -1, -2, -2, -1, -2, -2, 1, -2, -2, -1, -2, -2, -1, -2, -2, 1, 
        -2, -2, -1, -2, -2, -1, -2, -2, 1, -2, -2, -1, -2, -2, -1, -2, -2, 1, 
        -2, -2, -1, -2, -2, -1, -2, -2, 1, -2, -2, -1, -2, -2, -1, -2, -2, 1, 
        -2, -2, -1, -2, -2, -1, -2, -2, 1, -2, -2, -1, -2, -2, -1, -2, -2, 1, 
        -2, -2, -1, -2, -2, -1, -2, -2, 1, -2, -2, -1, -2, -2, -1, -2, -2, 1, 
        -2, -2, -1, -2, -2, -1, -2, -2, 1, -2, -2, -1, -2, -2, -1, -2, -2, 1, 
        -2, -2, -1, -2, -2, -1, -2, -2, 1, -2, -2, -1, -2, -2, -1, -2, -2, 1, 
        -2, -2, -1, -2, -2, -1, -2, -2, 1, -2, -2, -1, -2, -2, -1, -2, -2, 1, 
        -2, -2, -1, -2, -2, -1, -2, -2, 1, -2, -2, -1, -2, -2, -1, -2, -2, 1, 
        -2, -2, -1, -2, -2, -1, -2, -2, 1, -2, -2, -1, -2, -2, -1, -2, -2, 1, 
        -2, -2, -1, -2, -2, -1, -2, -2, 1, -2, -2, -1, -2, -2, -1, -2, -2, 1, 
        -2, -2, -1, -2, -2, -1, -2, -2, 1, -2, -2, -1, -2, -2, -1, -2, -2, 1, 
        -2, -2, -1, -2, -2, -1, -2, -2, 1, -2, -2, -1, -2, -2, -1, -2, -2, 1, 
        -2, -2, -1, -2, -2, -1, -2, -2, 1, -2, -2, -1, -2, -2, -1, -2, -2, 1, 
        -2, -2, -1, -2, -2, -1, -2, -2, 1, -2, -2, -1, -2, -2, -1, -2, -2, 1, 
        -2, -2, -1, -2, -2, -1, -2, -2, 1, -2, -2, -1, -2, -2, -1, -2, -2, 1, 
        -2, -2, -1, -2, -2, -1, -2, -2, 1, -2, -2, -1, -2, -2, -1, -2, -2, 1, 
        -2, -2, -1, -2, -2, -1, -2, -2, 1, -2, -2, -1, -2, -2, -1, -2, -2, 1, 
        -2, -2, -1, -2, -2, -1, -2, -2, 1, -2, -2, -1, -2, -2, -1, -2, -2, 1, 
        -2, -2, -1, -2, -2, -1, -2, -2, 1, -2, -2, -1, -2, -2, -1, -2, -2, 1, 
        -2, -2, -1, -2, -2, -1, -2, -2, 1, -2, -2, -1, -2, -2, -1, -2, -2, 1, 
        -2, -2, -1, -2, -2, -1, -2, -2, 1, -2, -2, -1, -2, -2, -1, -2, -2, 1, 
        -2, -2, -1, -2, -2, -1, -2, -2, 1, -2, -2, -1, -2, -2, -1, -2, -2, 1, 
        -2, -2, -1, -2, -2, -1, -2, -2, 1, -2, -2, -1, -2, -2, -1, -2, -2, 1, 
        -2, -2, -1, -2, -2, -1, -2, -2, 1, -2, -2, -1, -2, -2, -1, -2, -2, 1, 
        -2, -2, -1, -2, -2, -1, -2, -2, 1, -2, -2, -1, -2, -2, -1, -2, -2, 1, 
        -2, -2, -1, -2, -2, -1, -2, -2, 1, -2, -2, -1, -2, -2, -1, -2, -2, 1, 
        -2, -2, -1, -2, -2, -1, -2, -2, 1, -2, -2, -1, -2, -2, -1, -2, -2, 1, 
        -2, -2, -1, -2, -2, -1, -2, -2, 1, -2, -2, -1, -2, -2, -1, -2, -2, 1, 
        -2, -2, -1, -2, -2, -2, -2, -2, -2, -2, -2, -2, -2, -2, -2, -2, -2, -2, 
        -2, -2, -2, -2, -2, -2, -2, -2, -2, -2, -2, -2, -2, -2, -2, -2, -2, -2, 
        -2, -2, -2, -2, -2, -2, -2, -2, -2, -2, -2, -2, -2, -2, -2, -2, -2, -2, 
        -2, -2, -2, -2, -2, -2, -2, -2, -2, -2, -2, -2, -2, -2, -2, -2, -2, -2, 
        -2, -2, -2, -2, -2, -2, -2, -2, -2, -2, -2, -2, -2, -2, -2, -2, -2, -2, 
        -2, -2, -2, -2, -2, -2, -2, -2, -2, -2, -2, -2, -2, -2, -2, -2, -2, -2, 
        -2, -2, -2, -2, -2, -2, -2, -2, -2, -2, -2, -2, -2, -2, -2, -2, -2, -2, 
        -2, -2, -2, -2, -2, -2, -2, -2, -2, -2, -2, -2, -2, -2, -2, -2, -2, -2, 
        -2, -2, -2, -2, -2, -2, -2, -2, -2, -2, -2, -2, -2, -2, -2, -2, -2, -2, 
        -2, -2, -2, -2, -2, -2, -2, -2, -2, -2, -2, -2, -2, -2, -2, -2, -2, -2, 
        -2, -2, -2, -2, -2, -2, -2, -2, -2, -2, -2, -2, -2, -2, -2, -2, -2, -2, 
        -2, -2, -2, -2, -2, -2, -2, -2, -2, -2, -2, -2, -2, -2, -2, -2, -2, -2, 
        -2, -1, -2, -2, 1, -2, -2, -1, -2, -2, -1, -2, -2, 1, -2, -2, -1, -1, 
        -2, -2, 1, -2, -2, -1, -1, -2, -2, 1, -2, -2, -1, -1, -2, -2, 1, -2, -2 
        ],
        [ IntegerRing() | -1, 2, 2, 2, 2, 2, 2, 2, 2, 2, 2, 2, 2, 2, 2, 2, 2, 2,
        2, 2, 2, 2, 2, 2, 2, 2, 2, 2, 2, 2, 2, 2, 2, 2, 2, 2, 2, -1, -2, -2, 1, 
        -2, -2, -1, -2, -2, -1, -2, -2, 1, -2, -2, -1, -2, -2, -1, -2, -2, 1, 
        -2, -2, -1, -2, -2, -1, -2, -2, 1, -2, -2, -1, -2, -2, -1, -2, -2, 1, 
        -2, -2, -1, -2, -2, -1, -2, -2, 1, -2, -2, -1, -2, -2, -1, -2, -2, 1, 
        -2, -2, -1, -2, -2, -1, -2, -2, 1, -2, -2, -1, -2, -2, -1, -2, -2, 1, 
        -2, -2, -1, -2, -2, -1, -2, -2, 1, -2, -2, -1, -2, -2, -1, -2, -2, 1, 
        -2, -2, -1, -2, -2, -1, -2, -2, 1, -2, -2, -1, -2, -2, -1, -2, -2, 1, 
        -2, -2, -1, -2, -2, -1, -2, -2, 1, -2, -2, -1, -2, -2, -1, -2, -2, 1, 
        -2, -2, -1, -2, -2, -1, -2, -2, 1, -2, -2, -1, -2, -2, -1, -2, -2, 1, 
        -2, -2, -1, -2, -2, -1, -2, -2, 1, -2, -2, -1, -2, -2, -1, -2, -2, 1, 
        -2, -2, -1, -2, -2, -1, -2, -2, 1, -2, -2, -1, -2, -2, -1, -2, -2, 1, 
        -2, -2, -1, -2, -2, -1, -2, -2, 1, -2, -2, -1, -2, -2, -1, -2, -2, 1, 
        -2, -2, -1, -2, -2, -1, -2, -2, 1, -2, -2, -1, -2, -2, -1, -2, -2, 1, 
        -2, -2, -1, -2, -2, -1, -2, -2, 1, -2, -2, -1, -2, -2, -1, -2, -2, 1, 
        -2, -2, -1, -2, -2, -1, -2, -2, 1, -2, -2, -1, -2, -2, -1, -2, -2, 1, 
        -2, -2, -1, -2, -2, -1, -2, -2, 1, -2, -2, -1, -2, -2, -1, -2, -2, 1, 
        -2, -2, -1, -2, -2, -1, -2, -2, 1, -2, -2, -1, -2, -2, -1, -2, -2, 1, 
        -2, -2, -1, -2, -2, -1, -2, -2, 1, -2, -2, -1, -2, -2, -1, -2, -2, 1, 
        -2, -2, -1, -2, -2, -1, -2, -2, 1, -2, -2, -1, -2, -2, -1, -2, -2, 1, 
        -2, -2, -1, -2, -2, -1, -2, -2, 1, -2, -2, -1, -2, -2, -1, -2, -2, 1, 
        -2, -2, -1, -2, -2, -1, -2, -2, 1, -2, -2, -1, -2, -2, -1, -2, -2, 1, 
        -2, -2, -1, -2, -2, -1, -2, -2, 1, -2, -2, -1, -2, -2, -1, -2, -2, 1, 
        -2, -2, -1, -2, -2, -1, -2, -2, 1, -2, -2, -1, -2, -2, -1, -2, -2, 1, 
        -2, -2, -1, -2, -2, -1, -2, -2, 1, -2, -2, -1, -2, -2, -1, -2, -2, 1, 
        -2, -2, -1, -2, -2, -1, -2, -2, 1, -2, -2, -1, -2, -2, -1, -2, -2, 1, 
        -2, -2, -1, -2, -2, -1, -2, -2, 1, -2, -2, -1, -2, -2, -1, -2, -2, 1, 
        -2, -2, -1, -2, -2, -1, -2, -2, 1, -2, -2, -1, -2, -2, -1, -2, -2, 1, 
        -2, -2, -1, -2, -2, -1, -2, -2, 1, -2, -2, -1, -2, -2, -1, -2, -2, 1, 
        -2, -2, -1, -2, -2, -1, -2, -2, 1, -2, -2, -1, -2, -2, -1, -2, -2, 1, 
        -2, -2, -1, -2, -2, -1, -2, -2, 1, -2, -2, -1, -2, -2, -1, -2, -2, 1, 
        -2, -2, -1, -2, -2, -1, -2, -2, 1, -2, -2, -1, -2, -2, -1, -2, -2, 1, 
        -2, -2, -1, -2, -2, -1, -2, -2, 1, -2, -2, -1, -2, -2, -1, -2, -2, 1, 
        -2, -2, -1, -2, -2, -1, -2, -2, 1, -2, -2, -1, -2, -2, -2, -2, -2, -2, 
        -2, -2, -2, -2, -2, -2, -2, -2, -2, -2, -2, -2, -2, -2, -2, -2, -2, -2, 
        -2, -2, -2, -2, -2, -2, -2, -2, -2, -2, -2, -2, -2, -2, -2, -2, -2, -2, 
        -2, -2, -2, -2, -2, -2, -2, -2, -2, -2, -2, -2, -2, -2, -2, -2, -2, -2, 
        -2, -2, -2, -2, -2, -2, -2, -2, -2, -2, -2, -2, -2, -2, -2, -2, -2, -2, 
        -2, -2, -2, -2, -2, -2, -2, -2, -2, -2, -2, -2, -2, -2, -2, -2, -2, -2, 
        -2, -2, -2, -2, -2, -2, -2, -2, -2, -2, -2, -2, -2, -2, -2, -2, -2, -2, 
        -2, -2, -2, -2, -2, -2, -2, -2, -2, -2, -2, -2, -2, -2, -2, -2, -2, -2, 
        -2, -2, -2, -2, -2, -2, -2, -2, -2, -2, -2, -2, -2, -2, -2, -2, -2, -2, 
        -2, -2, -2, -2, -2, -2, -2, -2, -2, -2, -2, -2, -2, -2, -2, -2, -2, -2, 
        -2, -2, -2, -2, -1, -2, -2, 1, -2, -2, -1, -1, -2, -2, 1, -2, -2, -1, 
        -1, -2, -2, 1, -2, -2, -1, -2, -2, -2, -2, -1, -2, -2, 1, -2, -2, -1, 2,
        1 ],
        [ IntegerRing() | -1, 2, 2, 2, 2, 2, 2, 2, 2, 2, 2, 2, 2, 2, 2, 2, 2, 2,
        2, 2, 2, 2, 2, 2, 2, 2, 2, 2, 2, 2, 2, 2, 2, 2, 2, 2, 2, -1, -2, -2, 1, 
        -2, -2, -1, -2, -2, -1, -2, -2, 1, -2, -2, -1, -2, -2, -1, -2, -2, 1, 
        -2, -2, -1, -2, -2, -1, -2, -2, 1, -2, -2, -1, -2, -2, -1, -2, -2, 1, 
        -2, -2, -1, -2, -2, -1, -2, -2, 1, -2, -2, -1, -2, -2, -1, -2, -2, 1, 
        -2, -2, -1, -2, -2, -1, -2, -2, 1, -2, -2, -1, -2, -2, -1, -2, -2, 1, 
        -2, -2, -1, -2, -2, -1, -2, -2, 1, -2, -2, -1, -2, -2, -1, -2, -2, 1, 
        -2, -2, -1, -2, -2, -1, -2, -2, 1, -2, -2, -1, -2, -2, -1, -2, -2, 1, 
        -2, -2, -1, -2, -2, -1, -2, -2, 1, -2, -2, -1, -2, -2, -1, -2, -2, 1, 
        -2, -2, -1, -2, -2, -1, -2, -2, 1, -2, -2, -1, -2, -2, -1, -2, -2, 1, 
        -2, -2, -1, -2, -2, -1, -2, -2, 1, -2, -2, -1, -2, -2, -1, -2, -2, 1, 
        -2, -2, -1, -2, -2, -1, -2, -2, 1, -2, -2, -1, -2, -2, -1, -2, -2, 1, 
        -2, -2, -1, -2, -2, -1, -2, -2, 1, -2, -2, -1, -2, -2, -1, -2, -2, 1, 
        -2, -2, -1, -2, -2, -1, -2, -2, 1, -2, -2, -1, -2, -2, -1, -2, -2, 1, 
        -2, -2, -1, -2, -2, -1, -2, -2, 1, -2, -2, -1, -2, -2, -1, -2, -2, 1, 
        -2, -2, -1, -2, -2, -1, -2, -2, 1, -2, -2, -1, -2, -2, -1, -2, -2, 1, 
        -2, -2, -1, -2, -2, -1, -2, -2, 1, -2, -2, -1, -2, -2, -1, -2, -2, 1, 
        -2, -2, -1, -2, -2, -1, -2, -2, 1, -2, -2, -1, -2, -2, -1, -2, -2, 1, 
        -2, -2, -1, -2, -2, -1, -2, -2, 1, -2, -2, -1, -2, -2, -1, -2, -2, 1, 
        -2, -2, -1, -2, -2, -1, -2, -2, 1, -2, -2, -1, -2, -2, -1, -2, -2, 1, 
        -2, -2, -1, -2, -2, -1, -2, -2, 1, -2, -2, -1, -2, -2, -1, -2, -2, 1, 
        -2, -2, -1, -2, -2, -1, -2, -2, 1, -2, -2, -1, -2, -2, -1, -2, -2, 1, 
        -2, -2, -1, -2, -2, -2, -2, -2, -2, -2, -2, -2, -2, -2, -2, -2, -2, -2, 
        -2, -2, -2, -2, -2, -2, -2, -2, -2, -2, -2, -2, -2, -2, -2, -2, -2, -2, 
        -2, -2, -2, -2, -2, -2, -2, -2, -2, -2, -2, -2, -2, -2, -2, -2, -2, -2, 
        -2, -2, -2, -2, -2, -2, -2, -2, -2, -2, -2, -2, -2, -2, -2, -2, -2, -2, 
        -2, -2, -2, -2, -2, -2, -2, -2, -2, -2, -2, -2, -2, -2, -2, -2, -2, -2, 
        -2, -2, -2, -2, -2, -2, -2, -2, -2, -2, -2, -2, -2, -2, -2, -2, -2, -2, 
        -2, -2, -2, -2, -2, -2, -2, -2, -2, -2, -2, -2, -2, -2, -2, -2, -2, -2, 
        -2, -2, -2, -2, -2, -2, -2, -2, -2, -2, -2, -2, -2, -2, -2, -2, -2, -2, 
        -2, -2, -2, -2, -2, -2, -2, -2, -2, -2, -2, -2, -2, -2, -2, -2, -2, -2, 
        -2, -2, -2, -2, -2, -2, -2, -2, -2, -2, -2, -2, -2, -2, -2, -2, -2, -2, 
        -2, -2, -2, -2, -2, -2, -2, -2, -2, -2, -2, -2, -2, -2, -2, -2, -2, -2, 
        -2, -2, -2, -2, -2, -2, -2, -2, -2, -2, -2, -2, -2, -2, -2, -2, -2, -2, 
        -2, -2, -2, -2, -2, -2, -2, -2, -2, -2, -2, -2, -2, -2, -2, -2, -2, -2, 
        -2, -2, -2, -2, -2, -2, -2, -2, -2, -2, -2, -2, -2, -2, -2, -2, -2, -2, 
        -2, -2, -2, -2, -2, -1, -2, -2, 1, -2, -2, -1, -2, -2, -1, -2, -2, 1, 
        -2, -2, -1, -1, -2, -2, 1, -2, -2, -1, -2, -2, 1, 1, 1, -2, -2 ],
        [ IntegerRing() | -1, 2, 2, 2, 2, 2, 2, 2, 2, 2, 2, 2, 2, 2, 2, 2, 2, 2,
        2, 2, 2, 2, 2, 2, 2, 2, 2, 2, 2, 2, 2, 2, 2, 2, 2, 2, 2, -1, -2, -2, 1, 
        -2, -2, -1, -2, -2, -1, -2, -2, 1, -2, -2, -1, -2, -2, -1, -2, -2, 1, 
        -2, -2, -1, -2, -2, -1, -2, -2, 1, -2, -2, -1, -2, -2, -1, -2, -2, 1, 
        -2, -2, -1, -2, -2, -1, -2, -2, 1, -2, -2, -1, -2, -2, -1, -2, -2, 1, 
        -2, -2, -1, -2, -2, -1, -2, -2, 1, -2, -2, -1, -2, -2, -1, -2, -2, 1, 
        -2, -2, -1, -2, -2, -1, -2, -2, 1, -2, -2, -1, -2, -2, -1, -2, -2, 1, 
        -2, -2, -1, -2, -2, -1, -2, -2, 1, -2, -2, -1, -2, -2, -1, -2, -2, 1, 
        -2, -2, -1, -2, -2, -1, -2, -2, 1, -2, -2, -1, -2, -2, -1, -2, -2, 1, 
        -2, -2, -1, -2, -2, -1, -2, -2, 1, -2, -2, -1, -2, -2, -1, -2, -2, 1, 
        -2, -2, -1, -2, -2, -1, -2, -2, 1, -2, -2, -1, -2, -2, -1, -2, -2, 1, 
        -2, -2, -1, -2, -2, -1, -2, -2, 1, -2, -2, -1, -2, -2, -1, -2, -2, 1, 
        -2, -2, -1, -2, -2, -1, -2, -2, 1, -2, -2, -1, -2, -2, -1, -2, -2, 1, 
        -2, -2, -1, -2, -2, -1, -2, -2, 1, -2, -2, -1, -2, -2, -1, -2, -2, 1, 
        -2, -2, -1, -2, -2, -1, -2, -2, 1, -2, -2, -1, -2, -2, -1, -2, -2, 1, 
        -2, -2, -1, -2, -2, -1, -2, -2, 1, -2, -2, -1, -2, -2, -1, -2, -2, 1, 
        -2, -2, -1, -2, -2, -1, -2, -2, 1, -2, -2, -1, -2, -2, -1, -2, -2, 1, 
        -2, -2, -1, -2, -2, -1, -2, -2, 1, -2, -2, -1, -2, -2, -1, -2, -2, 1, 
        -2, -2, -1, -2, -2, -1, -2, -2, 1, -2, -2, -1, -2, -2, -1, -2, -2, 1, 
        -2, -2, -1, -2, -2, -1, -2, -2, 1, -2, -2, -1, -2, -2, -1, -2, -2, 1, 
        -2, -2, -1, -2, -2, -1, -2, -2, 1, -2, -2, -1, -2, -2, -1, -2, -2, 1, 
        -2, -2, -1, -2, -2, -1, -2, -2, 1, -2, -2, -1, -2, -2, -1, -2, -2, 1, 
        -2, -2, -1, -2, -2, -1, -2, -2, 1, -2, -2, -1, -2, -2, -1, -2, -2, 1, 
        -2, -2, -1, -2, -2, -1, -2, -2, 1, -2, -2, -1, -2, -2, -1, -2, -2, 1, 
        -2, -2, -1, -2, -2, -1, -2, -2, 1, -2, -2, -1, -2, -2, -1, -2, -2, 1, 
        -2, -2, -1, -2, -2, -1, -2, -2, 1, -2, -2, -1, -2, -2, -1, -2, -2, 1, 
        -2, -2, -1, -2, -2, -1, -2, -2, 1, -2, -2, -1, -2, -2, -1, -2, -2, 1, 
        -2, -2, -1, -2, -2, -1, -2, -2, 1, -2, -2, -1, -2, -2, -1, -2, -2, 1, 
        -2, -2, -1, -2, -2, -1, -2, -2, 1, -2, -2, -1, -2, -2, -1, -2, -2, 1, 
        -2, -2, -1, -2, -2, -1, -2, -2, 1, -2, -2, -1, -2, -2, -1, -2, -2, 1, 
        -2, -2, -1, -2, -2, -1, -2, -2, 1, -2, -2, -1, -2, -2, -1, -2, -2, 1, 
        -2, -2, -1, -2, -2, -1, -2, -2, 1, -2, -2, -1, -2, -2, -1, -2, -2, 1, 
        -2, -2, -1, -2, -2, -1, -2, -2, 1, -2, -2, -1, -2, -2, -1, -2, -2, 1, 
        -2, -2, -1, -2, -2, -1, -2, -2, 1, -2, -2, -1, -2, -2, -1, -2, -2, 1, 
        -2, -2, -1, -2, -2, -1, -2, -2, 1, -2, -2, -1, -2, -2, -1, -2, -2, 1, 
        -2, -2, -1, -2, -2, -1, -2, -2, 1, -2, -2, -1, -2, -2, -2, -2, -2, -2, 
        -2, -2, -2, -2, -2, -2, -2, -2, -2, -2, -2, -2, -2, -2, -2, -2, -2, -2, 
        -2, -2, -2, -2, -2, -2, -2, -2, -2, -2, -2, -2, -2, -2, -2, -2, -2, -2, 
        -2, -2, -2, -2, -2, -2, -2, -2, -2, -2, -2, -2, -2, -2, -2, -2, -2, -2, 
        -2, -2, -2, -2, -2, -2, -2, -2, -2, -2, -2, -2, -2, -2, -2, -2, -2, -2, 
        -2, -2, -2, -2, -2, -2, -2, -2, -2, -2, -2, -2, -2, -2, -2, -2, -2, -2, 
        -2, -2, -2, -2, -2, -2, -2, -2, -2, -2, -2, -2, -2, -2, -2, -2, -2, -2, 
        -2, -2, -2, -2, -2, -2, -2, -2, -2, -2, -2, -2, -2, -2, -2, -2, -2, -2, 
        -2, -2, -2, -2, -2, -2, -2, -2, -2, -2, -2, -2, -2, -2, -2, -2, -2, -2, 
        -2, -2, -2, -2, -2, -2, -2, -2, -2, -2, -2, -2, -2, -2, -1, -2, -2, 1, 
        -2, -2, -1, -1, -2, -2, 1, -2, -2, -1, -1, -2, -2, 1, -2, -2, -1, -1, 
        -2, -2, 1, -2, -2, -1, -2, -2, 1 ],
        [ IntegerRing() | -1, 2, 2, 2, 2, 2, 2, 2, 2, 2, 2, 2, 2, 2, 2, 2, 2, 2,
        2, 2, 2, 2, 2, 2, 2, 2, 2, 2, 2, 2, 2, 2, 2, 2, 2, 2, 2, -1, -2, -2, 1, 
        -2, -2, -1, -2, -2, -1, -2, -2, 1, -2, -2, -1, -2, -2, -1, -2, -2, 1, 
        -2, -2, -1, -2, -2, -1, -2, -2, 1, -2, -2, -1, -2, -2, -1, -2, -2, 1, 
        -2, -2, -1, -2, -2, -1, -2, -2, 1, -2, -2, -1, -2, -2, -1, -2, -2, 1, 
        -2, -2, -1, -2, -2, -1, -2, -2, 1, -2, -2, -1, -2, -2, -1, -2, -2, 1, 
        -2, -2, -1, -2, -2, -1, -2, -2, 1, -2, -2, -1, -2, -2, -1, -2, -2, 1, 
        -2, -2, -1, -2, -2, -1, -2, -2, 1, -2, -2, -1, -2, -2, -1, -2, -2, 1, 
        -2, -2, -1, -2, -2, -1, -2, -2, 1, -2, -2, -1, -2, -2, -1, -2, -2, 1, 
        -2, -2, -1, -2, -2, -1, -2, -2, 1, -2, -2, -1, -2, -2, -1, -2, -2, 1, 
        -2, -2, -1, -2, -2, -1, -2, -2, 1, -2, -2, -1, -2, -2, -1, -2, -2, 1, 
        -2, -2, -1, -2, -2, -1, -2, -2, 1, -2, -2, -1, -2, -2, -1, -2, -2, 1, 
        -2, -2, -1, -2, -2, -1, -2, -2, 1, -2, -2, -1, -2, -2, -1, -2, -2, 1, 
        -2, -2, -1, -2, -2, -1, -2, -2, 1, -2, -2, -1, -2, -2, -1, -2, -2, 1, 
        -2, -2, -1, -2, -2, -1, -2, -2, 1, -2, -2, -1, -2, -2, -1, -2, -2, 1, 
        -2, -2, -1, -2, -2, -1, -2, -2, 1, -2, -2, -1, -2, -2, -1, -2, -2, 1, 
        -2, -2, -1, -2, -2, -1, -2, -2, 1, -2, -2, -1, -2, -2, -1, -2, -2, 1, 
        -2, -2, -1, -2, -2, -1, -2, -2, 1, -2, -2, -1, -2, -2, -1, -2, -2, 1, 
        -2, -2, -1, -2, -2, -1, -2, -2, 1, -2, -2, -1, -2, -2, -1, -2, -2, 1, 
        -2, -2, -1, -2, -2, -1, -2, -2, 1, -2, -2, -1, -2, -2, -1, -2, -2, 1, 
        -2, -2, -1, -2, -2, -1, -2, -2, 1, -2, -2, -1, -2, -2, -1, -2, -2, 1, 
        -2, -2, -1, -2, -2, -1, -2, -2, 1, -2, -2, -1, -2, -2, -1, -2, -2, 1, 
        -2, -2, -1, -2, -2, -1, -2, -2, 1, -2, -2, -1, -2, -2, -1, -2, -2, 1, 
        -2, -2, -1, -2, -2, -1, -2, -2, 1, -2, -2, -1, -2, -2, -1, -2, -2, 1, 
        -2, -2, -1, -2, -2, -1, -2, -2, 1, -2, -2, -1, -2, -2, -1, -2, -2, 1, 
        -2, -2, -1, -2, -2, -1, -2, -2, 1, -2, -2, -1, -2, -2, -1, -2, -2, 1, 
        -2, -2, -1, -2, -2, -1, -2, -2, 1, -2, -2, -1, -2, -2, -1, -2, -2, 1, 
        -2, -2, -1, -2, -2, -1, -2, -2, 1, -2, -2, -1, -2, -2, -1, -2, -2, 1, 
        -2, -2, -1, -2, -2, -1, -2, -2, 1, -2, -2, -1, -2, -2, -1, -2, -2, 1, 
        -2, -2, -1, -2, -2, -1, -2, -2, 1, -2, -2, -1, -2, -2, -1, -2, -2, 1, 
        -2, -2, -1, -2, -2, -1, -2, -2, 1, -2, -2, -1, -2, -2, -1, -2, -2, 1, 
        -2, -2, -1, -2, -2, -1, -2, -2, 1, -2, -2, -1, -2, -2, -1, -2, -2, 1, 
        -2, -2, -1, -2, -2, -1, -2, -2, 1, -2, -2, -1, -2, -2, -1, -2, -2, 1, 
        -2, -2, -1, -2, -2, -1, -2, -2, 1, -2, -2, -1, -2, -2, -1, -2, -2, 1, 
        -2, -2, -1, -2, -2, -2, -2, -2, -2, -2, -2, -2, -2, -2, -2, -2, -2, -2, 
        -2, -2, -2, -2, -2, -2, -2, -2, -2, -2, -2, -2, -2, -2, -2, -2, -2, -2, 
        -2, -2, -2, -2, -2, -2, -2, -2, -2, -2, -2, -2, -2, -2, -2, -2, -2, -2, 
        -2, -2, -2, -2, -2, -2, -2, -2, -2, -2, -2, -2, -2, -2, -2, -2, -2, -2, 
        -2, -2, -2, -2, -2, -2, -2, -2, -2, -2, -2, -2, -2, -2, -2, -2, -2, -2, 
        -2, -2, -2, -2, -2, -2, -2, -2, -2, -2, -2, -2, -2, -2, -2, -2, -2, -2, 
        -2, -1, -2, -2, 1, -2, -2, -1, -2, -2, -1, -2, -2, 1, -2, -2, -1, -1, 
        -2, -2, 1, -2, -2, -1, -2, -2, 1, 1, 1 ]
    ], level := 222, genus := 16, index := 228, contains_minus_one := true, 
    subgroups := [], supergroups := [ IntegerRing() | 5, 874, 1899 ], name := 
    "222A16", label := "A", order := 31968, GLZConj := 1, matgens := [ 
        PowerSequence(IntegerRing(222)) |
        [ IntegerRing(222) | 37, 168, 24, 187 ],
        [ IntegerRing(222) | 43, 114, 81, 127 ],
        [ IntegerRing(222) | 75, 74, 148, 75 ],
        [ IntegerRing(222) | 91, 156, 216, 19 ],
        [ IntegerRing(222) | 112, 111, 111, 1 ],
        [ IntegerRing(222) | 115, 60, 66, 19 ],
        [ IntegerRing(222) | 149, 0, 0, 149 ],
        [ IntegerRing(222) | 149, 74, 74, 1 ],
        [ IntegerRing(222) | 205, 66, 6, 55 ]
    ], cusps := [ IntegerRing() | 6, 222 ], c2 := [ IntegerRing() | 1, 1, 1, 1, 
    1, 1, 1, 1, 1, 1, 1, 1, 2, 2, 2, 2, 2, 2, 2, 2, 2, 2, 2, 2, 2, 2, 2, 2, 2, 
    2, 2, 2, 2, 2, 2, 2, 2, 2, 2, 2, 2, 2, 2, 2, 2, 2, 2, 2, 2, 2, 2, 2, 2, 2, 
    2, 2, 2, 2, 2, 2, 2, 2, 2, 2, 2, 2, 2, 2, 2, 2, 2, 2, 2, 2, 2, 2, 2, 2, 2, 
    2, 2, 2, 2, 2, 2, 2, 2, 2, 2, 2, 2, 2, 2, 2, 2, 2, 2, 2, 2, 2, 2, 2, 2, 2, 
    2, 2, 2, 2, 2, 2, 2, 2, 2, 2, 2, 2, 2, 2, 2, 2 ], c3 := [ IntegerRing() | 3,
    3, 3, 3, 3, 3, 3, 3, 3, 3, 3, 3, 3, 3, 3, 3, 3, 3, 3, 3, 3, 3, 3, 3, 3, 3, 
    3, 3, 3, 3, 3, 3, 3, 3, 3, 3, 3, 3, 3, 3, 3, 3, 3, 3, 3, 3, 3, 3, 3, 3, 3, 
    3, 3, 3, 3, 3, 3, 3, 3, 3, 3, 3, 3, 3, 3, 3, 3, 3, 3, 3, 3, 3, 3, 3, 3, 3 ],
    gc := [ IntegerRing() | 1, 1, 36 ], special_name := [], special_name_html :=
    [], direct_subgroups := [], direct_supergroups := [ IntegerRing() | 874, 
    1899 ], length := 38, treename := [ PowerSequence(IntegerRing()) |
        [ IntegerRing() | 444, 4, 7, 19 ],
        [ IntegerRing() | 444, 4, 11, 7 ]
    ], treesupergroups := [ PowerSequence(IntegerRing()) |
        [ IntegerRing() | 444, 4, 7 ],
        [ IntegerRing() | 444, 4, 11 ],
        [ IntegerRing() | 300, 6 ]
    ]>,
    rec<recformat<generators: SeqEnum, level: IntegerRing(), genus: 
    IntegerRing(), index: IntegerRing(), contains_minus_one: BoolElt, subgroups:
    SeqEnum, supergroups: SeqEnum, name: MonStgElt, label: MonStgElt, order: 
    IntegerRing(), GLZConj: IntegerRing(), matgens: SeqEnum, cusps: SeqEnum, c2:
    SeqEnum, c3: SeqEnum, gc: SeqEnum, projections: SeqEnum, special_name: 
    SeqEnum, special_name_html: SeqEnum, direct_subgroups: SeqEnum, 
    direct_supergroups: SeqEnum, length: IntegerRing(), treename: SeqEnum, 
    treesupergroups: SeqEnum> | generators := [ PowerSequence(IntegerRing()) |
        [ IntegerRing() | -1, 2, 2, 2, 2, 2, 2, 2, 2, 2, 2, 2, 2, 2, 2, 2, 2, 2,
        2, 2, 2, 2, 2, 2, 2, 2, 2, 2, 2, 2, 2, 2, 2, 2, 2, 2, 2, -1, -2, -2, 1, 
        -2, -2, -1, -2, -2, -2, -2, -2, -2, -2, -2, -2, -2, -2, -2, -2, -2, -2, 
        -2, -2, -2, -2, -2, -2, -2, -2, -2, -2, -2, -2, -2, -2, -2, -2, -2, -2, 
        -2, -2, -2, -2, -2, 1, -2, -2, -2 ],
        [ IntegerRing() | -1, 2, 2, 2, 2, 2, 2, 2, 2, 2, 2, 2, 2, 2, 2, 2, 2, 2,
        2, 2, 2, 2, 2, 2, 2, 2, 2, 2, 2, 2, 2, 2, 2, 2, 2, 2, 2, -1, -2, -2, 1, 
        -2, -2, -1, -2, -2, -1, -2, -2, 1, -2, -2, -1, -2, -2, -1, -2, -2, 1, 
        -2, -2, -1, -2, -2, -1, -2, -2, 1, -2, -2, -1, -2, -2, -1, -2, -2, 1, 
        -2, -2, -1, -2, -2, -1, -2, -2, 1, -2, -2, -1, -2, -2, -1, -2, -2, 1, 
        -2, -2, -1, -2, -2, -1, -2, -2, 1, -2, -2, -1, -2, -2, -1, -2, -2, 1, 
        -2, -2, -1, -2, -2, -1, -2, -2, 1, -2, -2, -1, -2, -2, -1, -2, -2, 1, 
        -2, -2, -1, -2, -2, -1, -2, -2, 1, -2, -2, -1, -2, -2, -1, -2, -2, 1, 
        -2, -2, -1, -2, -2, -1, -2, -2, 1, -2, -2, -1, -2, -2, -1, -2, -2, 1, 
        -2, -2, -1, -2, -2, -1, -2, -2, 1, -2, -2, -1, -2, -2, -1, -2, -2, 1, 
        -2, -2, -1, -2, -2, -1, -2, -2, 1, -2, -2, -1, -2, -2, -1, -2, -2, 1, 
        -2, -2, -1, -2, -2, -1, -2, -2, 1, -2, -2, -1, -2, -2, -1, -2, -2, 1, 
        -2, -2, -1, -2, -2, -1, -2, -2, 1, -2, -2, -1, -2, -2, -1, -2, -2, 1, 
        -2, -2, -1, -2, -2, -1, -2, -2, 1, -2, -2, -1, -2, -2, -1, -2, -2, 1, 
        -2, -2, -1, -2, -2, -1, -2, -2, 1, -2, -2, -1, -2, -2, -1, -2, -2, 1, 
        -2, -2, -1, -2, -2, -1, -2, -2, 1, -2, -2, -1, -2, -2, -1, -2, -2, 1, 
        -2, -2, -1, -2, -2, -1, -2, -2, 1, -2, -2, -1, -2, -2, -1, -2, -2, 1, 
        -2, -2, -1, -2, -2, -1, -2, -2, 1, -2, -2, -1, -2, -2, -1, -2, -2, 1, 
        -2, -2, -1, -2, -2, -1, -2, -2, 1, -2, -2, -1, -2, -2, -1, -2, -2, 1, 
        -2, -2, -1, -2, -2, -1, -2, -2, 1, -2, -2, -1, -2, -2, -1, -2, -2, 1, 
        -2, -2, -1, -2, -2, -1, -2, -2, 1, -2, -2, -1, -2, -2, -1, -2, -2, 1, 
        -2, -2, -1, -2, -2, -1, -2, -2, 1, -2, -2, -1, -2, -2, -1, -2, -2, 1, 
        -2, -2, -1, -2, -2, -1, -2, -2, 1, -2, -2, -1, -2, -2, -1, -2, -2, 1, 
        -2, -2, -1, -2, -2, -1, -2, -2, 1, -2, -2, -1, -2, -2, -1, -2, -2, 1, 
        -2, -2, -1, -2, -2, -1, -2, -2, 1, -2, -2, -1, -2, -2, -1, -2, -2, 1, 
        -2, -2, -1, -2, -2, -2, -2, -2, -2, -2, -2, -2, -2, -2, -2, -2, -2, -2, 
        -2, -2, -2, -2, -2, -2, -2, -2, -2, -2, -2, -2, -2, -2, -2, -2, -2, -2, 
        -2, -2, -2, -2, -2, -2, -2, -2, -2, -2, -2, -2, -2, -2, -2, -2, -2, -2, 
        -2, -2, -2, -2, -2, -2, -2, -2, -2, -2, -2, -2, -2, -2, -2, -2, -2, -2, 
        -2, -2, -2, -2, -2, -2, -2, -2, -2, -2, -2, -2, -2, -2, -2, -2, -2, -2, 
        -2, -2, -2, -2, -2, -2, -2, -2, -2, -2, -2, -2, -2, -2, -2, -2, -2, -2, 
        -2, -2, -2, -2, -2, -2, -2, -2, -2, -2, -2, -2, -2, -2, -2, -2, -2, -2, 
        -2, -2, -2, -2, -2, -2, -2, -2, -2, -1, -2, -2, 1, -2, -2, -1, -1, -2, 
        -2, 1, -2, -2, -1, -1, -2, -2, 1, -2, -2, -1, 2, 1 ],
        [ IntegerRing() | -1, 2, 2, 2, 2, 2, 2, 2, 2, 2, 2, 2, 2, 2, 2, 2, 2, 2,
        2, 2, 2, 2, 2, 2, 2, 2, 2, 2, 2, 2, 2, 2, 2, 2, 2, 2, 2, -1, -2, -2, 1, 
        -2, -2, -1, -2, -2, -1, -2, -2, 1, -2, -2, -1, -2, -2, -1, -2, -2, 1, 
        -2, -2, -1, -2, -2, -1, -2, -2, 1, -2, -2, -1, -2, -2, -1, -2, -2, 1, 
        -2, -2, -1, -2, -2, -1, -2, -2, 1, -2, -2, -1, -2, -2, -1, -2, -2, 1, 
        -2, -2, -1, -2, -2, -1, -2, -2, 1, -2, -2, -1, -2, -2, -1, -2, -2, 1, 
        -2, -2, -1, -2, -2, -1, -2, -2, 1, -2, -2, -1, -2, -2, -1, -2, -2, 1, 
        -2, -2, -1, -2, -2, -1, -2, -2, 1, -2, -2, -1, -2, -2, -1, -2, -2, 1, 
        -2, -2, -1, -2, -2, -1, -2, -2, 1, -2, -2, -1, -2, -2, -1, -2, -2, 1, 
        -2, -2, -1, -2, -2, -1, -2, -2, 1, -2, -2, -1, -2, -2, -1, -2, -2, 1, 
        -2, -2, -1, -2, -2, -1, -2, -2, 1, -2, -2, -1, -2, -2, -1, -2, -2, 1, 
        -2, -2, -1, -2, -2, -1, -2, -2, 1, -2, -2, -1, -2, -2, -1, -2, -2, 1, 
        -2, -2, -1, -2, -2, -1, -2, -2, 1, -2, -2, -1, -2, -2, -1, -2, -2, 1, 
        -2, -2, -1, -2, -2, -1, -2, -2, 1, -2, -2, -1, -2, -2, -1, -2, -2, 1, 
        -2, -2, -1, -2, -2, -1, -2, -2, 1, -2, -2, -1, -2, -2, -1, -2, -2, 1, 
        -2, -2, -1, -2, -2, -1, -2, -2, 1, -2, -2, -1, -2, -2, -1, -2, -2, 1, 
        -2, -2, -1, -2, -2, -1, -2, -2, 1, -2, -2, -1, -2, -2, -1, -2, -2, 1, 
        -2, -2, -1, -2, -2, -1, -2, -2, 1, -2, -2, -1, -2, -2, -1, -2, -2, 1, 
        -2, -2, -1, -2, -2, -1, -2, -2, 1, -2, -2, -1, -2, -2, -1, -2, -2, 1, 
        -2, -2, -1, -2, -2, -1, -2, -2, 1, -2, -2, -1, -2, -2, -1, -2, -2, 1, 
        -2, -2, -1, -2, -2, -1, -2, -2, 1, -2, -2, -1, -2, -2, -1, -2, -2, 1, 
        -2, -2, -1, -2, -2, -1, -2, -2, 1, -2, -2, -1, -2, -2, -1, -2, -2, 1, 
        -2, -2, -1, -2, -2, -1, -2, -2, 1, -2, -2, -1, -2, -2, -1, -2, -2, 1, 
        -2, -2, -1, -2, -2, -1, -2, -2, 1, -2, -2, -1, -2, -2, -1, -2, -2, 1, 
        -2, -2, -1, -2, -2, -1, -2, -2, 1, -2, -2, -1, -2, -2, -1, -2, -2, 1, 
        -2, -2, -1, -2, -2, -1, -2, -2, 1, -2, -2, -1, -2, -2, -1, -2, -2, 1, 
        -2, -2, -1, -2, -2, -1, -2, -2, 1, -2, -2, -1, -2, -2, -1, -2, -2, 1, 
        -2, -2, -1, -2, -2, -2, -2, -2, -2, -2, -2, -2, -2, -2, -2, -2, -2, -2, 
        -2, -2, -2, -2, -2, -2, -2, -2, -2, -2, -2, -2, -2, -2, -2, -2, -2, -2, 
        -2, -2, -2, -2, -2, -2, -2, -2, -2, -2, -2, -2, -2, -2, -2, -2, -2, -2, 
        -2, -2, -2, -2, -2, -2, -2, -2, -2, -2, -2, -2, -2, -2, -2, -2, -2, -2, 
        -2, -2, -2, -2, -2, -2, -2, -2, -2, -2, -2, -2, -2, -2, -2, -2, -2, -2, 
        -2, -2, -2, -2, -2, -2, -2, -2, -2, -2, -2, -2, -2, -2, -2, -2, -2, -2, 
        -2, -2, -2, -2, -2, -2, -2, -2, -2, -2, -2, -2, -2, -2, -2, -2, -2, -2, 
        -2, -2, -2, -2, -2, -2, -2, -2, -2, -2, -2, -2, -2, -2, -2, -2, -2, -2, 
        -2, -2, -2, -2, -2, -2, -2, -2, -2, -2, -2, -2, -2, -2, -2, -2, -2, -2, 
        -2, -2, -2, -2, -2, -2, -2, -1, -2, -2, 1, -2, -2, -1, -2, -2, -2, -2, 1
        ],
        [ IntegerRing() | -1, 2, 2, 2, 2, 2, 2, 2, 2, 2, 2, 2, 2, 2, 2, 2, 2, 2,
        2, 2, 2, 2, 2, 2, 2, 2, 2, 2, 2, 2, 2, 2, 2, 2, 2, 2, 2, -1, -2, -2, 1, 
        -2, -2, -1, -2, -2, -1, -2, -2, 1, -2, -2, -1, -2, -2, -1, -2, -2, 1, 
        -2, -2, -1, -2, -2, -1, -2, -2, 1, -2, -2, -1, -2, -2, -1, -2, -2, 1, 
        -2, -2, -1, -2, -2, -1, -2, -2, 1, -2, -2, -1, -2, -2, -1, -2, -2, 1, 
        -2, -2, -1, -2, -2, -1, -2, -2, 1, -2, -2, -1, -2, -2, -1, -2, -2, 1, 
        -2, -2, -1, -2, -2, -1, -2, -2, 1, -2, -2, -1, -2, -2, -1, -2, -2, 1, 
        -2, -2, -1, -2, -2, -1, -2, -2, 1, -2, -2, -1, -2, -2, -1, -2, -2, 1, 
        -2, -2, -1, -2, -2, -1, -2, -2, 1, -2, -2, -1, -2, -2, -1, -2, -2, 1, 
        -2, -2, -1, -2, -2, -1, -2, -2, 1, -2, -2, -1, -2, -2, -1, -2, -2, 1, 
        -2, -2, -1, -2, -2, -1, -2, -2, 1, -2, -2, -1, -2, -2, -1, -2, -2, 1, 
        -2, -2, -1, -2, -2, -1, -2, -2, 1, -2, -2, -1, -2, -2, -1, -2, -2, 1, 
        -2, -2, -1, -2, -2, -1, -2, -2, 1, -2, -2, -1, -2, -2, -1, -2, -2, 1, 
        -2, -2, -1, -2, -2, -1, -2, -2, 1, -2, -2, -1, -2, -2, -1, -2, -2, 1, 
        -2, -2, -1, -2, -2, -1, -2, -2, 1, -2, -2, -1, -2, -2, -1, -2, -2, 1, 
        -2, -2, -1, -2, -2, -1, -2, -2, 1, -2, -2, -1, -2, -2, -1, -2, -2, 1, 
        -2, -2, -1, -2, -2, -1, -2, -2, 1, -2, -2, -1, -2, -2, -1, -2, -2, 1, 
        -2, -2, -1, -2, -2, -1, -2, -2, 1, -2, -2, -1, -2, -2, -1, -2, -2, 1, 
        -2, -2, -1, -2, -2, -1, -2, -2, 1, -2, -2, -1, -2, -2, -1, -2, -2, 1, 
        -2, -2, -1, -2, -2, -1, -2, -2, 1, -2, -2, -1, -2, -2, -1, -2, -2, 1, 
        -2, -2, -1, -2, -2, -1, -2, -2, 1, -2, -2, -1, -2, -2, -1, -2, -2, 1, 
        -2, -2, -1, -2, -2, -1, -2, -2, 1, -2, -2, -1, -2, -2, -1, -2, -2, 1, 
        -2, -2, -1, -2, -2, -1, -2, -2, 1, -2, -2, -1, -2, -2, -1, -2, -2, 1, 
        -2, -2, -1, -2, -2, -1, -2, -2, 1, -2, -2, -1, -2, -2, -1, -2, -2, 1, 
        -2, -2, -1, -2, -2, -1, -2, -2, 1, -2, -2, -1, -2, -2, -1, -2, -2, 1, 
        -2, -2, -1, -2, -2, -1, -2, -2, 1, -2, -2, -1, -2, -2, -1, -2, -2, 1, 
        -2, -2, -1, -2, -2, -1, -2, -2, 1, -2, -2, -1, -2, -2, -2, -2, -2, -2, 
        -2, -2, -2, -2, -2, -2, -2, -2, -2, -2, -2, -2, -2, -2, -2, -2, -2, -2, 
        -2, -2, -2, -2, -2, -2, -2, -2, -2, -2, -2, -2, -2, -2, -2, -2, -2, -2, 
        -2, -2, -2, -2, -2, -2, -2, -2, -2, -2, -2, -2, -2, -2, -2, -2, -2, -2, 
        -2, -2, -2, -2, -2, -2, -2, -2, -2, -2, -2, -2, -2, -2, -2, -2, -2, -2, 
        -2, -2, -2, -2, -2, -2, -2, -2, -2, -2, -2, -2, -2, -2, -2, -2, -2, -2, 
        -2, -2, -2, -2, -2, -2, -2, -2, -2, -2, -2, -2, -2, -2, -2, -2, -2, -2, 
        -2, -2, -2, -2, -2, -2, -2, -2, -2, -2, -2, -2, -2, -2, -2, -2, -2, -2, 
        -2, -2, -2, -2, -2, -2, -2, -2, -2, -2, -2, -2, -2, -2, -2, -2, -2, -2, 
        -2, -2, -2, -2, -2, -2, -2, -2, -2, -2, -2, -2, -2, -2, -2, -2, -2, -2, 
        -2, -2, -2, -2, -2, -2, -2, -2, -2, -2, -2, -2, -2, -2, -2, -2, -2, -2, 
        1, -2, -2 ],
        [ IntegerRing() | -1, 2, 2, 2, 2, 2, 2, 2, 2, 2, 2, 2, 2, 2, 2, 2, 2, 2,
        2, 2, 2, 2, 2, 2, 2, 2, 2, 2, 2, 2, 2, 2, 2, 2, 2, 2, 2, -1, -2, -2, 1, 
        -2, -2, -1, -2, -2, -1, -2, -2, 1, -2, -2, -1, -2, -2, -1, -2, -2, 1, 
        -2, -2, -1, -2, -2, -1, -2, -2, 1, -2, -2, -1, -2, -2, -1, -2, -2, 1, 
        -2, -2, -1, -2, -2, -1, -2, -2, 1, -2, -2, -1, -2, -2, -1, -2, -2, 1, 
        -2, -2, -1, -2, -2, -1, -2, -2, 1, -2, -2, -1, -2, -2, -1, -2, -2, 1, 
        -2, -2, -1, -2, -2, -1, -2, -2, 1, -2, -2, -1, -2, -2, -1, -2, -2, 1, 
        -2, -2, -1, -2, -2, -1, -2, -2, 1, -2, -2, -1, -2, -2, -1, -2, -2, 1, 
        -2, -2, -1, -2, -2, -1, -2, -2, 1, -2, -2, -1, -2, -2, -1, -2, -2, 1, 
        -2, -2, -1, -2, -2, -1, -2, -2, 1, -2, -2, -1, -2, -2, -1, -2, -2, 1, 
        -2, -2, -1, -2, -2, -1, -2, -2, 1, -2, -2, -1, -2, -2, -1, -2, -2, 1, 
        -2, -2, -1, -2, -2, -1, -2, -2, 1, -2, -2, -1, -2, -2, -1, -2, -2, 1, 
        -2, -2, -1, -2, -2, -1, -2, -2, 1, -2, -2, -1, -2, -2, -1, -2, -2, 1, 
        -2, -2, -1, -2, -2, -1, -2, -2, 1, -2, -2, -1, -2, -2, -1, -2, -2, 1, 
        -2, -2, -1, -2, -2, -1, -2, -2, 1, -2, -2, -1, -2, -2, -1, -2, -2, 1, 
        -2, -2, -1, -2, -2, -1, -2, -2, 1, -2, -2, -1, -2, -2, -1, -2, -2, 1, 
        -2, -2, -1, -2, -2, -1, -2, -2, 1, -2, -2, -1, -2, -2, -1, -2, -2, 1, 
        -2, -2, -1, -2, -2, -1, -2, -2, 1, -2, -2, -1, -2, -2, -1, -2, -2, 1, 
        -2, -2, -1, -2, -2, -1, -2, -2, 1, -2, -2, -1, -2, -2, -1, -2, -2, 1, 
        -2, -2, -1, -2, -2, -1, -2, -2, 1, -2, -2, -1, -2, -2, -1, -2, -2, 1, 
        -2, -2, -1, -2, -2, -1, -2, -2, 1, -2, -2, -1, -2, -2, -1, -2, -2, 1, 
        -2, -2, -1, -2, -2, -1, -2, -2, 1, -2, -2, -1, -2, -2, -1, -2, -2, 1, 
        -2, -2, -1, -2, -2, -1, -2, -2, 1, -2, -2, -1, -2, -2, -1, -2, -2, 1, 
        -2, -2, -1, -2, -2, -1, -2, -2, 1, -2, -2, -1, -2, -2, -1, -2, -2, 1, 
        -2, -2, -1, -2, -2, -1, -2, -2, 1, -2, -2, -1, -2, -2, -1, -2, -2, 1, 
        -2, -2, -1, -2, -2, -1, -2, -2, 1, -2, -2, -1, -2, -2, -1, -2, -2, 1, 
        -2, -2, -1, -2, -2, -1, -2, -2, 1, -2, -2, -1, -2, -2, -1, -2, -2, 1, 
        -2, -2, -1, -2, -2, -1, -2, -2, 1, -2, -2, -1, -2, -2, -1, -2, -2, 1, 
        -2, -2, -1, -2, -2, -1, -2, -2, 1, -2, -2, -1, -2, -2, -1, -2, -2, 1, 
        -2, -2, -1, -2, -2, -1, -2, -2, 1, -2, -2, -1, -2, -2, -1, -2, -2, 1, 
        -2, -2, -1, -2, -2, -1, -2, -2, 1, -2, -2, -1, -2, -2, -1, -2, -2, 1, 
        -2, -2, -1, -2, -2, -1, -2, -2, 1, -2, -2, -1, -2, -2, -1, -2, -2, 1, 
        -2, -2, -1, -2, -2, -1, -2, -2, 1, -2, -2, -1, -2, -2, -1, -2, -2, 1, 
        -2, -2, -1, -2, -2, -1, -2, -2, 1, -2, -2, -1, -2, -2, -1, -2, -2, 1, 
        -2, -2, -1, -2, -2, -2, -2, -2, -2, -2, -2, -2, -2, -2, -2, -2, -2, -2, 
        -2, -2, -2, -2, -2, -2, -2, -2, -2, -2, -2, -2, -2, -2, -2, -2, -2, -2, 
        -2, -2, -2, -2, -2, -2, -2, -2, -2, -2, -2, -2, -2, -2, -2, -2, -2, -2, 
        -2, -2, -2, -2, -2, -2, -2, -2, -2, -2, -2, -2, -2, -2, -2, -2, -2, -2, 
        -2, -2, -2, -2, -2, -2, -2, -2, -2, -2, -2, -2, -2, -2, -2, -2, -2, -2, 
        -2, -2, -2, -2, -2, -2, -2, -2, -2, -2, -2, -2, -2, -2, -2, -2, -2, -2, 
        -2, -1, -2, -2, 1, -2, -2, -1, -2, -2, -1, -2, -2, 1, -2, -2, -1, -1, 
        -2, -2, 1, -2, -2, -1, -2, -2, 1, 1, 1 ],
        [ IntegerRing() | -1, 2, 2, 2, 2, 2, 2, 2, 2, 2, 2, 2, 2, 2, 2, 2, 2, 2,
        2, 2, 2, 2, 2, 2, 2, 2, 2, 2, 2, 2, 2, 2, 2, 2, 2, 2, 2, -1, -2, -2, 1, 
        -2, -2, -1, -2, -2, -1, -2, -2, 1, -2, -2, -1, -2, -2, -1, -2, -2, 1, 
        -2, -2, -1, -2, -2, -1, -2, -2, 1, -2, -2, -1, -2, -2, -1, -2, -2, 1, 
        -2, -2, -1, -2, -2, -1, -2, -2, 1, -2, -2, -1, -2, -2, -1, -2, -2, 1, 
        -2, -2, -1, -2, -2, -1, -2, -2, 1, -2, -2, -1, -2, -2, -1, -2, -2, 1, 
        -2, -2, -1, -2, -2, -1, -2, -2, 1, -2, -2, -1, -2, -2, -1, -2, -2, 1, 
        -2, -2, -1, -2, -2, -1, -2, -2, 1, -2, -2, -1, -2, -2, -1, -2, -2, 1, 
        -2, -2, -1, -2, -2, -2, -2, -2, -2, -2, -2, -2, -2, -2, -2, -2, -2, -2, 
        -2, -2, -2, -2, -2, -2, -2, -2, -2, -2, -2, -2, -2, -2, -2, -2, -2, -2, 
        -2, -2, -2, -2, -2, -2, -2, -2, -2, -2, -2, -2, -2, -2, -2, -2, -2, -2, 
        -2, -2, -2, -2, -2, -2, -2, -2, -2, -2, -2, -2, -2, -2, -2, -2, -2, -2, 
        -2, -2, -2, -2, -2, -2, -2, -2, -2, -2, -2, -2, -2, -2, -2, -2, -2, -2, 
        -2, -2, -2, -2, -2, -2, -2, -2, -2, -2, -2, -2, -2, -2, -2, -2, -2, -2, 
        -2, -2, -2, -2, -2, -2, -2, -2, -2, -2, -2, -2, -2, -2, -2, -2, -2, -2, 
        -2, -2, -2, -2, -2, -2, -2, -2, -2, -2, -2, -2, -2, -2, -2, -2, -2, -2, 
        -2, -2, -2, -2, -2, -2, -2, -2, -2, -2, -2, -2, -2, -2, -2, -2, -2, -2, 
        -2, -2, -2, -2, -2, -2, -2, -2, -2, -2, -2, -2, -2, -2, -2, -2, -2, -2, 
        -2, -2, -2, -2, -2, -2, -2, -2, -2, -2, -2, -2, -2, -2, -2, -2, -2, -2, 
        -2, -2, -2, -2, -2, -2, -2, -2, -2, -2, -2, -2, -2, -2, -2, -2, -2, -2, 
        -2, -2, -2, -2, -2, -2, -2, -2, -2, -2, -2, -2, -2, -2, -2, -2, -2, -2, 
        -2, -1, -2, -2, 1, -2, -2, -1, -2, -2, -1, -2, -2, 1, -2, -2, -1, -2, 
        -2, -2, -2, -1, -2, -2, 1, -2, -2, -1, -1, -2, -2, 1, -2, -2, 1 ],
        [ IntegerRing() | -1, 2, 2, 2, 2, 2, 2, 2, 2, 2, 2, 2, 2, 2, 2, 2, 2, 2,
        2, 2, 2, 2, 2, 2, 2, 2, 2, 2, 2, 2, 2, 2, 2, 2, 2, 2, 2, -1, -2, -2, 1, 
        -2, -2, -1, -2, -2, -1, -2, -2, 1, -2, -2, -1, -2, -2, -1, -2, -2, 1, 
        -2, -2, -1, -2, -2, -1, -2, -2, 1, -2, -2, -1, -2, -2, -1, -2, -2, 1, 
        -2, -2, -1, -2, -2, -1, -2, -2, 1, -2, -2, -1, -2, -2, -1, -2, -2, 1, 
        -2, -2, -1, -2, -2, -1, -2, -2, 1, -2, -2, -1, -2, -2, -1, -2, -2, 1, 
        -2, -2, -1, -2, -2, -1, -2, -2, 1, -2, -2, -1, -2, -2, -1, -2, -2, 1, 
        -2, -2, -1, -2, -2, -1, -2, -2, 1, -2, -2, -1, -2, -2, -1, -2, -2, 1, 
        -2, -2, -1, -2, -2, -1, -2, -2, 1, -2, -2, -1, -2, -2, -1, -2, -2, 1, 
        -2, -2, -1, -2, -2, -1, -2, -2, 1, -2, -2, -1, -2, -2, -1, -2, -2, 1, 
        -2, -2, -1, -2, -2, -1, -2, -2, 1, -2, -2, -1, -2, -2, -1, -2, -2, 1, 
        -2, -2, -1, -2, -2, -1, -2, -2, 1, -2, -2, -1, -2, -2, -1, -2, -2, 1, 
        -2, -2, -1, -2, -2, -1, -2, -2, 1, -2, -2, -1, -2, -2, -1, -2, -2, 1, 
        -2, -2, -1, -2, -2, -1, -2, -2, 1, -2, -2, -1, -2, -2, -1, -2, -2, 1, 
        -2, -2, -1, -2, -2, -1, -2, -2, 1, -2, -2, -1, -2, -2, -1, -2, -2, 1, 
        -2, -2, -1, -2, -2, -1, -2, -2, 1, -2, -2, -1, -2, -2, -1, -2, -2, 1, 
        -2, -2, -1, -2, -2, -1, -2, -2, 1, -2, -2, -1, -2, -2, -1, -2, -2, 1, 
        -2, -2, -1, -2, -2, -1, -2, -2, 1, -2, -2, -1, -2, -2, -1, -2, -2, 1, 
        -2, -2, -1, -2, -2, -1, -2, -2, 1, -2, -2, -1, -2, -2, -1, -2, -2, 1, 
        -2, -2, -1, -2, -2, -1, -2, -2, 1, -2, -2, -1, -2, -2, -1, -2, -2, 1, 
        -2, -2, -1, -2, -2, -1, -2, -2, 1, -2, -2, -1, -2, -2, -2, -2, -2, -2, 
        -2, -2, -2, -2, -2, -2, -2, -2, -2, -2, -2, -2, -2, -2, -2, -2, -2, -2, 
        -2, -2, -2, -2, -2, -2, -2, -2, -2, -2, -2, -2, -2, -2, -2, -2, -2, -2, 
        -2, -2, -2, -2, -2, -2, -2, -2, -2, -2, -2, -2, -2, -2, -2, -2, -2, -2, 
        -2, -2, -2, -2, -2, -2, -2, -2, -2, -2, -2, -2, -2, -2, -2, -2, -2, -2, 
        -2, -2, -2, -2, -2, -2, -2, -2, -2, -2, -2, -2, -2, -2, -1, -2, -2, 1, 
        -2, -2, -1, -2, -2, -1, -2, -2, 1, -2, -2, -1, -2, -2, 1 ],
        [ IntegerRing() | -1, 2, 2, 2, 2, 2, 2, 2, 2, 2, 2, 2, 2, 2, 2, 2, 2, 2,
        2, 2, 2, 2, 2, 2, 2, 2, 2, 2, 2, 2, 2, 2, 2, 2, 2, 2, 2, -1, -2, -2, 1, 
        -2, -2, -1, -2, -2, -1, -2, -2, 1, -2, -2, -1, -2, -2, -1, -2, -2, 1, 
        -2, -2, -1, -2, -2, -1, -2, -2, 1, -2, -2, -1, -2, -2, -1, -2, -2, 1, 
        -2, -2, -1, -2, -2, -1, -2, -2, 1, -2, -2, -1, -2, -2, -1, -2, -2, 1, 
        -2, -2, -1, -2, -2, -1, -2, -2, 1, -2, -2, -1, -2, -2, -1, -2, -2, 1, 
        -2, -2, -1, -2, -2, -1, -2, -2, 1, -2, -2, -1, -2, -2, -1, -2, -2, 1, 
        -2, -2, -1, -2, -2, -1, -2, -2, 1, -2, -2, -1, -2, -2, -1, -2, -2, 1, 
        -2, -2, -1, -2, -2, -1, -2, -2, 1, -2, -2, -1, -2, -2, -1, -2, -2, 1, 
        -2, -2, -1, -2, -2, -1, -2, -2, 1, -2, -2, -1, -2, -2, -1, -2, -2, 1, 
        -2, -2, -1, -2, -2, -1, -2, -2, 1, -2, -2, -1, -2, -2, -1, -2, -2, 1, 
        -2, -2, -1, -2, -2, -1, -2, -2, 1, -2, -2, -1, -2, -2, -1, -2, -2, 1, 
        -2, -2, -1, -2, -2, -1, -2, -2, 1, -2, -2, -1, -2, -2, -1, -2, -2, 1, 
        -2, -2, -1, -2, -2, -1, -2, -2, 1, -2, -2, -1, -2, -2, -1, -2, -2, 1, 
        -2, -2, -1, -2, -2, -1, -2, -2, 1, -2, -2, -1, -2, -2, -1, -2, -2, 1, 
        -2, -2, -1, -2, -2, -1, -2, -2, 1, -2, -2, -1, -2, -2, -1, -2, -2, 1, 
        -2, -2, -1, -2, -2, -1, -2, -2, 1, -2, -2, -1, -2, -2, -1, -2, -2, 1, 
        -2, -2, -1, -2, -2, -1, -2, -2, 1, -2, -2, -1, -2, -2, -1, -2, -2, 1, 
        -2, -2, -1, -2, -2, -1, -2, -2, 1, -2, -2, -1, -2, -2, -1, -2, -2, 1, 
        -2, -2, -1, -2, -2, -1, -2, -2, 1, -2, -2, -1, -2, -2, -1, -2, -2, 1, 
        -2, -2, -1, -2, -2, -1, -2, -2, 1, -2, -2, -1, -2, -2, -1, -2, -2, 1, 
        -2, -2, -1, -2, -2, -1, -2, -2, 1, -2, -2, -1, -2, -2, -1, -2, -2, 1, 
        -2, -2, -1, -2, -2, -1, -2, -2, 1, -2, -2, -1, -2, -2, -1, -2, -2, 1, 
        -2, -2, -1, -2, -2, -1, -2, -2, 1, -2, -2, -1, -2, -2, -1, -2, -2, 1, 
        -2, -2, -1, -2, -2, -1, -2, -2, 1, -2, -2, -1, -2, -2, -1, -2, -2, 1, 
        -2, -2, -1, -2, -2, -1, -2, -2, 1, -2, -2, -1, -2, -2, -1, -2, -2, 1, 
        -2, -2, -1, -2, -2, -1, -2, -2, 1, -2, -2, -1, -2, -2, -1, -2, -2, 1, 
        -2, -2, -1, -2, -2, -1, -2, -2, 1, -2, -2, -1, -2, -2, -1, -2, -2, 1, 
        -2, -2, -1, -2, -2, -1, -2, -2, 1, -2, -2, -1, -2, -2, -1, -2, -2, 1, 
        -2, -2, -1, -2, -2, -1, -2, -2, 1, -2, -2, -1, -2, -2, -1, -2, -2, 1, 
        -2, -2, -1, -2, -2, -1, -2, -2, 1, -2, -2, -1, -2, -2, -1, -2, -2, 1, 
        -2, -2, -1, -2, -2, -1, -2, -2, 1, -2, -2, -1, -2, -2, -1, -2, -2, 1, 
        -2, -2, -1, -2, -2, -1, -2, -2, 1, -2, -2, -1, -2, -2, -1, -2, -2, 1, 
        -2, -2, -1, -2, -2, -1, -2, -2, 1, -2, -2, -1, -2, -2, -2, -2, -2, -2, 
        -2, -2, -2, -2, -2, -2, -2, -2, -2, -2, -2, -2, -2, -2, -2, -2, -2, -2, 
        -2, -2, -2, -2, -2, -2, -2, -2, -2, -2, -2, -2, -2, -2, -2, -2, -2, -2, 
        -2, -2, -2, -2, -2, -2, -2, -2, -2, -2, -2, -2, -2, -2, -2, -2, -2, -2, 
        -2, -2, -2, -2, -2, -2, -2, -2, -2, -2, -2, -2, -2, -2, -2, -2, -2, -2, 
        -2, -2, -2, -2, -2, -2, -2, -2, -2, -2, -2, -2, -2, -2, -2, -2, -2, -2, 
        -2, -2, -2, -2, -2, -2, -2, -2, -2, -2, -2, -2, -2, -2, -2, -2, -2, -2, 
        -2, -2, -2, -2, -2, -2, -2, -2, -2, -2, -2, -2, -2, -2, -2, -2, -2, -2, 
        -2, -2, -2, -2, -2, -2, -2, -2, -2, -2, -2, -2, -2, -2, -2, -2, -2, -2, 
        -2, -2, -2, -2, -1, -2, -2, 1, -2, -2, -1, -2, -2, -2, -2, -1, -2, -2, 
        1, -2, -2, -1, -2, -2, -2, -2, 1 ],
        [ IntegerRing() | -1, 2, 2, 2, 2, 2, 2, 2, 2, 2, 2, 2, 2, 2, 2, 2, 2, 2,
        2, 2, 2, 2, 2, 2, 2, 2, 2, 2, 2, 2, 2, 2, 2, 2, 2, 2, 2, -1, -2, -2, 1, 
        -2, -2, -1, -2, -2, -1, -2, -2, 1, -2, -2, -1, -2, -2, -1, -2, -2, 1, 
        -2, -2, -1, -2, -2, -1, -2, -2, 1, -2, -2, -1, -2, -2, -1, -2, -2, 1, 
        -2, -2, -1, -2, -2, -1, -2, -2, 1, -2, -2, -1, -2, -2, -1, -2, -2, 1, 
        -2, -2, -1, -2, -2, -1, -2, -2, 1, -2, -2, -1, -2, -2, -1, -2, -2, 1, 
        -2, -2, -1, -2, -2, -1, -2, -2, 1, -2, -2, -1, -2, -2, -1, -2, -2, 1, 
        -2, -2, -1, -2, -2, -1, -2, -2, 1, -2, -2, -1, -2, -2, -1, -2, -2, 1, 
        -2, -2, -1, -2, -2, -1, -2, -2, 1, -2, -2, -1, -2, -2, -1, -2, -2, 1, 
        -2, -2, -1, -2, -2, -1, -2, -2, 1, -2, -2, -1, -2, -2, -1, -2, -2, 1, 
        -2, -2, -1, -2, -2, -1, -2, -2, 1, -2, -2, -1, -2, -2, -1, -2, -2, 1, 
        -2, -2, -1, -2, -2, -1, -2, -2, 1, -2, -2, -1, -2, -2, -1, -2, -2, 1, 
        -2, -2, -1, -2, -2, -1, -2, -2, 1, -2, -2, -1, -2, -2, -1, -2, -2, 1, 
        -2, -2, -1, -2, -2, -1, -2, -2, 1, -2, -2, -1, -2, -2, -1, -2, -2, 1, 
        -2, -2, -1, -2, -2, -1, -2, -2, 1, -2, -2, -1, -2, -2, -1, -2, -2, 1, 
        -2, -2, -1, -2, -2, -1, -2, -2, 1, -2, -2, -1, -2, -2, -1, -2, -2, 1, 
        -2, -2, -1, -2, -2, -1, -2, -2, 1, -2, -2, -1, -2, -2, -1, -2, -2, 1, 
        -2, -2, -1, -2, -2, -1, -2, -2, 1, -2, -2, -1, -2, -2, -2, -2, -2, -2, 
        -2, -2, -2, -2, -2, -2, -2, -2, -2, -2, -2, -2, -2, -2, -2, -2, -2, -2, 
        -2, -2, -2, -2, -2, -2, -2, -2, -2, -2, -2, -2, -2, -2, -2, -2, -2, -2, 
        -2, -2, -2, -2, -2, -2, -2, -2, -2, -2, -2, -2, -2, -2, -2, -2, -2, -2, 
        -2, -2, -2, -2, -2, -2, -2, -2, -2, -2, -2, -2, -2, -2, -2, -2, -2, -2, 
        -2, -2, -2, -2, -2, -2, -1, -2, -2, 1, -2, -2, -1, -2, -2, -2, -2, -1, 
        -2, -2, 1, -2, -2, -1, -2, -2, 1 ]
    ], level := 222, genus := 16, index := 228, contains_minus_one := true, 
    subgroups := [], supergroups := [ IntegerRing() | 874, 1900 ], name := 
    "222B16", label := "B", order := 31968, GLZConj := 2, matgens := [ 
        PowerSequence(IntegerRing(222)) |
        [ IntegerRing(222) | 1, 148, 148, 149 ],
        [ IntegerRing(222) | 13, 186, 150, 97 ],
        [ IntegerRing(222) | 61, 36, 72, 199 ],
        [ IntegerRing(222) | 73, 180, 27, 97 ],
        [ IntegerRing(222) | 75, 148, 74, 75 ],
        [ IntegerRing(222) | 85, 174, 52, 49 ],
        [ IntegerRing(222) | 112, 111, 111, 1 ],
        [ IntegerRing(222) | 121, 42, 6, 103 ],
        [ IntegerRing(222) | 149, 0, 0, 149 ]
    ], cusps := [ IntegerRing() | 6, 222 ], c2 := [ IntegerRing() | 1, 1, 1, 1, 
    1, 1, 1, 1, 1, 1, 1, 1, 2, 2, 2, 2, 2, 2, 2, 2, 2, 2, 2, 2, 2, 2, 2, 2, 2, 
    2, 2, 2, 2, 2, 2, 2, 2, 2, 2, 2, 2, 2, 2, 2, 2, 2, 2, 2, 2, 2, 2, 2, 2, 2, 
    2, 2, 2, 2, 2, 2, 2, 2, 2, 2, 2, 2, 2, 2, 2, 2, 2, 2, 2, 2, 2, 2, 2, 2, 2, 
    2, 2, 2, 2, 2, 2, 2, 2, 2, 2, 2, 2, 2, 2, 2, 2, 2, 2, 2, 2, 2, 2, 2, 2, 2, 
    2, 2, 2, 2, 2, 2, 2, 2, 2, 2, 2, 2, 2, 2, 2, 2 ], c3 := [ IntegerRing() | 3,
    3, 3, 3, 3, 3, 3, 3, 3, 3, 3, 3, 3, 3, 3, 3, 3, 3, 3, 3, 3, 3, 3, 3, 3, 3, 
    3, 3, 3, 3, 3, 3, 3, 3, 3, 3, 3, 3, 3, 3, 3, 3, 3, 3, 3, 3, 3, 3, 3, 3, 3, 
    3, 3, 3, 3, 3, 3, 3, 3, 3, 3, 3, 3, 3, 3, 3, 3, 3, 3, 3, 3, 3, 3, 3, 3, 3 ],
    gc := [ IntegerRing() | 2, 2, 72 ], special_name := [], special_name_html :=
    [], direct_subgroups := [], direct_supergroups := [ IntegerRing() | 874, 
    1900 ], length := 38, treename := [ PowerSequence(IntegerRing()) |
        [ IntegerRing() | 444, 4, 4, 6 ],
        [ IntegerRing() | 444, 4, 11, 4 ],
        [ IntegerRing() | 444, 4, 11, 5 ]
    ], treesupergroups := [ PowerSequence(IntegerRing()) |
        [ IntegerRing() | 444, 4, 4 ],
        [ IntegerRing() | 444, 4, 11 ],
        [ IntegerRing() | 444, 4, 11 ]
    ]>
]
;

