// list of all congruence groups with genus  12
// with  48 <= level < 56
//
// by c cummins and s pauli
// load "csg12-lev40.dat";
import "csg12-lev40.dat" : L12_40;
L12_48 := L12_40 cat 
[ PowerStructure(Rec) |
    rec<recformat<generators: SeqEnum, level: IntegerRing(), genus: 
    IntegerRing(), index: IntegerRing(), contains_minus_one: BoolElt, subgroups:
    SeqEnum, supergroups: SeqEnum, name: MonStgElt, label: MonStgElt, order: 
    IntegerRing(), GLZConj: IntegerRing(), matgens: SeqEnum, cusps: SeqEnum, c2:
    SeqEnum, c3: SeqEnum, gc: SeqEnum, projections: SeqEnum, special_name: 
    SeqEnum, special_name_html: SeqEnum, direct_subgroups: SeqEnum, 
    direct_supergroups: SeqEnum, length: IntegerRing(), treename: SeqEnum, 
    treesupergroups: SeqEnum> | generators := [ PowerSequence(IntegerRing()) |
        [ IntegerRing() | -1, -1, 2, 2, 2, 2, 2, 2, 2, 2, 2, 2, 2, 2, 2, 2, 2, 
        2, 1, 2, 2, 2, 2, 2, 2, 2, 2, 2, 2, 2, 2, 2, 2, 2, 2, -1, 2, 2, 2, 2, 2,
        2, 2, 2, 2, 2, 2, 2, 2, 2, 2, 2, 1, 1 ],
        [ IntegerRing() | -1, 2, 2, 2, 2, 2, 2, 2, 2, 2, 2, 2, 2, 2, 2, 2, 2, 2,
        2, 2, 2, 2, 2, 2, 2, 2, 2, 2, 2, 2, 2, 2, 2, -1, 2, 2, 2, 2, 2, 2, 2, 2,
        2, 2, 2, 2, 2, 2, 2, 2, 1, 1 ],
        [ IntegerRing() | -1, 2, 2, 2, 2, 2, 2, 2, 2, 2, 2, 2, 2, 2, 2, 2, 2, 2,
        2, 2, 2, 2, 2, 2, 2, 2, 2, 2, 2, 2, 2, 2, 2, -1, 2, 2, 2, 2, 2, 2, 2, 2,
        2, 2, 2, 2, 2, 2, 2, 2, 1, -2, -2, -2, -2, -2, -2, 1, 1, 1, -2, -2, -2, 
        -2, 1, -2, -2, 1, -2, -2, -2, -2, -2, -2, -2, -2, -2, -2, -2, -2 ],
        [ IntegerRing() | -1, -1, 2, 2, 2, 2, 2, 2, 2, 2, 2, 2, 2, 2, 2, 2, 2, 
        2, 2, 2, 2, 2, 2, 2, 2, 2, 2, 2, 2, 2, 2, 2, 2, 2, 1, 2, 2, 2, 2, 2, 2, 
        2, 2, 2, 2, 2, 2, 2, 2, 2, 2, -1, 2, 2, 2, 2, 2, 2, 2, 2, 2, 2, 2, 2, 2,
        2, 2, 2, 2, 2, 2, 2, 2, 2, 2, 2, 2, 2, 2, 2, 2, 2, 2, 2, 1, 2, 2, 1, 1, 
        1, -2, -2, -2, -2, 1, -2, -2, 1, -2, -2, -2, -2 ],
        [ IntegerRing() | 1, 1 ],
        [ IntegerRing() | -1, -1, 2, 2, 2, 2, 2, 2, 2, 2, 2, 2, 2, 2, 2, 2, 2, 
        2, 2, 2, 2, 2, 2, 2, 2, 2, 2, 2, 2, 2, 2, 2, 2, 2, 1, 2, 2, 2, 2, 2, 2, 
        2, 2, 2, 2, 2, 2, 2, 2, 2, 2, -1, 2, 2, 2, 2, 2, 2, 2, 2, 2, 2, 2, 2, 2,
        2, 2, 2, 2, 2, 2, 2, 2, 2, 2, 2, 2, 2, 2, 2, 2, 2, 2, 2, 1, 2, 2, 2, 2, 
        2, 2, 2, 2, 2, 2, 2, 2, 2, 2, 2, 2, 1 ],
        [ IntegerRing() | 1 ],
        [ IntegerRing() | -1, -1, 2, 2, 2, 2, 2, 2, 2, 2, 2, 2, 2, 2, 2, 2, 2, 
        2, 2, 2, 2, 2, 2, 2, 2, 2, 2, 2, 2, 2, 2, 2, 2, 2, 1, 2, 2, 2, 2, 2, 2, 
        2, 2, 2, 2, 2, 2, 2, 2, 2, 2, -1, 2, 2, 2, 2, 2, 2, 2, 2, 2, 2, 2, 2, 2,
        2, 2, 2, 2, 2, 2, 2, 2, 2, 2, 2, 2, 2, 2, 2, 2, 2, 2, 2, 1, -2, -2, -2, 
        -2, -2, -2, -2, -2, -2, -2, 1, -2, -2, 1, 2 ]
    ], level := 48, genus := 12, index := 192, contains_minus_one := true, 
    subgroups := [], supergroups := [ IntegerRing() | 325, 635, 743 ], name := 
    "48A12", label := "A", order := 384, GLZConj := 2, matgens := [ 
        PowerSequence(IntegerRing(48)) |
        [ IntegerRing(48) | 0, 1, 47, 0 ],
        [ IntegerRing(48) | 1, 16, 16, 17 ],
        [ IntegerRing(48) | 17, 0, 0, 17 ],
        [ IntegerRing(48) | 25, 0, 24, 25 ],
        [ IntegerRing(48) | 25, 24, 0, 25 ],
        [ IntegerRing(48) | 33, 16, 32, 33 ],
        [ IntegerRing(48) | 34, 3, 3, 13 ],
        [ IntegerRing(48) | 47, 0, 0, 47 ]
    ], cusps := [ IntegerRing() | 48, 48, 48, 48 ], c2 := [ IntegerRing() | 1, 
    1, 1, 1, 1, 1, 1, 1, 1, 1, 1, 1, 2, 2, 2, 2, 2, 2, 2, 2, 2, 2, 2, 2, 2, 2, 
    2, 2, 2, 2, 2, 2, 2, 2, 2, 2, 2, 2, 2, 2, 2, 2, 2, 2, 2, 2, 2, 2, 2, 2, 2, 
    2, 2, 2, 2, 2, 2, 2, 2, 2, 2, 2, 2, 2, 2, 2, 2, 2, 2, 2, 2, 2, 2, 2, 2, 2, 
    2, 2, 2, 2, 2, 2, 2, 2, 2, 2, 2, 2, 2, 2, 2, 2, 2, 2, 2, 2, 2, 2, 2, 2, 2, 2
    ], c3 := [ IntegerRing() | 3, 3, 3, 3, 3, 3, 3, 3, 3, 3, 3, 3, 3, 3, 3, 3, 
    3, 3, 3, 3, 3, 3, 3, 3, 3, 3, 3, 3, 3, 3, 3, 3, 3, 3, 3, 3, 3, 3, 3, 3, 3, 
    3, 3, 3, 3, 3, 3, 3, 3, 3, 3, 3, 3, 3, 3, 3, 3, 3, 3, 3, 3, 3, 3, 3 ], gc :=
    [ IntegerRing() | 8, 8, 8, 8, 8, 8, 8, 8 ], special_name := [], 
    special_name_html := [], direct_subgroups := [], direct_supergroups := [ 
    IntegerRing() | 325, 635, 743 ], length := 32, treename := [ 
        PowerSequence(IntegerRing()) |
        [ IntegerRing() | 384, 2, 1, 3, 3, 3 ],
        [ IntegerRing() | 384, 2, 1, 3, 3, 5 ],
        [ IntegerRing() | 384, 2, 1, 5, 5, 3 ],
        [ IntegerRing() | 384, 2, 3, 3, 3, 1 ],
        [ IntegerRing() | 432, 3, 3, 4, 14, 16 ],
        [ IntegerRing() | 432, 3, 3, 4, 14, 18 ],
        [ IntegerRing() | 432, 3, 3, 6, 6, 4 ],
        [ IntegerRing() | 432, 3, 4, 16, 14, 1 ],
        [ IntegerRing() | 480, 3, 3, 6, 6, 11 ],
        [ IntegerRing() | 480, 3, 3, 6, 6, 18 ],
        [ IntegerRing() | 480, 3, 3, 8, 8, 6 ],
        [ IntegerRing() | 480, 3, 6, 7, 11, 3 ],
        [ IntegerRing() | 576, 3, 3, 4, 9, 9 ],
        [ IntegerRing() | 576, 3, 3, 4, 9, 19 ],
        [ IntegerRing() | 576, 3, 3, 6, 6, 4 ],
        [ IntegerRing() | 576, 3, 4, 8, 8, 1 ]
    ], treesupergroups := [ PowerSequence(IntegerRing()) |
        [ IntegerRing() | 384, 2, 1, 3, 3 ],
        [ IntegerRing() | 384, 2, 1, 3, 3 ],
        [ IntegerRing() | 384, 2, 1, 5, 5 ],
        [ IntegerRing() | 384, 2, 3, 3, 3 ],
        [ IntegerRing() | 432, 3, 3, 4, 14 ],
        [ IntegerRing() | 432, 3, 3, 4, 14 ],
        [ IntegerRing() | 432, 3, 3, 6, 6 ],
        [ IntegerRing() | 432, 3, 4, 16, 14 ],
        [ IntegerRing() | 480, 3, 3, 6, 6 ],
        [ IntegerRing() | 480, 3, 3, 6, 6 ],
        [ IntegerRing() | 480, 3, 3, 8, 8 ],
        [ IntegerRing() | 480, 3, 6, 7, 11 ],
        [ IntegerRing() | 576, 3, 3, 4, 9 ],
        [ IntegerRing() | 576, 3, 3, 4, 9 ],
        [ IntegerRing() | 576, 3, 3, 6, 6 ],
        [ IntegerRing() | 576, 3, 4, 8, 8 ]
    ]>,
    rec<recformat<generators: SeqEnum, level: IntegerRing(), genus: 
    IntegerRing(), index: IntegerRing(), contains_minus_one: BoolElt, subgroups:
    SeqEnum, supergroups: SeqEnum, name: MonStgElt, label: MonStgElt, order: 
    IntegerRing(), GLZConj: IntegerRing(), matgens: SeqEnum, cusps: SeqEnum, c2:
    SeqEnum, c3: SeqEnum, gc: SeqEnum, projections: SeqEnum, special_name: 
    SeqEnum, special_name_html: SeqEnum, direct_subgroups: SeqEnum, 
    direct_supergroups: SeqEnum, length: IntegerRing(), treename: SeqEnum, 
    treesupergroups: SeqEnum> | generators := [ PowerSequence(IntegerRing()) |
        [ IntegerRing() | -1, -1, 2, 2, 2, 2, 2, 2, 2, 2, 2, 2, 2, 2, 2, 2, 2, 
        2, 1, 2, 2, 2, 2, 2, 2, 2, 2, 2, 2, 2, 2, 2, 2, 2, 2, -1, 2, 2, 2, 2, 2,
        2, 2, 2, 2, 2, 2, 2, 2, 2, 2, 2, 1, 1 ],
        [ IntegerRing() | -1, 2, 2, 2, 2, 2, 2, 2, 2, 2, 2, 2, 2, 2, 2, 2, 2, 2,
        2, 2, 2, 2, 2, 2, 2, 2, 2, 2, 2, 2, 2, 2, 2, -1, 2, 2, 2, 2, 2, 2, 2, 2,
        2, 2, 2, 2, 2, 2, 2, 2, 1, -2, -2, -2, -2, -2, -2, 1, 1, 1, -2, -2, -2, 
        -2, 1, -2, -2, 1, -2, -2, -2, -2, -2, -2, -2, -2, -2, -2, -2, -2 ],
        [ IntegerRing() | -1, -1, 2, 2, 2, 2, 2, 2, 2, 2, 2, 2, 2, 2, 2, 2, 2, 
        2, 2, 2, 2, 2, 2, 2, 2, 2, 2, 2, 2, 2, 2, 2, 2, 2, 1, 2, 2, 2, 2, 2, 2, 
        2, 2, 2, 2, 2, 2, 2, 2, 2, 2, -1, 2, 2, 2, 2, 2, 2, 2, 2, 2, 2, 2, 2, 2,
        2, 2, 2, 2, 2, 2, 2, 2, 2, 2, 2, 2, 2, 2, 2, 2, 2, 2, 2, 1, 2, 2, 1, 1, 
        1, -2, -2, -2, -2, 1, -2, -2, 1, -2, -2, -2, -2 ],
        [ IntegerRing() | 1, 1 ],
        [ IntegerRing() | -1, -1, 2, 2, 2, 2, 2, 2, 2, 2, 2, 2, 2, 2, 2, 2, 2, 
        2, 2, 2, 2, 2, 2, 2, 2, 2, 2, 2, 2, 2, 2, 2, 2, 2, 1, 2, 2, 2, 2, 2, 2, 
        2, 2, 2, 2, 2, 2, 2, 2, 2, 2, -1, 2, 2, 2, 2, 2, 2, 2, 2, 2, 2, 2, 2, 2,
        2, 2, 2, 2, 2, 2, 2, 2, 2, 2, 2, 2, 2, 2, 2, 2, 2, 2, 2, 1, 2, 2, 2, 2, 
        2, 2, 2, 2, 2, 2, 2, 2, 2, 2, 2, 2, 1 ],
        [ IntegerRing() | -1, 2, 2, 2, 2, 2, 2, 2, 2, 2, 2, 2, 2, 2, 2, 2, 2, 2,
        2, 2, 2, 2, 2, 2, 2, 1, 1 ],
        [ IntegerRing() | -1, 2, 2, 2, 2, 2, 2, 2, 2, 2, 2, 2, 2, 2, 2, 2, 2, 2,
        2, 2, 2, 2, 2, 2, 2, 2, 2, 2, 2, 2, 2, 2, 2, -1, 2, 2, 2, 2, 2, 2, 2, 2,
        2, 2, 2, 2, 2, 2, 2, 2, 1, 1, 1 ],
        [ IntegerRing() | -1, -1, 2, 2, 2, 2, 2, 2, 2, 2, 2, 2, 2, 2, 2, 2, 2, 
        2, 2, 2, 2, 2, 2, 2, 2, 2, 2, 2, 2, 2, 2, 2, 2, 2, 1, 2, 2, 2, 2, 2, 2, 
        2, 2, 2, 2, 2, 2, 2, 2, 2, 2, -1, 2, 2, 2, 2, 2, 2, 2, 2, 2, 2, 2, 2, 2,
        2, 2, 2, 2, 2, 2, 2, 2, 2, 2, 2, 2, 2, 2, 2, 2, 2, 2, 2, 1, -2, -2, -2, 
        -2, -2, -2, -2, -2, -2, -2, 1, -2, -2, 1, 2 ]
    ], level := 48, genus := 12, index := 192, contains_minus_one := true, 
    subgroups := [], supergroups := [ IntegerRing() | 636, 743 ], name := 
    "48B12", label := "B", order := 384, GLZConj := 2, matgens := [ 
        PowerSequence(IntegerRing(48)) |
        [ IntegerRing(48) | 0, 1, 47, 24 ],
        [ IntegerRing(48) | 17, 0, 0, 17 ],
        [ IntegerRing(48) | 25, 0, 24, 25 ],
        [ IntegerRing(48) | 25, 24, 0, 25 ],
        [ IntegerRing(48) | 32, 1, 31, 16 ],
        [ IntegerRing(48) | 33, 16, 32, 33 ],
        [ IntegerRing(48) | 34, 3, 3, 13 ],
        [ IntegerRing(48) | 47, 0, 0, 47 ]
    ], cusps := [ IntegerRing() | 48, 48, 48, 48 ], c2 := [ IntegerRing() | 1, 
    1, 1, 1, 1, 1, 1, 1, 1, 1, 1, 1, 2, 2, 2, 2, 2, 2, 2, 2, 2, 2, 2, 2, 2, 2, 
    2, 2, 2, 2, 2, 2, 2, 2, 2, 2, 2, 2, 2, 2, 2, 2, 2, 2, 2, 2, 2, 2, 2, 2, 2, 
    2, 2, 2, 2, 2, 2, 2, 2, 2, 2, 2, 2, 2, 2, 2, 2, 2, 2, 2, 2, 2, 2, 2, 2, 2, 
    2, 2, 2, 2, 2, 2, 2, 2, 2, 2, 2, 2, 2, 2, 2, 2, 2, 2, 2, 2, 2, 2, 2, 2, 2, 2
    ], c3 := [ IntegerRing() | 3, 3, 3, 3, 3, 3, 3, 3, 3, 3, 3, 3, 3, 3, 3, 3, 
    3, 3, 3, 3, 3, 3, 3, 3, 3, 3, 3, 3, 3, 3, 3, 3, 3, 3, 3, 3, 3, 3, 3, 3, 3, 
    3, 3, 3, 3, 3, 3, 3, 3, 3, 3, 3, 3, 3, 3, 3, 3, 3, 3, 3, 3, 3, 3, 3 ], gc :=
    [ IntegerRing() | 8, 8, 8, 8, 8, 8, 8, 8, 16, 16, 16, 16, 16, 16, 16, 16 ], 
    special_name := [], special_name_html := [], direct_subgroups := [], 
    direct_supergroups := [ IntegerRing() | 636, 743 ], length := 96, treename 
    := [ PowerSequence(IntegerRing()) |
        [ IntegerRing() | 384, 2, 1, 3, 3, 4 ],
        [ IntegerRing() | 384, 2, 1, 3, 3, 10 ],
        [ IntegerRing() | 384, 2, 1, 3, 3, 11 ],
        [ IntegerRing() | 384, 2, 1, 3, 3, 12 ],
        [ IntegerRing() | 384, 2, 1, 3, 3, 16 ],
        [ IntegerRing() | 384, 2, 1, 3, 3, 17 ],
        [ IntegerRing() | 384, 2, 3, 3, 4, 1 ],
        [ IntegerRing() | 432, 3, 3, 4, 14, 8 ],
        [ IntegerRing() | 432, 3, 3, 4, 14, 10 ],
        [ IntegerRing() | 432, 3, 3, 4, 14, 12 ],
        [ IntegerRing() | 432, 3, 3, 4, 14, 14 ],
        [ IntegerRing() | 432, 3, 3, 4, 14, 15 ],
        [ IntegerRing() | 432, 3, 3, 4, 14, 20 ],
        [ IntegerRing() | 432, 3, 4, 16, 8, 1 ],
        [ IntegerRing() | 480, 3, 3, 6, 6, 7 ],
        [ IntegerRing() | 480, 3, 3, 6, 6, 9 ],
        [ IntegerRing() | 480, 3, 3, 6, 6, 13 ],
        [ IntegerRing() | 480, 3, 3, 6, 6, 15 ],
        [ IntegerRing() | 480, 3, 3, 6, 6, 17 ],
        [ IntegerRing() | 480, 3, 3, 6, 6, 19 ],
        [ IntegerRing() | 480, 3, 6, 7, 7, 3 ],
        [ IntegerRing() | 576, 3, 3, 4, 9, 6 ],
        [ IntegerRing() | 576, 3, 3, 4, 9, 10 ],
        [ IntegerRing() | 576, 3, 3, 4, 9, 12 ],
        [ IntegerRing() | 576, 3, 3, 4, 9, 16 ],
        [ IntegerRing() | 576, 3, 3, 4, 9, 17 ],
        [ IntegerRing() | 576, 3, 3, 4, 9, 18 ],
        [ IntegerRing() | 576, 3, 4, 8, 10, 1 ]
    ], treesupergroups := [ PowerSequence(IntegerRing()) |
        [ IntegerRing() | 384, 2, 1, 3, 3 ],
        [ IntegerRing() | 384, 2, 1, 3, 3 ],
        [ IntegerRing() | 384, 2, 1, 3, 3 ],
        [ IntegerRing() | 384, 2, 1, 3, 3 ],
        [ IntegerRing() | 384, 2, 1, 3, 3 ],
        [ IntegerRing() | 384, 2, 1, 3, 3 ],
        [ IntegerRing() | 384, 2, 3, 3, 4 ],
        [ IntegerRing() | 432, 3, 3, 4, 14 ],
        [ IntegerRing() | 432, 3, 3, 4, 14 ],
        [ IntegerRing() | 432, 3, 3, 4, 14 ],
        [ IntegerRing() | 432, 3, 3, 4, 14 ],
        [ IntegerRing() | 432, 3, 3, 4, 14 ],
        [ IntegerRing() | 432, 3, 3, 4, 14 ],
        [ IntegerRing() | 432, 3, 4, 16, 8 ],
        [ IntegerRing() | 480, 3, 3, 6, 6 ],
        [ IntegerRing() | 480, 3, 3, 6, 6 ],
        [ IntegerRing() | 480, 3, 3, 6, 6 ],
        [ IntegerRing() | 480, 3, 3, 6, 6 ],
        [ IntegerRing() | 480, 3, 3, 6, 6 ],
        [ IntegerRing() | 480, 3, 3, 6, 6 ],
        [ IntegerRing() | 480, 3, 6, 7, 7 ],
        [ IntegerRing() | 576, 3, 3, 4, 9 ],
        [ IntegerRing() | 576, 3, 3, 4, 9 ],
        [ IntegerRing() | 576, 3, 3, 4, 9 ],
        [ IntegerRing() | 576, 3, 3, 4, 9 ],
        [ IntegerRing() | 576, 3, 3, 4, 9 ],
        [ IntegerRing() | 576, 3, 3, 4, 9 ],
        [ IntegerRing() | 576, 3, 4, 8, 10 ]
    ]>,
    rec<recformat<generators: SeqEnum, level: IntegerRing(), genus: 
    IntegerRing(), index: IntegerRing(), contains_minus_one: BoolElt, subgroups:
    SeqEnum, supergroups: SeqEnum, name: MonStgElt, label: MonStgElt, order: 
    IntegerRing(), GLZConj: IntegerRing(), matgens: SeqEnum, cusps: SeqEnum, c2:
    SeqEnum, c3: SeqEnum, gc: SeqEnum, projections: SeqEnum, special_name: 
    SeqEnum, special_name_html: SeqEnum, direct_subgroups: SeqEnum, 
    direct_supergroups: SeqEnum, length: IntegerRing(), treename: SeqEnum, 
    treesupergroups: SeqEnum> | generators := [ PowerSequence(IntegerRing()) |
        [ IntegerRing() | 1, 1 ],
        [ IntegerRing() | 2, 2, 2, 2, 2, 2, 1, 2, 2, -1, -2, -2, -1, -2, -2, -2,
        -2, -2, -2, -1, 2, 2, 2, 2, 2, 2, 1, 2, 2, -1, -2, -2, -1, -2, -2, -2, 
        -2, -2, -2, -1, -2, 1, 2, 2, 2, 2, 2, 2, 1, 2, 2, 1, -2, -2, -1, -2, -2,
        -2, -2, -2, -2, -2, -2, 1, 2, 2, 1, 2, 2, 2, 2, 2, 2, 1, 2, 2, 1, -2, 
        -2, -1, -2, -2, -2, -2, -2, -2 ],
        [ IntegerRing() | 2, 2, 2, 2, 2, 2, 1, 2, 2, -1, -2, -2, -1, -2, -2, -2,
        -2, -2, -2, -1, 2, 2, 2, 2, 2, 2, 1, 2, 2, -1, -2, -2, -1, -2, -2, -2, 
        -2, -2, -2, -1, 2, 2, 2, 2, 2, 2, 1, 2, 2, -1, -2, -2, -1, -2, -2, -2, 
        -2, -2, -2, -1, 2, 2, 1, 2, 2, 2, 2, 2, 2, 1, 2, 2, 1, -2, -2, -1, -2, 
        1, 2, 2, 1, 2, 2, 2, 2, 2, 2, 2, 1, 2, 2, 1, 2, 2, 1, 2, 2, 2, 2, 2, 1, 
        2, 2, 1, 2, 2, 2, 2, 2, 2, 2, 1, 2, 2, 1, 2, 2, 1, 2 ],
        [ IntegerRing() | 1, 2, 2, 2, 2, 2, 2, 1, 2, 2, 1, -2, -2, -1, -2, -2, 
        -2, -2, -2, -2, 1, 2, 2, 2, 2, 2, 2, 1, 2, 2, 1, -2, -2, -1, -2, -2, -2,
        -2, -2, -2, -1, -2, -2, -1, -2, -2, -1, -2, -2, -2, -2, -2, -2, -2, -1, 
        -2, -2, -1, -2, -2, -2, -2, -2, -1, -2, -2, -1, -2, -2, -1, -2, -2, -2, 
        -2, -2, -2, -2, -1, -2, -2, -1, -2, -2, -2, -2 ]
    ], level := 49, genus := 12, index := 168, contains_minus_one := true, 
    subgroups := [], supergroups := [ IntegerRing() | 40 ], name := "49A12", 
    label := "A", order := 686, GLZConj := 1, matgens := [ 
        PowerSequence(IntegerRing(49)) |
        [ IntegerRing(49) | 8, 0, 14, 43 ],
        [ IntegerRing(49) | 11, 11, 24, 33 ],
        [ IntegerRing(49) | 15, 42, 21, 36 ],
        [ IntegerRing(49) | 48, 0, 0, 48 ]
    ], cusps := [ IntegerRing() | 7, 7, 7, 49, 49, 49 ], c2 := [ IntegerRing() |
    2, 2, 2, 2, 2, 2, 2, 2, 2, 2, 2, 2, 2, 2, 2, 2, 2, 2, 2, 2, 2, 2, 2, 2, 2, 
    2, 2, 2, 2, 2, 2, 2, 2, 2, 2, 2, 2, 2, 2, 2, 2, 2, 2, 2, 2, 2, 2, 2, 2, 2, 
    2, 2, 2, 2, 2, 2, 2, 2, 2, 2, 2, 2, 2, 2, 2, 2, 2, 2, 2, 2, 2, 2, 2, 2, 2, 
    2, 2, 2, 2, 2, 2, 2, 2, 2 ], c3 := [ IntegerRing() | 3, 3, 3, 3, 3, 3, 3, 3,
    3, 3, 3, 3, 3, 3, 3, 3, 3, 3, 3, 3, 3, 3, 3, 3, 3, 3, 3, 3, 3, 3, 3, 3, 3, 
    3, 3, 3, 3, 3, 3, 3, 3, 3, 3, 3, 3, 3, 3, 3, 3, 3, 3, 3, 3, 3, 3, 3 ], gc :=
    [ IntegerRing() | 3, 3, 6, 6, 6 ], special_name := [], special_name_html := 
    [], direct_subgroups := [], direct_supergroups := [ IntegerRing() | 40 ], 
    length := 24, treename := [ PowerSequence(IntegerRing()) |
        [ IntegerRing() | 343, 1, 3, 1 ],
        [ IntegerRing() | 343, 1, 3, 6 ],
        [ IntegerRing() | 343, 1, 3, 8 ],
        [ IntegerRing() | 392, 1, 4, 3 ],
        [ IntegerRing() | 392, 1, 4, 7 ],
        [ IntegerRing() | 392, 1, 4, 8 ],
        [ IntegerRing() | 441, 1, 6, 6 ],
        [ IntegerRing() | 441, 1, 6, 8 ],
        [ IntegerRing() | 441, 1, 6, 9 ],
        [ IntegerRing() | 490, 1, 6, 3 ],
        [ IntegerRing() | 490, 1, 6, 7 ],
        [ IntegerRing() | 490, 1, 6, 9 ],
        [ IntegerRing() | 588, 1, 8, 6 ],
        [ IntegerRing() | 588, 1, 8, 7 ],
        [ IntegerRing() | 588, 1, 8, 9 ]
    ], treesupergroups := [ PowerSequence(IntegerRing()) |
        [ IntegerRing() | 343, 1, 3 ],
        [ IntegerRing() | 343, 1, 3 ],
        [ IntegerRing() | 343, 1, 3 ],
        [ IntegerRing() | 392, 1, 4 ],
        [ IntegerRing() | 392, 1, 4 ],
        [ IntegerRing() | 392, 1, 4 ],
        [ IntegerRing() | 441, 1, 6 ],
        [ IntegerRing() | 441, 1, 6 ],
        [ IntegerRing() | 441, 1, 6 ],
        [ IntegerRing() | 490, 1, 6 ],
        [ IntegerRing() | 490, 1, 6 ],
        [ IntegerRing() | 490, 1, 6 ],
        [ IntegerRing() | 588, 1, 8 ],
        [ IntegerRing() | 588, 1, 8 ],
        [ IntegerRing() | 588, 1, 8 ]
    ]>,
    rec<recformat<generators: SeqEnum, level: IntegerRing(), genus: 
    IntegerRing(), index: IntegerRing(), contains_minus_one: BoolElt, subgroups:
    SeqEnum, supergroups: SeqEnum, name: MonStgElt, label: MonStgElt, order: 
    IntegerRing(), GLZConj: IntegerRing(), matgens: SeqEnum, cusps: SeqEnum, c2:
    SeqEnum, c3: SeqEnum, gc: SeqEnum, projections: SeqEnum, special_name: 
    SeqEnum, special_name_html: SeqEnum, direct_subgroups: SeqEnum, 
    direct_supergroups: SeqEnum, length: IntegerRing(), treename: SeqEnum, 
    treesupergroups: SeqEnum> | generators := [ PowerSequence(IntegerRing()) |
        [ IntegerRing() | 1, 1 ],
        [ IntegerRing() | 2, 1, 1, 2, 2, 1, 1, 1, 2, 2, 1, 1, 2, 2, 1, 2, 1, 1, 
        2, 2, 1, 1, 2, -1, -2, -2, -2, -1, 2, 1, 1, 2, 2, 1, 1, 1, 2, 2, 1, 1, 
        2, 2, 1, 2, 1, 1, 2, 2, 1, 1, 2, -1, -2, -2, -2, -1, -2, -2, -1, -2, -2,
        -2, 1, 2, 1, 2, 2, 1, 2, 1, 1, 2, 2, 1, 1, 2, 1, 1, 2, 2, 1, 2, 1, 2, 1,
        1, 1, 1, 1, 2, 2, 2, 1, 2, 1, 1, 2, 2, 1, -2, -1, -2, -1, -2, -2, -1, 
        -1, -2, -1, -1, -2, -2, -1, -1, -2, -1, -2, -2, -1, -2, -1, 2, -1, -2, 
        -2, -2, -1, 2, 1, 1, 2, 2, 1, 1, 1, 2, 2, 1, 1, 2, 2, 1, 2, 1, 1, 2, 2, 
        1, 1, 2, -1, -2, -2, -2, -1, -2, -2, -1, -2, -2, -2, 1, 2, 1, 2, 2, 1, 
        2, 1, 1, 2, 2, 1, 1, 2, 1, 1, 2, 2, 1, 2, 1, 2, 1, 1, 1, 1, 1, 2, 2, 2, 
        1, 2, 1, 1, 2, 2, 1, -2, -1, -2, -1, -2, -2, -1, -1, -2, -1, -1, -2, -2,
        -1, -1, -2, -1, -2, -2, -1, -2, -1, 2, -1, -2, -2, -2, -1, 2, 1, 1, 2, 
        2, 1, 1, 1, 2, 2, 1, 1, 2, 2, 1, 2, 1, 1, 2, 2, 1, 1, 2, -1, -2, -2, -2,
        -1, -2, -2, -1, -2, -2, -2, 1, 2, 1, 2, 2, 1, 2, 1, 1, 2, 2, 1, 1, 2, 1,
        1, 2, 2, 1, 2, 1, 2, 1, 1, 1, 1, 1, 2, 2, 2, 1, 2, 1, 1, 2, 2, 1, -2, 
        -1, -2, -1, -2, -2, -1, -1, -2, -1, -1, -2, -2, -1, -1, -2, -1, -2, -2, 
        -1, -2, -1, 2, -1, -2, -2, -2, -1, 2, 1, 1, 2, 2, 1, 1, 1, 2, 2, 1, 1, 
        2, 2, 1, 2, 1, 1, 2, 2, 1, 1, 2, -1, -2, -2, -2, -1, -2, -2, -1, -2, -2,
        -2, 1, 2, 1, 2, 2, 1, 2, 1, 1, 2, 2, 1, 1, 2, 1, 1, 2, 2, 1, 2, 1, 2, 1,
        1, 1, 1, 1, 2, 2, 2, 1, 2, 1, 1, 2, 2, 1, -2, -1, -2, -1, -2, -2, -1, 
        -1, -2, -1, -1, -2, -2, -1, -1, -2, -1, -2, -2, -1, -2, -1, 2, -1, -2, 
        -2, -2, -1, 2, 1, 1, 2, 2, 1, 1, 1, 2, 2, 1, 1, 2, 2, 1, 2, 1, 1, 2, 2, 
        1, 1, 2, -1, -2, -2, -2, -1, -2, -2, -1, -2, -2, -2, 1, 2, 1, 2, 2, 1, 
        2, 1, 1, 2, 2, 1, 1, 2, 1, 1, 2, 2, 1, 2, 1, 2, 1, 1, 1, 1, 1, 2, 2, 2, 
        1, 2, 1, 1, 2, 2, 1, -2, -1, -2, -1, -2, -2, -1, -1, -2, -1, -1, -2, -2,
        -1, -1, -2, -1, -2, -2, -1, -2, -1, 2, -1, -2, -2, -2, -1, 2, 1, 1, 2, 
        2, 1, 1, 1, 2, 2, 1, 1, 2, 2, 1, 2, 1, 1, 2, 2, 1, 1, 2, -1, -2, -2, -2,
        -1, -2, -2, -1, -2, -2, -2, 1, 2, 1, 2, 2, 1, 2, 1, 1, 2, 2, 1, 1, 2, 1,
        1, 2, 2, 1, 2, 1, 2, 1, 1, 1, 1, 1, 2, 2, 2, 1, 2, 1, 1, 2, 2, 1, -2, 
        -1, -2, -1, -2, -2, -1, -1, -2, -1, -1, -2, -2, -1, -1, -2, -1, -2, -2, 
        -1, -2, -1, -1, -1, -2, -2, -1, -1, -2, -1, -2, -2, -1, -1, -2, -2, -1, 
        -1, -1, -2, -2, -1, -1, -2, 1, 2, 2, 2, 1, -2, -1, -1, -2, -2, -1, -1, 
        -2, -1, -2, -2, -1, -1, -2, -2, -1, -1, -1, -2, -2, -1, -1, -2, -2, -2, 
        1, 1, 2, 1, 2, 2, 1, 2, 1, 1, 2, 2, 1, 1, 2, 1, 1, 2, 2, 1, 2, 1, 2, 1, 
        1, 1, 1, 1, 2, 2, 2, 1, 2, 1, 1, 2, 2, 1, 1, 2, 1, 1, 2, 2, 1, 1, 1, 2, 
        2, 1, 1, 2, 2, 1, 2, 1, 1, 2, 2, 1, 1, 2, -1, -2, -2, -2, -1, 2, 1, 1, 
        2, 2, 1, 1, 1, 2, 2, 1, 1, 2, 2, 1, 2, 1, 1, 2, 2, 1, 1, 2, -1, -2, -2, 
        -2, -1, -2, -2, -1, -2, -2, -2, 1, 2, 1, 2, 2, 1, 2, 1, 1, 2, 2, 1, 1, 
        2, 1, 1, 2, 2, 1, 2, 1, 2, 1, 1, 1, 1, 1, 2, 2, 2, 1, 2, 1, 1, 2, 2, 1, 
        -2, -1, -2, -1, -2, -2, -1, -1, -2, -1, -1, -2, -2, -1, -1, -2, -1, -2, 
        -2, -1, -2, -1, -1, -1, -2, -2, -1, -1, -2, -1, -2, -2, -1, -1, -2, -2, 
        -1, -1, -1, -2, -2, -1, -1, -2 ],
        [ IntegerRing() | 2, 1, 1, 2, 2, 1, 1, 1, 2, 2, 1, 1, 2, 2, 1, 2, 1, 1, 
        2, 2, 1, 1, 1, 2, 1, 2, 2, 1, 2, 1, 1, 2, 2, 1, 1, 2, 1, 1, 2, 2, 1, 2, 
        1, 2, -1, -2, -2, -1, -1, -2, -1, -2, -2, -2, -1, -1, -1, -1, -1, -2, 
        -1, -2, -1, -2, -2, -1, -1, -2, -1, -1, -2, -2, -1, -1, -2, -1, -2, -2, 
        -1, -2, -1, 2, 2, 2, 1, 2, 2, 1, 2, 2, 2, 1, -2, -1, -1, -2, -2, -1, -1,
        -2, -1, -2, -2, -1, -1, -2, -2, -1, -1, -1, -2, -2, -1, -1, -2, 1, 2, 2,
        2, 1, -2, 1, 2, 1, 2, 2, 1, 2, 1, 1, 2, 2, 1, 1, 2, 1, 1, 2, 2, 1, 2, 1,
        2, -1, -2, -2, -1, -1, -2, -1, -2, -2, -2, -1, -1, -1, -1, -1, -2, -1, 
        -2, -1, -2, -2, -1, -1, -2, -1, -1, -2, -2, -1, -1, -2, -1, -2, -2, -1, 
        -2, -1, 2, 2, 2, 1, 2, 2, 1, 2, 2, 2, 1, -2, -1, -1, -2, -2, -1, -1, -2,
        -1, -2, -2, -1, -1, -2, -2, -1, -1, -1, -2, -2, -1, -1, -2, 1, 2, 2, 2, 
        1, -2, 1, 2, 1, 2, 2, 1, 2, 1, 1, 2, 2, 1, 1, 2, 1, 1, 2, 2, 1, 2, 1, 2,
        -1, -2, -2, -1, -1, -2, -1, -2, -2, -2, -1, -1, -1, -1, -1, -2, -1, -2, 
        -1, -2, -2, -1, -1, -2, -1, -1, -2, -2, -1, -1, -2, -1, -2, -2, -1, -2, 
        -1, 2, 2, 2, 1, 2, 2, 1, 2, 2, 2, 1, -2, -1, -1, -2, -2, -1, -1, -2, -1,
        -2, -2, -1, -1, -2, -2, -1, -1, -1, -2, -2, -1, -1, -2, 1, 2, 2, 2, 1, 
        -2, 1, 2, 1, 2, 2, 1, 2, 1, 1, 2, 2, 1, 1, 2, 1, 1, 2, 2, 1, 2, 1, 2, 
        -1, -2, -2, -1, -1, -2, -1, -2, -2, -2, -1, -1, -1, -1, -1, -2, -1, -2, 
        -1, -2, -2, -1, -1, -2, -1, -1, -2, -2, -1, -1, -2, -1, -2, -2, -1, -2, 
        -1, 2, 2, 2, 1, 2, 2, 1, 2, 2, 2, 1, -2, -1, -1, -2, -2, -1, -1, -2, -1,
        -2, -2, -1, -1, -2, -2, -1, -1, -1, -2, -2, -1, -1, -2, 1, 2, 2, 2, 1, 
        -2, 1, 2, 1, 2, 2, 1, 2, 1, 1, 2, 2, 1, 1, 2, 1, 1, 2, 2, 1, 2, 1, 2, 
        -1, -2, -2, -1, -1, -2, -1, -2, -2, -2, -1, -1, -1, -1, -1, -2, -1, -2, 
        -1, -2, -2, -1, -1, -2, -1, -1, -2, -2, -1, -1, -2, -1, -2, -2, -1, -2, 
        -1, 2, 2, 2, 1, 2, 2, 1, 2, 2, 2, 1, -2, -1, -1, -2, -2, -1, -1, -2, -1,
        -2, -2, -1, -1, -2, -2, -1, -1, -1, -2, -2, -1, -1, -2, 1, 2, 2, 2, 1, 
        -2, 1, 2, 1, 2, 2, 1, 2, 1, 1, 2, 2, 1, 1, 2, 1, 1, 2, 2, 1, 2, 1, 2, 
        -1, -2, -2, -1, -1, -2, -1, -2, -2, -2, -1, -1, -1, -1, -1, -2, -1, -2, 
        -1, -2, -2, -1, -1, -2, -1, -1, -2, -2, -1, -1, -2, -1, -2, -2, -1, -2, 
        -1, 2, 2, 2, 1, 2, 2, 1, 2, 2, 2, 1, -2, -1, -1, -2, -2, -1, -1, -2, -1,
        -2, -2, -1, -1, -2, -2, -1, -1, -1, -2, -2, -1, -1, -2, 1, 2, 2, 2, 1, 
        -2, 1, 2, 1, 2, 2, 1, 2, 1, 1, 2, 2, 1, 1, 2, 1, 1, 2, 2, 1, 2, 1, 2, 
        -1, -2, -2, -1, -1, -2, -1, -2, -2, -2, -1, -1, -1, -1, -1, -2, -1, -2, 
        -1, -2, -2, -1, -1, -2, -1, -1, -2, -2, -1, -1, -2, -1, -2, -2, -1, -2, 
        -1, 2, 2, 2, 1, 2, 2, 1, 2, 2, 2, 1, -2, -1, -1, -2, -2, -1, -1, -2, -1,
        -2, -2, -1, -1, -2, -2, -1, -1, -1, -2, -2, -1, -1, -2, 1, 2, 2, 2, 1, 
        -2, 1, 2, 1, 2, 2, 1, 2, 1, 1, 2, 2, 1, 1, 2, 1, 1, 2, 2, 1, 2, 1, 2, 
        -1, -2, -2, -1, -1, -2, -1, -2, -2, -2, -1, -1, -1, -1, -1, -2, -1, -2, 
        -1, -2, -2, -1, -1, -2, -1, -1, -2, -2, -1, -1, -2, -1, -2, -2, -1, -2, 
        -1, 2, 2, 2, 1, 2, 2, 1, 2, 2, 2, 1, -2, -1, -1, -2, -2, -1, -1, -2, -1,
        -2, -2, -1, -1, -2, -2, -1, -1, -1, -2, -2, -1, -1, -2, 1, 2, 2, 2, 1, 
        -2, -1, -1, -2, -2, -1, -1, -2, -1, -2, -2, -1, -1, -2, -2, -1, -1, -1, 
        -2, -2, -1, -1, 2, 1, 1, 2, 2, 1, 1, 1, 2, 2, 1, 1, 2, 2, 1, 2, 1, 1, 2,
        2, 1, 1, 2, -1, -2, -2, -2, -1, -2, 1, 2, 1, 2, 2, 1, 2, 1, 1, 2, 2, 1, 
        1, 2, 1, 1, 2, 2, 1, 2, 1, 2, 1, 1, 1, 1, 1, 2, 2, 2, 1, 2, 1, 1, 2, 2, 
        1, 1, 2, 1, 1, 2, 2, 1, 1, 1, 2, 2, 1, 1, 2, 2, 1, 2, 1, 1, 2, 2, 1, 1, 
        1, 2, 1, 2, 2, 1, 2, 1, 1, 2, 2, 1, 1, 2, 1, 1, 2, 2, 1, 2, 1, 2, -1, 
        -2, -2, -1, -1, -2, -1, -2, -2, -2, -1, -1, -1, -1, -1, -2, -1, -2, -1, 
        -2, -2, -1, -1, -2, -1, -1, -2, -2, -1, -1, -2, -1, -2, -2, -1, -2, -1, 
        2, 2, 2, 1, 2, 2, 1, 2, 2, 2, 1, -2, -1, -1, -2, -2, -1, -1, -2, -1, -2,
        -2, -1, -1, -2, -2, -1, -1, -1, -2, -2, -1, -1, -2, 1, 2, 2, 2, 1, -2, 
        -1, -1, -2, -2, -1, -1, -2, -1, -2, -2, -1, -1, -2, -2, -1, -1, -1, -2, 
        -2, -1, -1, -2 ],
        [ IntegerRing() | 2, 1, 1, 2, 2, 1, 1, 1, 2, 2, 1, 1, 2, 2, 1, 2, 1, 1, 
        2, 2, 1, 1, 2, -1, -2, -2, -2, -1, 2, 1, 1, 2, 2, 1, 1, 1, 2, 2, 1, 1, 
        2, 2, 1, 2, 1, 1, 2, 2, 1, 1, 2, -1, -2, -2, -2, -1, -2, -2, -1, -2, -2,
        -2, 1, 2, 1, 2, 2, 1, 2, 1, 1, 2, 2, 1, 1, 2, 1, 1, 2, 2, 1, 2, 1, 2, 1,
        1, 1, 1, 1, 2, 2, 2, 1, 2, 1, 1, 2, 2, 1, -2, -1, -2, -1, -2, -2, -1, 
        -1, -2, -1, -1, -2, -2, -1, -1, -2, -1, -2, -2, -1, -2, -1, 2, -1, -2, 
        -2, -2, -1, 2, 1, 1, 2, 2, 1, 1, 1, 2, 2, 1, 1, 2, 2, 1, 2, 1, 1, 2, 2, 
        1, 1, 2, -1, -2, -2, -2, -1, -2, -2, -1, -2, -2, -2, 1, 2, 1, 2, 2, 1, 
        2, 1, 1, 2, 2, 1, 1, 2, 1, 1, 2, 2, 1, 2, 1, 2, 1, 1, 1, 1, 1, 2, 2, 2, 
        1, 2, 1, 1, 2, 2, 1, -2, -1, -2, -1, -2, -2, -1, -1, -2, -1, -1, -2, -2,
        -1, -1, -2, -1, -2, -2, -1, -2, -1, 2, -1, -2, -2, -2, -1, 2, 1, 1, 2, 
        2, 1, 1, 1, 2, 2, 1, 1, 2, 2, 1, 2, 1, 1, 2, 2, 1, 1, 2, -1, -2, -2, -2,
        -1, -2, -2, -1, -2, -2, -2, 1, 2, 1, 2, 2, 1, 2, 1, 1, 2, 2, 1, 1, 2, 1,
        1, 2, 2, 1, 2, 1, 2, 1, 1, 1, 1, 1, 2, 2, 2, 1, 2, 1, 1, 2, 2, 1, -2, 
        -1, -2, -1, -2, -2, -1, -1, -2, -1, -1, -2, -2, -1, -1, -2, -1, -2, -2, 
        -1, -2, -1, 2, -1, -2, -2, -2, -1, 2, 1, 1, 2, 2, 1, 1, 1, 2, 2, 1, 1, 
        2, 2, 1, 2, 1, 1, 2, 2, 1, 1, 2, -1, -2, -2, -2, -1, -2, -2, -1, -2, -2,
        -2, 1, 2, 1, 2, 2, 1, 2, 1, 1, 2, 2, 1, 1, 2, 1, 1, 2, 2, 1, 2, 1, 2, 1,
        1, 1, 1, 1, 2, 2, 2, 1, 2, 1, 1, 2, 2, 1, -2, -1, -2, -1, -2, -2, -1, 
        -1, -2, -1, -1, -2, -2, -1, -1, -2, -1, -2, -2, -1, -2, -1, -1, -1, -2, 
        -2, -1, -1, -2, -1, -2, -2, -1, -1, -2, -2, -1, -1, -1, -2, -2, -1, -1, 
        2, 1, 1, 2, 2, 1, 1, 1, 2, 2, 1, 1, 2, 2, 1, 2, 1, 1, 2, 2, 1, 1, 1, 2, 
        1, 2, 2, 1, 2, 1, 1, 2, 2, 1, 1, 2, 1, 1, 2, 2, 1, 2, 1, 2, -1, -2, -2, 
        -1, -1, -2, -1, -2, -2, -2, -1, -1, -1, -1, -1, -2, -1, -2, -1, -2, -2, 
        -1, -1, -2, -1, -1, -2, -2, -1, -1, -2, -1, -2, -2, -1, -2, -1, 2, 2, 2,
        1, 2, 2, 1, 2, 2, 2, 1, -2, -1, -1, -2, -2, -1, -1, -2, -1, -2, -2, -1, 
        -1, -2, -2, -1, -1, -1, -2, -2, -1, -1, -2, 1, 2, 2, 2, 1, -2, -1, -1, 
        -2, -2, -1, -1, -2, -1, -2, -2, -1, -1, -2, -2, -1, -1, -1, -2, -2, -1, 
        -1, -2, -1, -1, -2, -2, -1, -1, -2, -1, -2, -2, -2, -1, -1, -1, -1, -1, 
        -2, -1, -2, -1, -2, -2, -1, -1, -2, -1, -1, -2, -2, -1, -1, -2, -1, -2, 
        -2, -1, -2, -1, -1, -1, -2, -2, -1, -1, -2, -1, -2, -2, -2, -1, -1, -1, 
        -1, -1, -2, -1, -2, -1, -2, -2, -1, -1, -2, -1, -1, -2, -2, -1, -1, -2, 
        -1, -2, -2, -1, -2, -1 ]
    ], level := 49, genus := 12, index := 168, contains_minus_one := true, 
    subgroups := [], supergroups := [ IntegerRing() | 40 ], name := "49B12", 
    label := "B", order := 686, GLZConj := 1, matgens := [ 
        PowerSequence(IntegerRing(49)) |
        [ IntegerRing(49) | 8, 0, 14, 43 ],
        [ IntegerRing(49) | 15, 42, 21, 36 ],
        [ IntegerRing(49) | 25, 25, 38, 40 ],
        [ IntegerRing(49) | 48, 0, 0, 48 ]
    ], cusps := [ IntegerRing() | 7, 7, 7, 49, 49, 49 ], c2 := [ IntegerRing() |
    2, 2, 2, 2, 2, 2, 2, 2, 2, 2, 2, 2, 2, 2, 2, 2, 2, 2, 2, 2, 2, 2, 2, 2, 2, 
    2, 2, 2, 2, 2, 2, 2, 2, 2, 2, 2, 2, 2, 2, 2, 2, 2, 2, 2, 2, 2, 2, 2, 2, 2, 
    2, 2, 2, 2, 2, 2, 2, 2, 2, 2, 2, 2, 2, 2, 2, 2, 2, 2, 2, 2, 2, 2, 2, 2, 2, 
    2, 2, 2, 2, 2, 2, 2, 2, 2 ], c3 := [ IntegerRing() | 3, 3, 3, 3, 3, 3, 3, 3,
    3, 3, 3, 3, 3, 3, 3, 3, 3, 3, 3, 3, 3, 3, 3, 3, 3, 3, 3, 3, 3, 3, 3, 3, 3, 
    3, 3, 3, 3, 3, 3, 3, 3, 3, 3, 3, 3, 3, 3, 3, 3, 3, 3, 3, 3, 3, 3, 3 ], gc :=
    [ IntegerRing() | 3, 3, 6, 6, 6 ], special_name := [], special_name_html := 
    [], direct_subgroups := [], direct_supergroups := [ IntegerRing() | 40 ], 
    length := 24, treename := [ PowerSequence(IntegerRing()) |
        [ IntegerRing() | 343, 1, 3, 3 ],
        [ IntegerRing() | 343, 1, 3, 4 ],
        [ IntegerRing() | 343, 1, 3, 7 ],
        [ IntegerRing() | 392, 1, 4, 2 ],
        [ IntegerRing() | 392, 1, 4, 5 ],
        [ IntegerRing() | 392, 1, 4, 9 ],
        [ IntegerRing() | 441, 1, 6, 3 ],
        [ IntegerRing() | 441, 1, 6, 4 ],
        [ IntegerRing() | 441, 1, 6, 5 ],
        [ IntegerRing() | 490, 1, 6, 6 ],
        [ IntegerRing() | 490, 1, 6, 8 ],
        [ IntegerRing() | 490, 1, 6, 10 ],
        [ IntegerRing() | 588, 1, 8, 4 ],
        [ IntegerRing() | 588, 1, 8, 8 ],
        [ IntegerRing() | 588, 1, 8, 10 ]
    ], treesupergroups := [ PowerSequence(IntegerRing()) |
        [ IntegerRing() | 343, 1, 3 ],
        [ IntegerRing() | 343, 1, 3 ],
        [ IntegerRing() | 343, 1, 3 ],
        [ IntegerRing() | 392, 1, 4 ],
        [ IntegerRing() | 392, 1, 4 ],
        [ IntegerRing() | 392, 1, 4 ],
        [ IntegerRing() | 441, 1, 6 ],
        [ IntegerRing() | 441, 1, 6 ],
        [ IntegerRing() | 441, 1, 6 ],
        [ IntegerRing() | 490, 1, 6 ],
        [ IntegerRing() | 490, 1, 6 ],
        [ IntegerRing() | 490, 1, 6 ],
        [ IntegerRing() | 588, 1, 8 ],
        [ IntegerRing() | 588, 1, 8 ],
        [ IntegerRing() | 588, 1, 8 ]
    ]>,
    rec<recformat<generators: SeqEnum, level: IntegerRing(), genus: 
    IntegerRing(), index: IntegerRing(), contains_minus_one: BoolElt, subgroups:
    SeqEnum, supergroups: SeqEnum, name: MonStgElt, label: MonStgElt, order: 
    IntegerRing(), GLZConj: IntegerRing(), matgens: SeqEnum, cusps: SeqEnum, c2:
    SeqEnum, c3: SeqEnum, gc: SeqEnum, projections: SeqEnum, special_name: 
    SeqEnum, special_name_html: SeqEnum, direct_subgroups: SeqEnum, 
    direct_supergroups: SeqEnum, length: IntegerRing(), treename: SeqEnum, 
    treesupergroups: SeqEnum> | generators := [ PowerSequence(IntegerRing()) |
        [ IntegerRing() | -1, -1, -2, -2, -2, -2, 1, 2, 2, 2, 2, 2, 2, -1, 2, 2,
        2, 2, 2, 2, 2, 2, 2, 2, 2, 2, 2, 2, 2, 2, 2, 2, 2, 2, 2, 2, 2, 2, 2, 2, 
        2, 2, 2, 2, 2, 2, 2, 2, 1, -2, -2, -2, -2, 1, -2, -2, 1, -2, -2, -2, -2,
        -2, -2, -2, -2, -2, -2, -2, -2, 1 ],
        [ IntegerRing() | -1, -1, -2, -2, -2, -2, 1, 2, 2, 2, 2, 2, 2, -1, 2, 2,
        2, 2, 2, 2, 2, 2, 2, 2, 2, 2, 2, 2, 2, 2, 2, 2, 2, 2, 2, 2, 2, 2, 2, 2, 
        2, 2, 2, 2, 2, 2, 2, 2, 2, 2, 2, 2, 2, 2, 2, 2, 2, 2, 2, 2, -1, -2, -2, 
        -2, -2, 1, 2, 2, 2, 2, 2, 2, -1, 2, 2, 2, 2, 2, 2, 1 ],
        [ IntegerRing() | -1, -2, -2, 1, -2, -2, -2, -2, -2, -2, -2, -2, 1, -2, 
        1 ],
        [ IntegerRing() | -1, -1, -2, -2, -2, -2, 1, 2, 2, 2, 2, 2, 2, -1, 2, 2,
        2, 2, 2, 2, 2, 2, 2, 2, 2, 2, 2, 2, 2, 2, 2, 2, 2, 2, 2, 2, 2, 2, 2, 2, 
        2, 2, 2, 2, 2, 2, 2, 2, 2, 2, 2, 2, 2, 2, 2, 2, 2, 2, 2, 2, -1, -2, -2, 
        -2, -2, 1, 2, 2, 2, 2, 2, 2, -1, 2, 2, 2, 2, 2, 2, 2, 2, 2, 2, 2, 2, 2, 
        2, 2, 2, 2, 2, 2, 2, 2, 2, 2, 2, 2, 2, 2, 2, 2, 2, 2, 2, 2, 2, 2, 2, 2, 
        2, 2, 2, 2, 2, 2, 2, 2, 2, -1, -2, -2, -2, -2, 1, 2, 2, 2, 2, 2, 2, -1, 
        2, 2, 2, 2, 2, 2, 2, 2, 2, 2, 2, 2, 2, 2, 2, 2, 2, 2, 2, 2, 2, 2, 2, 2, 
        2, 2, 2, 2, 2, 2, 2, 2, 2, 2, 2, 2, 2, 2, 2, 2, 2, 2, 2, 2, 2, 2, -1, 
        -2, -2, -2, -2, 1, 2, 2, 2, 2, 2, 2, -1, 2, 2, 2, 2, 2, 2, 2, 2, 2, 2, 
        2, 2, 2, 2, 2, 2, 2, 2, 2, 2, 2, 2, 2, 2, 2, 2, 2, 2, 2, 2, 2, 2, 2, 2, 
        2, 2, 2, 2, 2, 2, 2, 2, 2, 2, 2, 2, -1, -2, -2, -2, -2, 1, 2, 2, 2, 2, 
        2, 2, -1, 2, 2, 2, 2, 2, 2, 2, 2, 2, 2, 2, 2, 2, 2, 2, 2, 2, 2, 2, 2, 2,
        2, 2, 2, 2, 2, 2, 2, 2, 2, 2, 2, 2, 2, 2, 2, 2, 2, 2, 2, 2, 2, 2, 2, 2, 
        2, -1, -2, -2, -2, -2, 1, 2, 2, 2, 2, 2, 2, -1, 2, 2, 2, 2, 2, 2, 2, 2, 
        2, 2, 2, 2, 2, 2, 2, 2, 2, 2, 2, 2, 2, 2, 2, 2, 2, 2, 2, 2, 2, 2, 2, 2, 
        2, 2, 2, 2, 2, 2, 2, 2, 2, 2, 2, 2, 2, 2, -1, -2, -2, -2, -2, 1, 2, 2, 
        2, 2, 2, 2, -1, 2, 2, 2, 2, 2, 2, 2, 2, 2, 2, 2, 2, 2, 2, 2, 2, 2, 2, 2,
        2, 2, 2, 2, 2, 2, 2, 2, 2, 2, 2, 2, 2, 2, 2, 2, 2, 2, 2, 2, 2, 2, 2, 2, 
        2, 2, 2, -1, -2, -2, -2, -2, 1, 2, 2, 2, 2, 2, 2, -1, 2, 2, 2, 2, 2, 2, 
        2, 2, 2, 2, 2, 2, 2, 2, 2, 2, 2, 2, 2, 2, 2, 2, 2, 2, 2, 2, 2, 2, 2, 2, 
        2, 2, 2, 2, 2, 2, 1, 1, 1 ],
        [ IntegerRing() | -1, -1, -2, -2, -2, -2, 1, 2, 2, 2, 2, 2, 2, -1, 2, 2,
        2, 2, 2, 2, 2, 2, 2, 2, 2, 2, 2, 2, 2, 2, 2, 2, 2, 2, 2, 2, 2, 2, 2, 2, 
        2, 2, 2, 2, 2, 2, 2, 2, 2, 2, 2, 2, 2, 2, 2, 2, 2, 2, 2, 2, -1, -2, -2, 
        -2, -2, 1, 2, 2, 2, 2, 2, 2, -1, 2, 2, 2, 2, 2, 2, 2, 2, 2, 2, 2, 2, 2, 
        2, 2, 2, 2, 2, 2, 2, 2, 2, 2, 2, 2, 2, 2, 2, 2, 2, 2, 2, 2, 2, 2, 2, 2, 
        2, 2, 2, 2, 2, 2, 2, 2, 2, -1, -2, -2, -2, -2, 1, 2, 2, 2, 2, 2, 2, -1, 
        2, 2, 2, 2, 2, 2, 2, 2, 2, 2, 2, 2, 2, 2, 2, 2, 2, 2, 2, 2, 2, 2, 2, 2, 
        2, 2, 2, 2, 2, 2, 2, 2, 2, 2, 2, 2, 2, 2, 2, 2, 2, 2, 2, 2, 2, 2, -1, 
        -2, -2, -2, -2, 1, 2, 2, 2, 2, 2, 2, -1, 2, 2, 2, 2, 1, -2, -2, -2, -2, 
        1, -2, -2, 1, -2, -2, -2, -2, 1, -2, -2, 1, -2, -2, -2, -2 ],
        [ IntegerRing() | -1, -1, -2, -2, -2, -2, 1, 2, 2, 2, 2, 2, 2, -1, 2, 2,
        2, 2, 2, 2, 2, 2, 2, 2, 2, 2, 2, 2, 2, 2, 2, 2, 2, 2, 2, 2, 2, 2, 2, 2, 
        2, 2, 2, 2, 2, 2, 2, 2, 2, 2, 2, 2, 2, 2, 2, 2, 2, 2, 2, 2, -1, -2, -2, 
        -2, -2, 1, 2, 2, 2, 2, 2, 2, -1, 2, 2, 2, 2, 2, 2, 2, 2, 2, 2, 2, 2, 2, 
        2, 2, 2, 2, 2, 2, 2, 2, 2, 2, 2, 2, 2, 2, 2, 2, 2, 2, 2, 2, 2, 2, 2, 2, 
        2, 2, 2, 2, 2, 2, 2, 2, 2, -1, -2, -2, -2, -2, 1, 2, 2, 2, 2, 2, 2, -1, 
        2, 2, 2, 2, 2, 2, 2, 2, 2, 2, 2, 2, 2, 2, 2, 2, 2, 2, 2, 2, 2, 2, 2, 2, 
        2, 2, 2, 2, 2, 2, 2, 2, 2, 2, 2, 2, 2, 2, 2, 2, 2, 2, 2, 2, 2, 2, -1, 
        -2, -2, -2, -2, 1, 2, 2, 2, 2, 2, 2, -1, 2, 2, 2, 2, 2, 2, 2, 2, 2, 2, 
        2, 2, 2, 2, 2, 2, 2, 2, 2, 2, 2, 2, 2, 2, 2, 2, 2, 2, 2, 2, 2, 2, 2, 2, 
        2, 2, 2, 2, 2, 2, 2, 2, 2, 2, 2, 2, -1, -2, -2, -2, -2, 1, 2, 2, 2, 2, 
        2, 2, -1, 2, 2, 2, 2, 2, 2, 2, 2, 2, 2, 2, 2, 2, 2, 2, 2, 2, 2, 2, 2, 2,
        2, 2, 2, 2, 2, 2, 2, 2, 2, 2, 2, 2, 2, 2, 2, 2, 2, 2, 2, 2, 2, 2, 2, 2, 
        2, -1, -2, -2, -2, -2, 1, 2, 2, 2, 2, 2, 2, -1, 2, 2, 2, 2, 2, 2, 2, 2, 
        2, 2, 2, 2, 2, 2, 2, 2, 2, 2, 2, 2, 2, 2, 2, 2, 2, 2, 2, 2, 2, 2, 2, 2, 
        2, 2, 2, 2, 2, 2, 2, 2, 2, 2, 2, 2, 2, 2, -1, -2, -2, -2, -2, 1, 2, 2, 
        2, 2, 2, 2, -1, 2, 2, 2, 2, 2, 2, 2, 2, 2, 2, 2, 2, 1, -2, -2, -2, -2, 
        1, -2, -2, 1, -2, -2, -2, -2, 1, -2, -2 ]
    ], level := 50, genus := 12, index := 180, contains_minus_one := true, 
    subgroups := [], supergroups := [ IntegerRing() | 74, 745, 1246 ], name := 
    "50A12", label := "A", order := 500, GLZConj := 1, matgens := [ 
        PowerSequence(IntegerRing(50)) |
        [ IntegerRing(50) | 5, 22, 22, 17 ],
        [ IntegerRing(50) | 7, 8, 13, 15 ],
        [ IntegerRing(50) | 9, 44, 24, 23 ],
        [ IntegerRing(50) | 21, 10, 10, 31 ],
        [ IntegerRing(50) | 39, 0, 40, 9 ],
        [ IntegerRing(50) | 41, 0, 40, 11 ]
    ], cusps := [ IntegerRing() | 5, 5, 10, 10, 25, 25, 50, 50 ], c2 := [ 
    IntegerRing() | 2, 2, 2, 2, 2, 2, 2, 2, 2, 2, 2, 2, 2, 2, 2, 2, 2, 2, 2, 2, 
    2, 2, 2, 2, 2, 2, 2, 2, 2, 2, 2, 2, 2, 2, 2, 2, 2, 2, 2, 2, 2, 2, 2, 2, 2, 
    2, 2, 2, 2, 2, 2, 2, 2, 2, 2, 2, 2, 2, 2, 2, 2, 2, 2, 2, 2, 2, 2, 2, 2, 2, 
    2, 2, 2, 2, 2, 2, 2, 2, 2, 2, 2, 2, 2, 2, 2, 2, 2, 2, 2, 2 ], c3 := [ 
    IntegerRing() | 3, 3, 3, 3, 3, 3, 3, 3, 3, 3, 3, 3, 3, 3, 3, 3, 3, 3, 3, 3, 
    3, 3, 3, 3, 3, 3, 3, 3, 3, 3, 3, 3, 3, 3, 3, 3, 3, 3, 3, 3, 3, 3, 3, 3, 3, 
    3, 3, 3, 3, 3, 3, 3, 3, 3, 3, 3, 3, 3, 3, 3 ], gc := [ IntegerRing() | 2, 2,
    2, 2, 2, 2, 4, 4, 4, 4, 4, 4 ], special_name := [], special_name_html := [],
    direct_subgroups := [], direct_supergroups := [ IntegerRing() | 74, 745, 
    1246 ], length := 18, treename := [ PowerSequence(IntegerRing()) |
        [ IntegerRing() | 300, 2, 8, 6, 7 ],
        [ IntegerRing() | 300, 2, 8, 7, 10 ],
        [ IntegerRing() | 300, 2, 10, 14, 5 ],
        [ IntegerRing() | 400, 2, 7, 4, 7 ],
        [ IntegerRing() | 400, 2, 7, 5, 8 ],
        [ IntegerRing() | 400, 2, 8, 7, 1 ],
        [ IntegerRing() | 450, 3, 6, 6, 7 ],
        [ IntegerRing() | 450, 3, 6, 7, 10 ],
        [ IntegerRing() | 450, 3, 10, 11, 8 ],
        [ IntegerRing() | 500, 2, 2, 4, 3 ],
        [ IntegerRing() | 500, 2, 2, 5, 8 ],
        [ IntegerRing() | 500, 2, 8, 11, 4 ]
    ], treesupergroups := [ PowerSequence(IntegerRing()) |
        [ IntegerRing() | 300, 2, 8, 6 ],
        [ IntegerRing() | 300, 2, 8, 7 ],
        [ IntegerRing() | 300, 2, 10, 14 ],
        [ IntegerRing() | 400, 2, 7, 4 ],
        [ IntegerRing() | 400, 2, 7, 5 ],
        [ IntegerRing() | 400, 2, 8, 7 ],
        [ IntegerRing() | 450, 3, 6, 6 ],
        [ IntegerRing() | 450, 3, 6, 7 ],
        [ IntegerRing() | 450, 3, 10, 11 ],
        [ IntegerRing() | 500, 2, 2, 4 ],
        [ IntegerRing() | 500, 2, 2, 5 ],
        [ IntegerRing() | 500, 2, 8, 11 ]
    ]>,
    rec<recformat<generators: SeqEnum, level: IntegerRing(), genus: 
    IntegerRing(), index: IntegerRing(), contains_minus_one: BoolElt, subgroups:
    SeqEnum, supergroups: SeqEnum, name: MonStgElt, label: MonStgElt, order: 
    IntegerRing(), GLZConj: IntegerRing(), matgens: SeqEnum, cusps: SeqEnum, c2:
    SeqEnum, c3: SeqEnum, gc: SeqEnum, projections: SeqEnum, special_name: 
    SeqEnum, special_name_html: SeqEnum, direct_subgroups: SeqEnum, 
    direct_supergroups: SeqEnum, length: IntegerRing(), treename: SeqEnum, 
    treesupergroups: SeqEnum> | generators := [ PowerSequence(IntegerRing()) |
        [ IntegerRing() | -1, -1, -2, -2, -2, -2, 1, 2, 2, 2, 2, 2, 2, -1, 2, 2,
        2, 2, 2, 2, 2, 2, 2, 2, 2, 2, 2, 2, 2, 2, 2, 2, 2, 2, 2, 2, 2, 2, 2, 2, 
        2, 2, 2, 2, 2, 2, 2, 2, 2, 2, 2, 2, 2, 2, 2, 2, 2, 2, 2, 2, -1, -2, -2, 
        -2, -2, 1, 2, 2, 2, 2, 2, 2, -1, 2, 2, 2, 2, 2, 2, 2, 2, 2, 2, 2, 2, 2, 
        2, 2, 2, 2, 2, 2, 2, 2, 2, 2, 2, 2, 2, 2, 2, 2, 2, 2, 2, 1, -2, -2, 1, 
        -2, -2, -2, -2, -2, -2, -2, -2, 1 ],
        [ IntegerRing() | -1, -1, -2, -2, -2, -2, 1, 2, 2, 2, 2, 2, 2, -1, 2, 2,
        2, 2, 2, 2, 2, 2, 2, 2, 2, 2, 2, 2, 2, 2, 2, 2, 2, 2, 2, 2, 2, 2, 2, 2, 
        2, 2, 2, 2, 2, 2, 2, 2, 2, 2, 2, 2, 2, 2, 2, 2, 2, 2, 2, 2, -1, -2, -2, 
        -2, -2, 1, 2, 2, 2, 2, 2, 2, -1, 2, 2, 2, 2, 2, 2, 2, 2, 2, 2, 2, 2, 2, 
        2, 2, 2, 2, 2, 2, 2, 2, 2, 2, 2, 2, 2, 2, 2, 2, 2, 2, 2, 2, 2, 2, 2, 2, 
        2, 2, 2, 2, 2, 2, 2, 2, 2, -1, -2, -2, -2, -2, 1, 2, 2, 2, 2, 2, 2, -1, 
        2, 2, 2, 2, 2, 2, 2, 2, 2, 2, 2, 2, 2, 2, 2, 2, 2, 2, 2, 2, 2, 2, 2, 2, 
        2, 2, 2, 2, 2, 2, 2, 2, 2, 2, 2, 2, 2, 2, 2, 2, 2, 2, 2, 2, 2, 2, -1, 
        -2, -2, -2, -2, 1, 2, 2, 2, 2, 2, 2, -1, 2, 2, 2, 2, 2, 2, 2, 2, 2, 2, 
        2, 2, 2, 2, 2, 2, 2, 2, 2, 2, 2, 2, 2, 2, 2, 2, 2, 2, 2, 2, 2, 2, 2, 2, 
        2, 2, 2, 2, 2, 2, 2, 2, 2, 2, 2, 2, -1, -2, -2, -2, -2, 1, 2, 2, 2, 2, 
        2, 2, -1, 2, 2, 2, 2, 2, 2, 2, 2, 2, 2, 2, 2, 2, 2, 2, 2, 2, 2, 2, 2, 2,
        2, 2, 2, 2, 2, 2, 2, 2, 2, 2, 2, 2, 2, 2, 2, 2, 2, 2, 2, 2, 2, 2, 2, 2, 
        2, -1, -2, -2, -2, -2, 1, 2, 2, 2, 2, 2, 2, -1, 2, 2, 2, 2, 2, 2, 2, 2, 
        2, 2, 2, 2, 2, 2, 2, 2, 2, 2, 2, 2, 2, 2, 2, 2, 2, 2, 2, 2, 2, 2, 2, 2, 
        2, 2, 2, 2, 2, 2, 2, 2, 2, 2, 2, 2, 2, 2, -1, -2, -2, -2, -2, 1, 2, 2, 
        2, 2, 2, 2, -1, -2, -2, 1, -2, -2, -2, -2, -2, -2, -2, -2, 1, -2, -2, 
        -2, -2, 1, -2, 1 ],
        [ IntegerRing() | 1, 1 ],
        [ IntegerRing() | -1, -1, -2, -2, -2, -2, 1, 2, 2, 2, 2, 2, 2, -1, 2, 2,
        2, 2, 2, 2, 2, 2, 2, 2, 2, 2, 2, 2, 2, 2, 2, 2, 2, 2, 2, 2, 2, 2, 2, 2, 
        2, 2, 2, 2, 2, 2, 2, 2, 2, 2, 2, 2, 2, 2, 2, 2, 2, 2, 2, 2, -1, -2, -2, 
        -2, -2, 1, 2, 2, 2, 2, 2, 2, -1, 2, 2, 2, 2, 2, 2, 2, 2, 2, 2, 2, 2, 2, 
        2, 2, 2, 2, 2, 2, 2, 2, 2, 2, 2, 2, 2, 2, 2, 2, 2, 2, 2, 2, 2, 2, 2, 2, 
        2, 2, 2, 2, 2, 2, 2, 2, 2, -1, -2, -2, -2, -2, 1, 2, 2, 2, 2, 2, 2, -1, 
        2, 2, 2, 2, 2, 2, 2, 2, 2, 2, 2, 2, 2, 2, 2, 2, 2, 2, 2, 2, 2, 2, 2, 2, 
        2, 2, 2, 2, 2, 2, 2, 2, 2, 2, 2, 2, 2, 2, 2, 2, 2, 2, 2, 2, 2, 2, -1, 
        -2, -2, -2, -2, 1, 2, 2, 2, 2, 2, 2, -1, 2, 2, 2, 2, 2, 2, 2, 2, 2, 2, 
        2, 2, 2, 2, 2, 2, 2, 2, 2, 2, 2, 2, 2, 2, 2, 2, 2, 2, 2, 2, 2, 2, 2, 2, 
        2, 2, 2, 2, 2, 2, 2, 2, 2, 2, 2, 2, -1, -2, -2, -2, -2, 1, 2, 2, 2, 2, 
        2, 2, -1, 2, 2, 2, 2, 2, 2, 2, 2, 2, 2, 2, 2, 2, 2, 2, 2, 2, 2, 2, 2, 2,
        2, 2, 2, 2, 2, 2, 2, 2, 2, 2, 2, 2, 2, 2, 2, 2, 2, 2, 2, 2, 2, 2, 2, 2, 
        2, -1, -2, -2, -2, -2, 1, 2, 2, 2, 2, 2, 2, -1, 2, 2, 2, 2, 2, 2, 2, 2, 
        2, 2, 2, 2, 2, 2, 2, 2, 2, 2, 2, 2, 2, 2, 2, 2, 2, 2, 2, 2, 2, 2, 2, 2, 
        2, 2, 2, 2, 2, 2, 2, 2, 2, 2, 2, 2, 2, 2, -1, -2, -2, -2, -2, 1, 2, 2, 
        2, 2, 2, 2, -1, 2, 2, 2, 2, 2, 2, 2, 2, 2, 2, 2, 2, 2, 2, 2, 2, 2, 2, 2,
        2, 2, 2, 2, 2, 2, 2, 2, 2, 2, 2, 2, 2, 2, 2, 2, 2, 2, 2, 2, 2, 2, 2, 2, 
        2, 2, 2, -1, -2, -2, -2, -2, 1, 2, 2, 2, 2, 2, 2, -1, 2, 2, 2, 2, 2, 2, 
        2, 2, 2, 2, 2, 2, 2, 2, 2, 2, 2, 2, 2, 2, 2, 2, 2, 2, 2, 2, 2, 2, 2, 2, 
        2, 2, 2, 2, 2, 2, 2, 2, 2, 2, 2, 2, 2, 2, 2, 2, -1, -2, -2, -2, -2, 1, 
        2, 2, 2, 2, 2, 2, -1, 2, 2, 2, 2, 2, 2, 2, 2, 2, 2, 2, 2, 2, 2, 2, 2, 2,
        2, 2, 2, 2, 2, 2, 2, 2, 2, 2, 2, 2, 2, 2, 2, 1, -2, -2, -2, -2, 1, -2, 
        -2, 1, -2, -2, -2, -2, 1, -2, -2 ],
        [ IntegerRing() | -1, -1, -2, -2, -2, -2, 1, 2, 2, 2, 2, 2, 2, -1, 2, 2,
        2, 2, 2, 2, 2, 2, 2, 2, 2, 2, 2, 2, 2, 2, 2, 2, 2, 2, 2, 2, 2, 2, 2, 2, 
        2, 2, 2, 2, 2, 2, 2, 2, 2, 2, 2, 2, 2, 2, 2, 2, 2, 2, 2, 2, -1, -2, -2, 
        -2, -2, 1, 2, 2, 2, 2, 2, 2, -1, 2, 2, 2, 2, 2, 2, 2, 2, 2, 2, 2, 2, 2, 
        2, 2, 2, 2, 2, 2, 2, 2, 2, 2, 2, 2, 2, 2, 2, 2, 2, 2, 2, 2, 2, 2, 2, 2, 
        2, 2, 2, 2, 2, 2, 2, 2, 2, -1, -2, -2, -2, -2, 1, 2, 2, 2, 2, 2, 2, -1, 
        2, 2, 2, 2, 2, 2, 2, 2, 2, 2, 2, 2, 2, 2, 2, 2, 2, 2, 2, 2, 2, 2, 2, 2, 
        2, 2, 2, 2, 2, 2, 2, 2, 2, 2, 2, 2, 2, 2, 2, 2, 2, 2, 2, 2, 2, 2, -1, 
        -2, -2, -2, -2, 1, 2, 2, 2, 2, 2, 2, -1, 2, 2, 2, 2, 1, -2, -2, -2, -2, 
        1, -2, -2, 1, -2, -2, -2, -2, 1, -2, -2, 1, -2, -2, -2, -2 ],
        [ IntegerRing() | -1, -1, -2, -2, -2, -2, 1, 2, 2, 2, 2, 2, 2, -1, 2, 2,
        2, 2, 2, 2, 2, 2, 2, 2, 2, 2, 2, 2, 2, 2, 2, 2, 2, 2, 2, 2, 2, 2, 2, 2, 
        2, 2, 2, 2, 2, 2, 2, 2, 2, 2, 2, 2, 2, 2, 2, 2, 2, 2, 2, 2, -1, -2, -2, 
        -2, -2, 1, 2, 2, 2, 2, 2, 2, -1, 2, 2, 2, 2, 2, 2, 2, 2, 2, 2, 2, 2, 2, 
        2, 2, 2, 2, 2, 2, 2, 2, 2, 2, 2, 2, 2, 2, 2, 2, 2, 2, 2, 2, 2, 2, 2, 2, 
        2, 2, 2, 2, 2, 2, 2, 2, 2, -1, -2, -2, -2, -2, 1, 2, 2, 2, 2, 2, 2, -1, 
        2, 2, 2, 2, 2, 2, 2, 2, 2, 2, 2, 2, 2, 2, 2, 2, 2, 2, 2, 2, 2, 2, 2, 2, 
        2, 2, 2, 2, 2, 2, 2, 2, 2, 2, 2, 2, 2, 2, 2, 2, 2, 2, 2, 2, 2, 2, -1, 
        -2, -2, -2, -2, 1, 2, 2, 2, 2, 2, 2, -1, 2, 2, 2, 2, 2, 2, 2, 2, 2, 2, 
        2, 2, 2, 2, 2, 2, 2, 2, 2, 2, 2, 2, 2, 2, 2, 2, 2, 2, 2, 2, 2, 2, 2, 2, 
        2, 2, 2, 2, 2, 2, 2, 2, 2, 2, 2, 2, -1, -2, -2, -2, -2, 1, 2, 2, 2, 2, 
        2, 2, -1, 2, 2, 2, 2, 2, 2, 2, 2, 2, 2, 2, 2, 2, 2, 2, 2, 2, 2, 2, 2, 2,
        2, 2, 2, 2, 2, 2, 2, 2, 2, 2, 2, 2, 2, 2, 2, 2, 2, 2, 2, 2, 2, 2, 2, 2, 
        2, -1, -2, -2, -2, -2, 1, 2, 2, 2, 2, 1, -2, -2, -2, -2, -2, -2, 1, -2, 
        -2 ]
    ], level := 50, genus := 12, index := 180, contains_minus_one := true, 
    subgroups := [], supergroups := [ IntegerRing() | 74, 746, 1247 ], name := 
    "50B12", label := "B", order := 500, GLZConj := 1, matgens := [ 
        PowerSequence(IntegerRing(50)) |
        [ IntegerRing(50) | 15, 32, 22, 47 ],
        [ IntegerRing(50) | 19, 4, 34, 23 ],
        [ IntegerRing(50) | 21, 10, 10, 31 ],
        [ IntegerRing(50) | 31, 30, 0, 21 ],
        [ IntegerRing(50) | 43, 46, 11, 49 ],
        [ IntegerRing(50) | 49, 0, 0, 49 ]
    ], cusps := [ IntegerRing() | 5, 5, 10, 10, 25, 25, 50, 50 ], c2 := [ 
    IntegerRing() | 2, 2, 2, 2, 2, 2, 2, 2, 2, 2, 2, 2, 2, 2, 2, 2, 2, 2, 2, 2, 
    2, 2, 2, 2, 2, 2, 2, 2, 2, 2, 2, 2, 2, 2, 2, 2, 2, 2, 2, 2, 2, 2, 2, 2, 2, 
    2, 2, 2, 2, 2, 2, 2, 2, 2, 2, 2, 2, 2, 2, 2, 2, 2, 2, 2, 2, 2, 2, 2, 2, 2, 
    2, 2, 2, 2, 2, 2, 2, 2, 2, 2, 2, 2, 2, 2, 2, 2, 2, 2, 2, 2 ], c3 := [ 
    IntegerRing() | 3, 3, 3, 3, 3, 3, 3, 3, 3, 3, 3, 3, 3, 3, 3, 3, 3, 3, 3, 3, 
    3, 3, 3, 3, 3, 3, 3, 3, 3, 3, 3, 3, 3, 3, 3, 3, 3, 3, 3, 3, 3, 3, 3, 3, 3, 
    3, 3, 3, 3, 3, 3, 3, 3, 3, 3, 3, 3, 3, 3, 3 ], gc := [ IntegerRing() | 2, 2,
    2, 2, 2, 2, 4, 4, 4, 4, 4, 4 ], special_name := [], special_name_html := [],
    direct_subgroups := [], direct_supergroups := [ IntegerRing() | 74, 746, 
    1247 ], length := 18, treename := [ PowerSequence(IntegerRing()) |
        [ IntegerRing() | 300, 2, 5, 6, 10 ],
        [ IntegerRing() | 300, 2, 5, 7, 10 ],
        [ IntegerRing() | 300, 2, 10, 14, 4 ],
        [ IntegerRing() | 400, 2, 5, 4, 7 ],
        [ IntegerRing() | 400, 2, 5, 5, 8 ],
        [ IntegerRing() | 400, 2, 8, 7, 6 ],
        [ IntegerRing() | 450, 3, 5, 6, 7 ],
        [ IntegerRing() | 450, 3, 5, 7, 10 ],
        [ IntegerRing() | 450, 3, 10, 11, 3 ],
        [ IntegerRing() | 500, 2, 6, 4, 3 ],
        [ IntegerRing() | 500, 2, 6, 5, 8 ],
        [ IntegerRing() | 500, 2, 8, 11, 3 ]
    ], treesupergroups := [ PowerSequence(IntegerRing()) |
        [ IntegerRing() | 300, 2, 5, 6 ],
        [ IntegerRing() | 300, 2, 5, 7 ],
        [ IntegerRing() | 300, 2, 10, 14 ],
        [ IntegerRing() | 400, 2, 5, 4 ],
        [ IntegerRing() | 400, 2, 5, 5 ],
        [ IntegerRing() | 400, 2, 8, 7 ],
        [ IntegerRing() | 450, 3, 5, 6 ],
        [ IntegerRing() | 450, 3, 5, 7 ],
        [ IntegerRing() | 450, 3, 10, 11 ],
        [ IntegerRing() | 500, 2, 6, 4 ],
        [ IntegerRing() | 500, 2, 6, 5 ],
        [ IntegerRing() | 500, 2, 8, 11 ]
    ]>,
    rec<recformat<generators: SeqEnum, level: IntegerRing(), genus: 
    IntegerRing(), index: IntegerRing(), contains_minus_one: BoolElt, subgroups:
    SeqEnum, supergroups: SeqEnum, name: MonStgElt, label: MonStgElt, order: 
    IntegerRing(), GLZConj: IntegerRing(), matgens: SeqEnum, cusps: SeqEnum, c2:
    SeqEnum, c3: SeqEnum, gc: SeqEnum, projections: SeqEnum, special_name: 
    SeqEnum, special_name_html: SeqEnum, direct_subgroups: SeqEnum, 
    direct_supergroups: SeqEnum, length: IntegerRing(), treename: SeqEnum, 
    treesupergroups: SeqEnum> | generators := [ PowerSequence(IntegerRing()) |
        [ IntegerRing() | -1, -1, -2, -2, -2, -2, 1, 2, 2, 2, 2, 2, 2, -1, 2, 2,
        2, 2, 2, 2, 2, 2, 2, 2, 2, 2, 2, 2, 2, 2, 2, 2, 2, 2, 2, 2, 2, 2, 2, 2, 
        2, 2, 2, 2, 2, 2, 2, 2, 2, 2, 2, 2, 2, 2, 2, 2, 2, 2, 2, 2, -1, -2, -2, 
        -2, -2, 1, 2, 2, 2, 2, 2, 2, -1, 2, 2, 2, 2, 2, 2, 2, 2, 2, 2, 2, 2, 2, 
        2, 2, 2, 2, 2, 2, 2, 2, 2, 2, 2, 2, 2, 2, 2, 2, 2, 2, 2, 2, 2, 2, 2, 2, 
        2, 2, 2, 2, 2, 2, 2, 2, 2, -1, -2, -2, -2, -2, 1, 2, 2, 2, 2, 2, 2, -1, 
        2, 2, 2, 2, 2, 2, 2, 2, 2, 2, 2, 2, 2, 2, 2, 2, 2, 2, 2, 2, 2, 2, 2, 2, 
        2, 2, 2, 2, 2, 2, 2, 2, 2, 2, 2, 2, 2, 2, 2, 2, 2, 2, 2, 2, 2, 2, -1, 
        -2, -2, -2, -2, 1, 2, 2, 2, 2, 2, 2, -1, 2, 2, 2, 2, 2, 2, 2, 2, 2, 2, 
        2, 2, 2, 2, 2, 2, 2, 2, 2, 2, 2, 2, 2, 2, 2, 2, 2, 2, 2, 2, 2, 2, 2, 2, 
        2, 2, 2, 2, 2, 2, 2, 2, 2, 2, 2, 2, -1, -2, -2, -2, -2, 1, 2, 2, 2, 2, 
        2, 2, -1, 2, 2, 2, 2, 2, 2, 2, 2, 2, 2, 2, 2, 2, 2, 2, 2, 2, 2, 2, 2, 2,
        2, 2, 2, 2, 2, 2, 2, 2, 2, 2, 2, 2, 2, 2, 2, 2, 2, 2, 2, 2, 2, 2, 2, 2, 
        2, -1, -2, -2, -2, -2, 1, 2, 2, 2, 2, 2, 2, -1, 2, 2, 2, 2, 2, 2, 2, 2, 
        2, 2, 2, 2, 2, 2, 2, 2, 2, 2, 2, 2, 2, 2, 2, 2, 2, 2, 2, 2, 2, 2, 2, 2, 
        2, 2, 2, 2, 2, 2, 2, 2, 2, 2, 2, 2, 2, 2, -1, -2, -2, -2, -2, 1, 2, 2, 
        2, 2, 2, 2, -1, 2, 2, 2, 2, 2, 2, 2, 2, 2, 2, 2, 2, 2, 2, 2, 2, 2, 2, 2,
        2, 2, 2, 2, 2, 2, 2, 2, 2, 2, 2, 2, 2, 2, 2, 2, 2, 2, 2, 2, 2, 2, 2, 2, 
        2, 2, 2, -1, -2, -2, -2, -2, 1, 2, 2, 2, 2, 2, 2, -1, 2, 2, 2, 2, 2, 2, 
        2, 2, 2, 2, 2, 2, 2, 2, 2, 2, 2, 2, 2, 2, 2, 2, 2, 2, 2, 2, 2, 2, 2, 2, 
        2, 2, 2, 2, 2, 2, 2, 2, 2, 2, 2, 2, 2, 2, 2, 2, -1, -2, -2, -2, -2, 1, 
        2, 2, 2, 2, 2, 2, -1, 2, 2, 2, 2, 2, 2, 2, 2, 1, -2, -2, -2, -2, 1, -2, 
        -2, 1, -2, -2, -2, -2, 1, -2, -2, -2, -2, -2, -2, -2, -2 ],
        [ IntegerRing() | -1, -1, -2, -2, -2, -2, 1, 2, 2, 2, 2, 2, 2, -1, 2, 2,
        2, 2, 2, 2, 2, 2, 2, 2, 2, 2, 2, 2, 2, 2, 2, 2, 2, 2, 2, 2, 2, 2, 2, 2, 
        2, 2, 2, 2, 2, 2, 2, 2, 2, 2, 2, 2, 2, 2, 2, 2, 2, 2, 2, 2, -1, -2, -2, 
        -2, -2, 1, 2, 2, 2, 2, 2, 2, -1, 2, 2, 2, 2, 2, 2, 2, 2, 2, 2, 2, 2, 2, 
        2, 2, 2, 2, 2, 2, 2, 2, 2, 2, 2, 2, 2, 2, 2, 1, -2, -2, 1, -2, -2, 1 ],
        [ IntegerRing() | -1, -1, -2, -2, -2, -2, 1, 2, 2, 2, 2, 2, 2, -1, 2, 2,
        2, 2, 2, 2, 2, 2, 2, 2, 2, 2, 2, 2, 1, -2, -2, -2, -2, 1, -2, -2, 1, -2,
        -2, 1 ],
        [ IntegerRing() | -1, -2, -2, -2, -2, -2, -2, -2, -2, -2, -2, -2, -2, 
        -2, -2, -2, -2, -2, -2, -2, -2, -2, -2, -2, -2, -2, -2, -2, -2, -2, -2, 
        -2, -2, -2, -2, -2, -2, 1, -2, -2, 1, -2, -2, 1, -2, -2 ],
        [ IntegerRing() | -1, -1, -2, -2, -2, -2, 1, 2, 2, 2, 2, 2, 2, -1, 2, 2,
        2, 2, 2, 2, 2, 2, 2, 2, 2, 2, 2, 2, 2, 2, 2, 2, 2, 2, 2, 2, 2, 2, 2, 2, 
        2, 2, 2, 2, 2, 2, 2, 2, 2, 2, 2, 2, 2, 2, 2, 2, 2, 2, 2, 2, -1, -2, -2, 
        -2, -2, 1, 2, 2, 2, 2, 2, 2, -1, 2, 2, 2, 2, 2, 2, 2, 2, 2, 2, 2, 2, 2, 
        2, 2, 2, 2, 2, 2, 2, 2, 2, 2, 2, 2, 2, 2, 2, 2, 2, 2, 2, 2, 2, 2, 2, 2, 
        2, 2, 2, 2, 2, 2, 2, 2, 2, -1, -2, -2, -2, -2, 1, 2, 2, 2, 2, 2, 2, -1, 
        2, 2, 2, 2, 2, 2, 2, 2, 2, 2, 2, 2, 2, 2, 2, 2, 2, 2, 2, 2, 2, 2, 2, 2, 
        1, -2, -2, -2, -2, 1, -2, -2, 1, -2, -2, 1 ],
        [ IntegerRing() | -1, -1, -2, -2, -2, -2, 1, 2, 2, 2, 2, 2, 2, -1, 2, 2,
        2, 2, 2, 2, 2, 2, 2, 2, 2, 2, 2, 2, 2, 2, 2, 2, 2, 2, 2, 2, 2, 2, 2, 2, 
        2, 2, 2, 2, 2, 2, 2, 2, 2, 2, 2, 2, 2, 2, 2, 2, 2, 2, 2, 2, -1, -2, -2, 
        -2, -2, 1, 2, 2, 2, 2, 2, 2, -1, 2, 2, 2, 2, 2, 2, 2, 2, 2, 2, 2, 2, 2, 
        2, 2, 2, 2, 2, 2, 2, 2, 2, 2, 2, 2, 2, 2, 2, 2, 2, 2, 2, 2, 2, 2, 2, 2, 
        2, 2, 2, 2, 2, 2, 2, 2, 2, -1, -2, -2, -2, -2, 1, 2, 2, 2, 2, 2, 2, -1, 
        2, 2, 2, 2, 2, 2, 2, 2, 2, 2, 2, 2, 2, 2, 2, 2, 2, 2, 2, 2, 2, 2, 2, 2, 
        2, 2, 2, 2, 2, 2, 2, 2, 2, 2, 2, 2, 2, 2, 2, 2, 2, 2, 2, 2, 2, 2, -1, 
        -2, -2, -2, -2, 1, 2, 2, 2, 2, 2, 2, -1, 2, 2, 2, 2, 2, 2, 2, 2, 2, 2, 
        2, 2, 2, 2, 2, 2, 1 ],
        [ IntegerRing() | -1, -1, -2, -2, -2, -2, 1, 2, 2, 2, 2, 2, 2, -1, 2, 2,
        2, 2, 2, 2, 2, 2, 2, 2, 2, 2, 2, 2, 2, 2, 2, 2, 2, 2, 2, 2, 2, 2, 2, 2, 
        2, 2, 2, 2, 2, 2, 2, 2, 2, 2, 2, 2, 2, 2, 2, 2, 2, 2, 2, 2, -1, -2, -2, 
        -2, -2, 1, 2, 2, 2, 2, 2, 2, -1, 2, 2, 2, 2, 2, 2, 2, 2, 2, 2, 2, 2, 2, 
        2, 2, 2, 2, 2, 2, 2, 2, 2, 2, 2, 2, 2, 2, 2, 2, 2, 2, 2, 2, 2, 2, 2, 2, 
        2, 2, 2, 2, 2, 2, 2, 2, 2, -1, -2, -2, -2, -2, 1, 2, 2, 2, 2, 2, 2, -1, 
        2, 2, 2, 2, 2, 2, 2, 2, 2, 2, 2, 2, 2, 2, 2, 2, 2, 2, 2, 2, 2, 2, 2, 2, 
        2, 2, 2, 2, 2, 2, 2, 2, 2, 2, 2, 2, 2, 2, 2, 2, 2, 2, 2, 2, 2, 2, -1, 
        -2, -2, -2, -2, 1, 2, 2, 2, 2, 2, 2, -1, 2, 2, 2, 2, 1, -2, -2, -2, -2, 
        1, -2, -2, 1, -2, -2, -2, -2, 1, -2, -2, 1, -2, -2, -2, -2 ],
        [ IntegerRing() | -1, -1, -2, -2, -2, -2, 1, 2, 2, 2, 2, 2, 2, -1, 2, 2,
        2, 2, 2, 2, 2, 2, 2, 2, 1, -2, -2, -2, -2, 1, -2, -2, 1, -2, -2, -2, -2,
        -2, -2, -2, -2, -2, -2, -2, 1 ]
    ], level := 50, genus := 12, index := 180, contains_minus_one := true, 
    subgroups := [], supergroups := [ IntegerRing() | 74, 747, 1248 ], name := 
    "50C12", label := "C", order := 500, GLZConj := 1, matgens := [ 
        PowerSequence(IntegerRing(50)) |
        [ IntegerRing(50) | 3, 46, 6, 9 ],
        [ IntegerRing(50) | 19, 40, 30, 29 ],
        [ IntegerRing(50) | 21, 10, 10, 31 ],
        [ IntegerRing(50) | 23, 32, 22, 35 ],
        [ IntegerRing(50) | 31, 0, 30, 21 ],
        [ IntegerRing(50) | 33, 22, 17, 25 ],
        [ IntegerRing(50) | 35, 2, 22, 7 ],
        [ IntegerRing(50) | 35, 22, 2, 7 ]
    ], cusps := [ IntegerRing() | 5, 5, 10, 10, 25, 25, 50, 50 ], c2 := [ 
    IntegerRing() | 2, 2, 2, 2, 2, 2, 2, 2, 2, 2, 2, 2, 2, 2, 2, 2, 2, 2, 2, 2, 
    2, 2, 2, 2, 2, 2, 2, 2, 2, 2, 2, 2, 2, 2, 2, 2, 2, 2, 2, 2, 2, 2, 2, 2, 2, 
    2, 2, 2, 2, 2, 2, 2, 2, 2, 2, 2, 2, 2, 2, 2, 2, 2, 2, 2, 2, 2, 2, 2, 2, 2, 
    2, 2, 2, 2, 2, 2, 2, 2, 2, 2, 2, 2, 2, 2, 2, 2, 2, 2, 2, 2 ], c3 := [ 
    IntegerRing() | 3, 3, 3, 3, 3, 3, 3, 3, 3, 3, 3, 3, 3, 3, 3, 3, 3, 3, 3, 3, 
    3, 3, 3, 3, 3, 3, 3, 3, 3, 3, 3, 3, 3, 3, 3, 3, 3, 3, 3, 3, 3, 3, 3, 3, 3, 
    3, 3, 3, 3, 3, 3, 3, 3, 3, 3, 3, 3, 3, 3, 3 ], gc := [ IntegerRing() | 2, 2,
    2, 2, 2, 2, 4, 4, 4, 4, 4, 4 ], special_name := [], special_name_html := [],
    direct_subgroups := [], direct_supergroups := [ IntegerRing() | 74, 747, 
    1248 ], length := 18, treename := [ PowerSequence(IntegerRing()) |
        [ IntegerRing() | 300, 2, 4, 6, 7 ],
        [ IntegerRing() | 300, 2, 4, 7, 10 ],
        [ IntegerRing() | 300, 2, 10, 14, 2 ],
        [ IntegerRing() | 400, 2, 2, 4, 7 ],
        [ IntegerRing() | 400, 2, 2, 5, 8 ],
        [ IntegerRing() | 400, 2, 8, 7, 5 ],
        [ IntegerRing() | 450, 3, 7, 6, 7 ],
        [ IntegerRing() | 450, 3, 7, 7, 10 ],
        [ IntegerRing() | 450, 3, 10, 11, 7 ],
        [ IntegerRing() | 500, 2, 7, 4, 7 ],
        [ IntegerRing() | 500, 2, 7, 5, 8 ],
        [ IntegerRing() | 500, 2, 8, 11, 5 ]
    ], treesupergroups := [ PowerSequence(IntegerRing()) |
        [ IntegerRing() | 300, 2, 4, 6 ],
        [ IntegerRing() | 300, 2, 4, 7 ],
        [ IntegerRing() | 300, 2, 10, 14 ],
        [ IntegerRing() | 400, 2, 2, 4 ],
        [ IntegerRing() | 400, 2, 2, 5 ],
        [ IntegerRing() | 400, 2, 8, 7 ],
        [ IntegerRing() | 450, 3, 7, 6 ],
        [ IntegerRing() | 450, 3, 7, 7 ],
        [ IntegerRing() | 450, 3, 10, 11 ],
        [ IntegerRing() | 500, 2, 7, 4 ],
        [ IntegerRing() | 500, 2, 7, 5 ],
        [ IntegerRing() | 500, 2, 8, 11 ]
    ]>,
    rec<recformat<generators: SeqEnum, level: IntegerRing(), genus: 
    IntegerRing(), index: IntegerRing(), contains_minus_one: BoolElt, subgroups:
    SeqEnum, supergroups: SeqEnum, name: MonStgElt, label: MonStgElt, order: 
    IntegerRing(), GLZConj: IntegerRing(), matgens: SeqEnum, cusps: SeqEnum, c2:
    SeqEnum, c3: SeqEnum, gc: SeqEnum, projections: SeqEnum, special_name: 
    SeqEnum, special_name_html: SeqEnum, direct_subgroups: SeqEnum, 
    direct_supergroups: SeqEnum, length: IntegerRing(), treename: SeqEnum, 
    treesupergroups: SeqEnum> | generators := [ PowerSequence(IntegerRing()) |
        [ IntegerRing() | -1, -2, -2, -2, -2, -2, -2, -2, -2, -2, -2, -2, -2, 
        -2, -2, -2, -2, -2, -2, -2, -2, -2, -2, -2, -2, -2, -2, -2, -2, -2, -2, 
        -2, -2, -2, -2, -2, -2, -2, -2, -2, -2, -2, -2, -2, -2, -2, -2, 1, -2, 
        -2, 1, -2, -2, 1, -2, -2, 1, -2, -2, -2, -2, -2, -2, 1, -2, -2, -2, -2 
        ],
        [ IntegerRing() | -1, -1, -2, -2, -2, -2, 1, 2, 2, 2, 2, 2, 2, -1, 2, 2,
        2, 2, 2, 2, 2, 2, 2, 2, 2, 2, 2, 2, 2, 2, 2, 2, 2, 2, 2, 2, 2, 2, 2, 2, 
        2, 2, 2, 2, 2, 2, 2, 2, 2, 2, 2, 2, 2, 2, 2, 2, 2, 2, 2, 2, -1, -2, -2, 
        -2, -2, 1, 2, 2, 2, 2, 2, 2, -1, 2, 2, 2, 2, 2, 2, 2, 2, 2, 2, 2, 2, 2, 
        2, 2, 2, 2, 2, 2, 2, 2, 2, 2, 2, 2, 2, 2, 2, 2, 2, 2, 2, 2, 2, 2, 2, 2, 
        2, 2, 2, 2, 2, 2, 2, 2, 2, -1, -2, -2, -2, -2, 1, 2, 2, 2, 2, 2, 2, -1, 
        2, 2, 2, 2, 2, 2, 2, 2, 2, 2, 2, 2, 2, 2, 2, 2, 2, 2, 2, 2, 2, 2, 2, 2, 
        2, 2, 2, 2, 2, 2, 2, 2, 2, 2, 2, 2, 2, 2, 2, 2, 2, 2, 2, 2, 2, 2, -1, 
        -2, -2, -2, -2, 1, 2, 2, 2, 2, 2, 2, -1, 2, 2, 2, 2, 2, 2, 2, 2, 2, 2, 
        2, 2, 2, 2, 2, 2, 2, 2, 2, 2, 2, 2, 2, 2, 2, 2, 2, 2, 2, 2, 2, 2, 2, 2, 
        2, 2, 2, 2, 2, 2, 2, 2, 2, 2, 2, 2, -1, -2, -2, -2, -2, 1, 2, 2, 2, 2, 
        2, 2, -1, 2, 2, 2, 2, 2, 2, 2, 2, 2, 2, 2, 2, 2, 2, 2, 2, 2, 2, 2, 2, 2,
        2, 2, 2, 2, 2, 2, 2, 2, 2, 2, 2, 2, 2, 2, 2, 2, 2, 1, -2, -2, -2, -2, 1,
        -2, -2, 1, -2, -2, -2, -2, 1, -2, -2, -2, -2, -2, -2, -2, -2 ],
        [ IntegerRing() | -1, -1, -2, -2, -2, -2, 1, 2, 2, 2, 2, 2, 2, -1, 2, 2,
        2, 2, 2, 2, 2, 2, 2, 2, 2, 2, 2, 2, 2, 2, 2, 2, 2, 2, 2, 2, 2, 2, 2, 2, 
        2, 2, 2, 2, 2, 2, 2, 2, 2, 2, 2, 2, 2, 2, 2, 2, 2, 2, 2, 2, -1, -2, -2, 
        -2, -2, 1, 2, 2, 2, 2, 2, 2, -1, 2, 2, 2, 2, 2, 2, 2, 2, 2, 2, 2, 2, 2, 
        2, 2, 2, 2, 2, 2, 2, 2, 2, 2, 2, 2, 2, 2, 2, 2, 2, 2, 2, 2, 2, 2, 2, 2, 
        2, 2, 2, 2, 2, 2, 2, 2, 2, -1, -2, -2, -2, -2, 1, 2, 2, 2, 2, 2, 2, -1, 
        2, 2, 2, 2, 2, 2, 2, 2, 2, 2, 2, 2, 2, 2, 2, 2, 2, 2, 2, 2, 2, 2, 2, 2, 
        2, 2, 2, 2, 2, 2, 2, 2, 2, 2, 2, 2, 2, 2, 2, 2, 2, 2, 2, 2, 2, 2, -1, 
        -2, -2, -2, -2, 1, 2, 2, 2, 2, 2, 2, -1, 2, 2, 2, 2, 2, 2, 2, 2, 2, 2, 
        2, 2, 2, 2, 2, 2, 2, 2, 2, 2, 2, 2, 2, 2, 2, 2, 2, 2, 2, 2, 2, 2, 2, 2, 
        2, 2, 2, 2, 2, 2, 2, 2, 2, 2, 2, 2, -1, -2, -2, -2, -2, 1, 2, 2, 2, 2, 
        2, 2, -1, 2, 2, 2, 2, 2, 2, 2, 2, 2, 2, 2, 2, 2, 2, 2, 2, 2, 2, 2, 2, 2,
        2, 2, 2, 2, 2, 2, 2, 2, 2, 2, 2, 2, 2, 2, 2, 2, 2, 2, 2, 2, 2, 2, 2, 2, 
        2, -1, -2, -2, -2, -2, 1, 2, 2, 2, 2, 2, 2, -1, 2, 2, 2, 2, 2, 2, 2, 2, 
        2, 2, 2, 2, 2, 2, 2, 2, 2, 2, 2, 2, 2, 2, 2, 2, 2, 2, 2, 2, 2, 2, 2, 2, 
        2, 2, 2, 2, 2, 2, 2, 2, 2, 2, 2, 2, 1, -2, -2, 1, -2, -2, -2, -2, -2, 
        -2, 1, -2, -2, 1, 2, 1 ],
        [ IntegerRing() | -1, -1, -2, -2, -2, -2, 1, 2, 2, 2, 2, 2, 2, -1, 2, 2,
        2, 2, 2, 2, 2, 2, 2, 2, 2, 2, 2, 2, 2, 2, 2, 2, 2, 2, 2, 2, 2, 2, 2, 2, 
        2, 2, 2, 2, 2, 2, 2, 2, 2, 2, 2, 2, 2, 2, 2, 2, 2, 2, 2, 2, -1, -2, -2, 
        -2, -2, 1, 2, 2, 2, 2, 2, 2, -1, 2, 2, 2, 2, 2, 2, 2, 2, 2, 2, 2, 2, 2, 
        2, 2, 2, 2, 2, 2, 2, 2, 2, 2, 2, 2, 2, 2, 2, 2, 2, 2, 2, 2, 2, 2, 2, 2, 
        2, 2, 2, 2, 2, 2, 2, 2, 2, -1, -2, -2, -2, -2, 1, 2, 2, 2, 2, 2, 2, -1, 
        2, 2, 2, 2, 2, 2, 2, 2, 2, 2, 2, 2, 2, 2, 2, 2, 2, 2, 2, 2, 2, 2, 2, 2, 
        2, 2, 2, 2, 2, 2, 2, 2, 2, 2, 2, 2, 2, 2, 2, 2, 2, 2, 2, 2, 2, 2, -1, 
        -2, -2, -2, -2, 1, 2, 2, 2, 2, 2, 2, -1, 2, 2, 2, 2, 2, 2, 2, 2, 2, 2, 
        2, 2, 2, 2, 2, 2, 2, 2, 2, 2, 2, 2, 2, 2, 2, 2, 2, 2, 2, 2, 2, 2, 2, 2, 
        2, 2, 2, 2, 2, 2, 2, 2, 2, 2, 2, 2, -1, -2, -2, -2, -2, 1, 2, 2, 2, 2, 
        2, 2, -1, 2, 2, 2, 2, 2, 2, 2, 2, 2, 2, 2, 2, 2, 2, 1, -2, -2, -2, -2, 
        1, -2, -2, 1, -2, -2, 1 ],
        [ IntegerRing() | -1, -1, -2, -2, -2, -2, 1, 2, 2, 2, 2, 2, 2, -1, 2, 2,
        2, 2, 2, 2, 2, 2, 2, 2, 2, 2, 2, 2, 2, 2, 2, 2, 2, 2, 2, 2, 2, 2, 2, 2, 
        2, 2, 2, 2, 2, 2, 2, 2, 2, 2, 2, 2, 2, 2, 2, 2, 2, 2, 2, 2, -1, -2, -2, 
        -2, -2, 1, 2, 2, 2, 2, 2, 2, -1, 2, 2, 2, 2, 2, 2, 2, 2, 2, 2, 2, 2, 2, 
        2, 2, 2, 2, 2, 2, 2, 2, 2, 2, 2, 2, 2, 2, 2, 2, 2, 2, 2, 2, 2, 2, 2, 2, 
        2, 2, 2, 2, 2, 2, 2, 2, 2, -1, -2, -2, -2, -2, 1, 2, 2, 2, 2, 2, 2, -1, 
        2, 2, 2, 2, 2, 2, 2, 2, 2, 2, 2, 2, 2, 2, 2, 2, 2, 2, 2, 2, 2, 2, 2, 2, 
        2, 2, 2, 2, 2, 2, 2, 2, 2, 2, 2, 2, 2, 2, 2, 2, 2, 2, 2, 2, 2, 2, -1, 
        -2, -2, -2, -2, 1, 2, 2, 2, 2, 2, 2, -1, 2, 2, 2, 2, 2, 2, 2, 2, 2, 2, 
        2, 2, 2, 2, 2, 2, 2, 2, 2, 2, 2, 2, 2, 2, 2, 2, 2, 2, 2, 2, 2, 2, 2, 2, 
        2, 2, 2, 2, 2, 2, 2, 2, 2, 2, 2, 2, -1, -2, -2, -2, -2, 1, 2, 2, 2, 2, 
        2, 2, -1, 2, 2, 2, 2, 2, 2, 2, 2, 2, 2, 2, 2, 1, -2, -2, 1, -2, -2, 1, 
        -2, -2, -2, 1 ],
        [ IntegerRing() | -1, -1, -2, -2, -2, -2, 1, 2, 2, 2, 2, 2, 2, -1, 2, 2,
        2, 2, 2, 2, 2, 2, 2, 2, 2, 2, 2, 2, 2, 2, 2, 2, 2, 2, 2, 2, 2, 2, 2, 2, 
        2, 2, 2, 2, 2, 2, 2, 2, 2, 2, 2, 2, 2, 2, 2, 2, 2, 2, 2, 2, -1, -2, -2, 
        -2, -2, 1, 2, 2, 2, 2, 2, 2, -1, 2, 2, 2, 2, 2, 2, 2, 2, 2, 2, 2, 2, 2, 
        2, 2, 2, 2, 2, 2, 2, 2, 2, 2, 2, 2, 2, 2, 2, 2, 2, 2, 2, 2, 2, 2, 2, 2, 
        2, 2, 2, 2, 2, 2, 2, 2, 2, -1, -2, -2, -2, -2, 1, 2, 2, 2, 2, 2, 2, -1, 
        2, 2, 2, 2, 2, 2, 2, 2, 2, 2, 2, 2, 2, 2, 2, 2, 2, 2, 2, 2, 2, 2, 2, 2, 
        2, 2, 2, 2, 2, 2, 2, 2, 2, 2, 2, 2, 2, 2, 2, 2, 2, 2, 2, 2, 2, 2, -1, 
        -2, -2, -2, -2, 1, 2, 2, 2, 2, 2, 2, -1, 2, 2, 2, 2, 1, -2, -2, -2, -2, 
        1, -2, -2, 1, -2, -2, -2, -2, 1, -2, -2, 1, -2, -2, -2, -2 ]
    ], level := 50, genus := 12, index := 180, contains_minus_one := true, 
    subgroups := [], supergroups := [ IntegerRing() | 74, 748, 1249 ], name := 
    "50D12", label := "D", order := 500, GLZConj := 1, matgens := [ 
        PowerSequence(IntegerRing(50)) |
        [ IntegerRing(50) | 7, 28, 33, 25 ],
        [ IntegerRing(50) | 21, 10, 10, 31 ],
        [ IntegerRing(50) | 21, 20, 0, 31 ],
        [ IntegerRing(50) | 35, 32, 42, 47 ],
        [ IntegerRing(50) | 49, 20, 5, 49 ],
        [ IntegerRing(50) | 49, 40, 10, 49 ]
    ], cusps := [ IntegerRing() | 5, 5, 10, 10, 25, 25, 50, 50 ], c2 := [ 
    IntegerRing() | 2, 2, 2, 2, 2, 2, 2, 2, 2, 2, 2, 2, 2, 2, 2, 2, 2, 2, 2, 2, 
    2, 2, 2, 2, 2, 2, 2, 2, 2, 2, 2, 2, 2, 2, 2, 2, 2, 2, 2, 2, 2, 2, 2, 2, 2, 
    2, 2, 2, 2, 2, 2, 2, 2, 2, 2, 2, 2, 2, 2, 2, 2, 2, 2, 2, 2, 2, 2, 2, 2, 2, 
    2, 2, 2, 2, 2, 2, 2, 2, 2, 2, 2, 2, 2, 2, 2, 2, 2, 2, 2, 2 ], c3 := [ 
    IntegerRing() | 3, 3, 3, 3, 3, 3, 3, 3, 3, 3, 3, 3, 3, 3, 3, 3, 3, 3, 3, 3, 
    3, 3, 3, 3, 3, 3, 3, 3, 3, 3, 3, 3, 3, 3, 3, 3, 3, 3, 3, 3, 3, 3, 3, 3, 3, 
    3, 3, 3, 3, 3, 3, 3, 3, 3, 3, 3, 3, 3, 3, 3 ], gc := [ IntegerRing() | 2, 2,
    2, 2, 2, 2, 4, 4, 4, 4, 4, 4 ], special_name := [], special_name_html := [],
    direct_subgroups := [], direct_supergroups := [ IntegerRing() | 74, 748, 
    1249 ], length := 18, treename := [ PowerSequence(IntegerRing()) |
        [ IntegerRing() | 300, 2, 7, 6, 8 ],
        [ IntegerRing() | 300, 2, 7, 7, 10 ],
        [ IntegerRing() | 300, 2, 10, 14, 3 ],
        [ IntegerRing() | 400, 2, 3, 4, 7 ],
        [ IntegerRing() | 400, 2, 3, 5, 8 ],
        [ IntegerRing() | 400, 2, 8, 7, 3 ],
        [ IntegerRing() | 450, 3, 4, 6, 7 ],
        [ IntegerRing() | 450, 3, 4, 7, 10 ],
        [ IntegerRing() | 450, 3, 10, 11, 6 ],
        [ IntegerRing() | 500, 2, 3, 4, 3 ],
        [ IntegerRing() | 500, 2, 3, 5, 8 ],
        [ IntegerRing() | 500, 2, 8, 11, 1 ]
    ], treesupergroups := [ PowerSequence(IntegerRing()) |
        [ IntegerRing() | 300, 2, 7, 6 ],
        [ IntegerRing() | 300, 2, 7, 7 ],
        [ IntegerRing() | 300, 2, 10, 14 ],
        [ IntegerRing() | 400, 2, 3, 4 ],
        [ IntegerRing() | 400, 2, 3, 5 ],
        [ IntegerRing() | 400, 2, 8, 7 ],
        [ IntegerRing() | 450, 3, 4, 6 ],
        [ IntegerRing() | 450, 3, 4, 7 ],
        [ IntegerRing() | 450, 3, 10, 11 ],
        [ IntegerRing() | 500, 2, 3, 4 ],
        [ IntegerRing() | 500, 2, 3, 5 ],
        [ IntegerRing() | 500, 2, 8, 11 ]
    ]>,
    rec<recformat<generators: SeqEnum, level: IntegerRing(), genus: 
    IntegerRing(), index: IntegerRing(), contains_minus_one: BoolElt, subgroups:
    SeqEnum, supergroups: SeqEnum, name: MonStgElt, label: MonStgElt, order: 
    IntegerRing(), GLZConj: IntegerRing(), matgens: SeqEnum, cusps: SeqEnum, c2:
    SeqEnum, c3: SeqEnum, gc: SeqEnum, projections: SeqEnum, special_name: 
    SeqEnum, special_name_html: SeqEnum, direct_subgroups: SeqEnum, 
    direct_supergroups: SeqEnum, length: IntegerRing(), treename: SeqEnum, 
    treesupergroups: SeqEnum> | generators := [ PowerSequence(IntegerRing()) |
        [ IntegerRing() | -1, -1, -2, -2, -2, -2, 1, 2, 2, 2, 2, 2, 2, -1, 2, 2,
        2, 2, 2, 2, 2, 2, 2, 2, 2, 2, 2, 2, 2, 2, 2, 2, 2, 2, 2, 2, 2, 2, 2, 2, 
        2, 2, 2, 2, 2, 2, 2, 2, 1, -2, -2, -2, -2, 1, -2, -2, 1, -2, -2, -2, -2,
        -2, -2, -2, -2, -2, -2, -2, -2, 1 ],
        [ IntegerRing() | -1, -1, -2, -2, -2, -2, 1, 2, 2, 2, 2, 2, 2, -1, 2, 2,
        2, 2, 2, 2, 2, 2, 2, 2, 2, 2, 2, 2, 2, 2, 2, 2, 2, 2, 2, 2, 2, 2, 2, 2, 
        2, 2, 2, 2, 2, 2, 2, 2, 2, 2, 2, 2, 2, 2, 2, 2, 2, 2, 2, 2, -1, -2, -2, 
        -2, -2, 1, 2, 2, 2, 2, 2, 2, -1, 2, 2, 2, 2, 2, 2, 1 ],
        [ IntegerRing() | -1, -1, -2, -2, -2, -2, 1, 2, 2, 2, 2, 2, 2, -1, 2, 2,
        2, 2, 2, 2, 2, 2, 2, 2, 2, 2, 2, 2, 2, 2, 2, 2, 2, 2, 2, 2, 2, 2, 2, 2, 
        2, 2, 2, 2, 2, 2, 2, 2, 2, 2, 2, 2, 2, 2, 2, 2, 2, 2, 2, 2, -1, -2, -2, 
        -2, -2, 1, 2, 2, 2, 2, 2, 2, -1, 2, 2, 2, 2, 2, 2, 2, 2, 2, 2, 2, 2, 2, 
        2, 2, 2, 2, 2, 2, 2, 2, 2, 2, 2, 2, 2, 2, 2, 2, 2, 2, 2, 2, 2, 2, 2, 2, 
        2, 2, 2, 2, 2, 2, 2, 2, 2, -1, -2, -2, -2, -2, 1, 2, 2, 2, 2, 2, 2, -1, 
        2, 2, 2, 2, 2, 2, 2, 2, 2, 2, 2, 2, 2, 2, 2, 2, 2, 2, 2, 2, 2, 2, 2, 2, 
        2, 2, 2, 2, 2, 2, 2, 2, 2, 2, 2, 2, 2, 2, 2, 2, 2, 2, 2, 2, 2, 2, -1, 
        -2, -2, -2, -2, 1, 2, 2, 2, 2, 2, 2, -1, 2, 2, 2, 2, 2, 2, 2, 2, 2, 2, 
        2, 2, 2, 2, 2, 2, 2, 2, 2, 2, 2, 2, 2, 2, 2, 2, 2, 2, 2, 2, 2, 2, 2, 2, 
        2, 2, 2, 2, 2, 2, 2, 2, 2, 2, 2, 2, -1, -2, -2, -2, -2, 1, 2, 2, 2, 2, 
        2, 2, -1, 2, 2, 2, 2, 2, 2, 2, 2, 2, 2, 2, 2, 2, 2, 2, 2, 2, 2, 2, 2, 2,
        2, 2, 2, 2, 2, 2, 2, 2, 2, 2, 2, 2, 2, 2, 2, 2, 2, 2, 2, 2, 2, 2, 2, 2, 
        2, -1, -2, -2, -2, -2, 1, 2, 2, 2, 2, 2, 2, -1, 2, 2, 2, 2, 2, 2, 2, 2, 
        2, 2, 2, 2, 2, 2, 2, 2, 2, 2, 2, 2, 2, 2, 2, 2, 2, 2, 2, 2, 2, 2, 2, 2, 
        2, 2, 2, 2, 2, 2, 2, 2, 2, 2, 2, 2, 2, 2, -1, -2, -2, -2, -2, 1, 2, 2, 
        2, 2, 2, 2, -1, 2, 2, 2, 2, 2, 2, 2, 2, 2, 2, 2, 2, 2, 2, 2, 2, 2, 2, 2,
        2, 2, 2, 2, 2, 2, 2, 2, 2, 2, 2, 2, 2, 2, 2, 2, 2, 2, 2, 2, 2, 2, 2, 2, 
        2, 2, 2, -1, -2, -2, -2, -2, 1, 2, 2, 2, 2, 2, 2, -1, 2, 2, 2, 2, 2, 2, 
        2, 2, 2, 2, 2, 2, 2, 2, 2, 2, 2, 2, 2, 2, 2, 2, 2, 2, 2, 2, 2, 2, 2, 2, 
        2, 2, 2, 2, 2, 2, 2, 2, 2, 2, 2, 2, 1, -2, -2, -2, -2, 1, 2, 1 ],
        [ IntegerRing() | -1, -1, -2, -2, -2, -2, 1, 2, 2, 2, 2, 2, 2, -1, 2, 2,
        2, 2, 2, 2, 2, 2, 2, 2, 2, 2, 2, 2, 2, 2, 2, 2, 2, 2, 2, 2, 2, 2, 2, 2, 
        2, 2, 2, 2, 2, 2, 2, 2, 2, 2, 2, 2, 2, 2, 2, 2, 2, 2, 2, 2, -1, -2, -2, 
        -2, -2, 1, 2, 2, 2, 2, 2, 2, -1, 2, 2, 2, 2, 2, 2, 2, 2, 2, 2, 2, 2, 2, 
        2, 2, 2, 2, 2, 2, 2, 2, 2, 2, 2, 2, 2, 2, 2, 2, 2, 2, 2, 2, 2, 2, 2, 2, 
        2, 2, 2, 2, 2, 2, 2, 2, 2, -1, -2, -2, -2, -2, 1, 2, 2, 2, 2, 2, 2, -1, 
        2, 2, 2, 2, 2, 2, 2, 2, 2, 2, 2, 2, 2, 2, 2, 2, 2, 2, 2, 2, 2, 2, 2, 2, 
        2, 2, 2, 2, 2, 2, 2, 2, 2, 2, 2, 2, 2, 2, 2, 2, 2, 2, 2, 2, 2, 2, -1, 
        -2, -2, -2, -2, 1, 2, 2, 2, 2, 2, 2, -1, 2, 2, 2, 2, 2, 2, 2, 2, 2, 2, 
        2, 2, 2, 2, 2, 2, 2, 2, 2, 2, 2, 2, 2, 2, 2, 2, 2, 2, 2, 2, 2, 2, 2, 2, 
        2, 2, 2, 2, 2, 2, 2, 2, 2, 2, 2, 2, -1, -2, -2, -2, -2, 1, 2, 2, 2, 2, 
        2, 2, -1, 2, 2, 2, 2, 2, 2, 2, 2, 2, 2, 2, 2, 2, 2, 2, 2, 2, 2, 2, 2, 2,
        2, 2, 2, 2, 2, 2, 2, 2, 2, 2, 2, 2, 2, 2, 2, 2, 2, 2, 2, 2, 2, 2, 2, 2, 
        2, -1, -2, -2, -2, -2, 1, 2, 2, 2, 2, 2, 2, -1, 2, 2, 2, 2, 2, 2, 2, 2, 
        2, 2, 2, 2, 2, 2, 2, 2, 2, 2, 2, 2, 2, 2, 2, 2, 2, 2, 2, 2, 2, 2, 2, 2, 
        2, 2, 2, 2, 2, 2, 2, 2, 2, 2, 2, 2, 2, 2, -1, -2, -2, -2, -2, 1, 2, 2, 
        2, 2, 2, 2, -1, 2, 2, 2, 2, 2, 2, 2, 2, 2, 2, 2, 2, 2, 2, 2, 2, 2, 2, 2,
        2, 2, 2, 2, 2, 2, 2, 2, 2, 2, 2, 2, 2, 2, 2, 2, 2, 2, 2, 2, 2, 2, 2, 2, 
        2, 2, 2, -1, -2, -2, -2, -2, 1, 2, 2, 2, 2, 2, 2, -1, 2, 2, 2, 2, 2, 2, 
        2, 2, 2, 2, 2, 2, 2, 2, 2, 2, 2, 2, 2, 2, 2, 2, 2, 2, 2, 2, 2, 2, 2, 2, 
        2, 2, 2, 2, 2, 2, 1, 1, 1 ],
        [ IntegerRing() | -1, -1, -2, -2, -2, -2, 1, 2, 2, 2, 2, 2, 2, -1, 2, 2,
        2, 2, 2, 2, 2, 2, 2, 2, 2, 2, 2, 2, 2, 2, 2, 2, 2, 2, 2, 2, 2, 2, 2, 2, 
        2, 2, 2, 2, 2, 2, 2, 2, 2, 2, 2, 2, 2, 2, 2, 2, 2, 2, 2, 2, -1, -2, -2, 
        -2, -2, 1, 2, 2, 2, 2, 2, 2, -1, 2, 2, 2, 2, 2, 2, 2, 2, 2, 2, 2, 2, 2, 
        2, 2, 2, 2, 2, 2, 2, 2, 2, 2, 2, 2, 2, 2, 2, 2, 2, 2, 2, 2, 2, 2, 2, 2, 
        2, 2, 2, 2, 2, 2, 2, 2, 2, -1, -2, -2, -2, -2, 1, 2, 2, 2, 2, 2, 2, -1, 
        2, 2, 2, 2, 2, 2, 2, 2, 2, 2, 2, 2, 2, 2, 2, 2, 2, 2, 2, 2, 2, 2, 2, 2, 
        2, 2, 2, 2, 2, 2, 2, 2, 2, 2, 2, 2, 2, 2, 2, 2, 2, 2, 2, 2, 2, 2, -1, 
        -2, -2, -2, -2, 1, 2, 2, 2, 2, 2, 2, -1, 2, 2, 2, 2, 1, -2, -2, -2, -2, 
        1, -2, -2, 1, -2, -2, -2, -2, 1, -2, -2, 1, -2, -2, -2, -2 ],
        [ IntegerRing() | -1, -1, -2, -2, -2, -2, 1, 2, 2, 2, 2, 2, 2, -1, 2, 2,
        2, 2, 2, 2, 2, 2, 2, 2, 2, 2, 2, 2, 2, 2, 2, 2, 2, 2, 2, 2, 2, 2, 2, 2, 
        2, 2, 2, 2, 2, 2, 2, 2, 2, 2, 2, 2, 2, 2, 2, 2, 2, 2, 2, 2, -1, -2, -2, 
        -2, -2, 1, 2, 2, 2, 2, 2, 2, -1, 2, 2, 2, 2, 2, 2, 2, 2, 2, 2, 2, 2, 2, 
        2, 2, 2, 2, 2, 2, 2, 2, 2, 2, 2, 2, 2, 2, 2, 2, 2, 2, 2, 2, 2, 2, 2, 2, 
        2, 2, 2, 2, 2, 2, 2, 2, 2, -1, -2, -2, -2, -2, 1, 2, 2, 2, 2, 2, 2, -1, 
        2, 2, 2, 2, 2, 2, 2, 2, 2, 2, 2, 2, 2, 2, 2, 2, 2, 2, 2, 2, 2, 2, 2, 2, 
        2, 2, 2, 2, 2, 2, 2, 2, 2, 2, 2, 2, 2, 2, 2, 2, 2, 2, 2, 2, 2, 2, -1, 
        -2, -2, -2, -2, 1, 2, 2, 2, 2, 2, 2, -1, 2, 2, 2, 2, 2, 2, 2, 2, 2, 2, 
        2, 2, 2, 2, 2, 2, 2, 2, 2, 2, 2, 2, 2, 2, 2, 2, 2, 2, 2, 2, 2, 2, 2, 2, 
        2, 2, 2, 2, 2, 2, 2, 2, 2, 2, 2, 2, -1, -2, -2, -2, -2, 1, 2, 2, 2, 2, 
        2, 2, -1, 2, 2, 2, 2, 2, 2, 2, 2, 2, 2, 2, 2, 2, 2, 2, 2, 2, 2, 2, 2, 2,
        2, 2, 2, 2, 2, 2, 2, 2, 2, 2, 2, 2, 2, 2, 2, 2, 2, 2, 2, 2, 2, 2, 2, 2, 
        2, -1, -2, -2, -2, -2, 1, 2, 2, 2, 2, 2, 2, -1, 2, 2, 2, 2, 2, 2, 2, 2, 
        2, 2, 2, 2, 2, 2, 2, 2, 2, 2, 2, 2, 2, 2, 2, 2, 2, 2, 2, 2, 2, 2, 2, 2, 
        2, 2, 2, 2, 2, 2, 2, 2, 2, 2, 2, 2, 2, 2, -1, -2, -2, -2, -2, 1, 2, 2, 
        2, 2, 2, 2, -1, 2, 2, 2, 2, 2, 2, 2, 2, 2, 2, 2, 2, 1, -2, -2, -2, -2, 
        1, -2, -2, 1, -2, -2, -2, -2, 1, -2, -2 ]
    ], level := 50, genus := 12, index := 180, contains_minus_one := true, 
    subgroups := [], supergroups := [ IntegerRing() | 75, 840, 1246 ], name := 
    "50E12", label := "E", order := 500, GLZConj := 1, matgens := [ 
        PowerSequence(IntegerRing(50)) |
        [ IntegerRing(50) | 5, 22, 22, 17 ],
        [ IntegerRing(50) | 9, 44, 24, 23 ],
        [ IntegerRing(50) | 21, 10, 10, 31 ],
        [ IntegerRing(50) | 39, 0, 40, 9 ],
        [ IntegerRing(50) | 41, 0, 40, 11 ],
        [ IntegerRing(50) | 45, 44, 21, 15 ]
    ], cusps := [ IntegerRing() | 10, 10, 10, 50, 50, 50 ], c2 := [ 
    IntegerRing() | 1, 1, 1, 1, 2, 2, 2, 2, 2, 2, 2, 2, 2, 2, 2, 2, 2, 2, 2, 2, 
    2, 2, 2, 2, 2, 2, 2, 2, 2, 2, 2, 2, 2, 2, 2, 2, 2, 2, 2, 2, 2, 2, 2, 2, 2, 
    2, 2, 2, 2, 2, 2, 2, 2, 2, 2, 2, 2, 2, 2, 2, 2, 2, 2, 2, 2, 2, 2, 2, 2, 2, 
    2, 2, 2, 2, 2, 2, 2, 2, 2, 2, 2, 2, 2, 2, 2, 2, 2, 2, 2, 2, 2, 2 ], c3 := [ 
    IntegerRing() | 3, 3, 3, 3, 3, 3, 3, 3, 3, 3, 3, 3, 3, 3, 3, 3, 3, 3, 3, 3, 
    3, 3, 3, 3, 3, 3, 3, 3, 3, 3, 3, 3, 3, 3, 3, 3, 3, 3, 3, 3, 3, 3, 3, 3, 3, 
    3, 3, 3, 3, 3, 3, 3, 3, 3, 3, 3, 3, 3, 3, 3 ], gc := [ IntegerRing() | 2, 2,
    2, 2, 2, 2, 4, 4, 4, 4, 4, 4, 4, 4, 4, 4, 4, 4, 20, 20, 20, 20, 20, 20 ], 
    special_name := [], special_name_html := [], direct_subgroups := [], 
    direct_supergroups := [ IntegerRing() | 75, 840, 1246 ], length := 90, 
    treename := [ PowerSequence(IntegerRing()) |
        [ IntegerRing() | 300, 2, 8, 6, 10 ],
        [ IntegerRing() | 300, 2, 8, 8, 6 ],
        [ IntegerRing() | 300, 2, 10, 11, 2 ],
        [ IntegerRing() | 400, 2, 7, 4, 4 ],
        [ IntegerRing() | 400, 2, 7, 7, 4 ],
        [ IntegerRing() | 400, 2, 8, 10, 6 ],
        [ IntegerRing() | 450, 3, 6, 6, 6 ],
        [ IntegerRing() | 450, 3, 6, 8, 6 ],
        [ IntegerRing() | 450, 3, 10, 10, 3 ],
        [ IntegerRing() | 500, 2, 2, 4, 9 ],
        [ IntegerRing() | 500, 2, 2, 7, 4 ],
        [ IntegerRing() | 500, 2, 8, 9, 3 ]
    ], treesupergroups := [ PowerSequence(IntegerRing()) |
        [ IntegerRing() | 300, 2, 8, 6 ],
        [ IntegerRing() | 300, 2, 8, 8 ],
        [ IntegerRing() | 300, 2, 10, 11 ],
        [ IntegerRing() | 400, 2, 7, 4 ],
        [ IntegerRing() | 400, 2, 7, 7 ],
        [ IntegerRing() | 400, 2, 8, 10 ],
        [ IntegerRing() | 450, 3, 6, 6 ],
        [ IntegerRing() | 450, 3, 6, 8 ],
        [ IntegerRing() | 450, 3, 10, 10 ],
        [ IntegerRing() | 500, 2, 2, 4 ],
        [ IntegerRing() | 500, 2, 2, 7 ],
        [ IntegerRing() | 500, 2, 8, 9 ]
    ]>,
    rec<recformat<generators: SeqEnum, level: IntegerRing(), genus: 
    IntegerRing(), index: IntegerRing(), contains_minus_one: BoolElt, subgroups:
    SeqEnum, supergroups: SeqEnum, name: MonStgElt, label: MonStgElt, order: 
    IntegerRing(), GLZConj: IntegerRing(), matgens: SeqEnum, cusps: SeqEnum, c2:
    SeqEnum, c3: SeqEnum, gc: SeqEnum, projections: SeqEnum, special_name: 
    SeqEnum, special_name_html: SeqEnum, direct_subgroups: SeqEnum, 
    direct_supergroups: SeqEnum, length: IntegerRing(), treename: SeqEnum, 
    treesupergroups: SeqEnum> | generators := [ PowerSequence(IntegerRing()) |
        [ IntegerRing() | -1, -1, -2, -2, -2, -2, 1, 2, 2, 2, 2, 2, 2, -1, 2, 2,
        2, 2, 2, 2, 2, 2, 2, 2, 2, 2, 2, 2, 2, 2, 2, 2, 2, 2, 2, 2, 2, 2, 2, 2, 
        2, 2, 2, 2, 2, 2, 2, 2, 2, 2, 2, 2, 2, 2, 2, 2, 2, 2, 2, 2, -1, -2, -2, 
        -2, -2, 1, 2, 2, 2, 2, 2, 2, -1, 2, 2, 2, 2, 2, 2, 2, 2, 2, 2, 2, 2, 2, 
        2, 2, 2, 2, 2, 2, 2, 2, 2, 2, 2, 2, 2, 2, 2, 2, 2, 2, 2, 1, -2, -2, 1, 
        -2, -2, -2, -2, -2, -2, -2, -2, 1 ],
        [ IntegerRing() | -1, -1, -2, -2, -2, -2, 1, 2, 2, 2, 2, 2, 2, -1, 2, 2,
        2, 2, 2, 2, 2, 2, 2, 2, 2, 2, 2, 2, 2, 2, 2, 2, 2, 2, 2, 2, 2, 2, 2, 2, 
        2, 2, 2, 2, 2, 2, 2, 2, 2, 2, 2, 2, 2, 2, 2, 2, 2, 2, 2, 2, -1, -2, -2, 
        -2, -2, 1, 2, 2, 2, 2, 2, 2, -1, 2, 2, 2, 2, 2, 2, 2, 2, 2, 2, 2, 2, 2, 
        2, 2, 2, 2, 2, 2, 2, 2, 2, 2, 2, 2, 2, 2, 2, 2, 2, 2, 2, 2, 2, 2, 2, 2, 
        2, 2, 2, 2, 2, 2, 2, 2, 2, -1, -2, -2, -2, -2, 1, 2, 2, 2, 2, 2, 2, -1, 
        2, 2, 2, 2, 2, 2, 2, 2, 2, 2, 2, 2, 2, 2, 2, 2, 2, 2, 2, 2, 2, 2, 2, 2, 
        2, 2, 2, 2, 2, 2, 2, 2, 2, 2, 2, 2, 2, 2, 2, 2, 2, 2, 2, 2, 2, 2, -1, 
        -2, -2, -2, -2, 1, 2, 2, 2, 2, 2, 2, -1, 2, 2, 2, 2, 2, 2, 2, 2, 2, 2, 
        2, 2, 2, 2, 2, 2, 2, 2, 2, 2, 2, 2, 2, 2, 2, 2, 2, 2, 2, 2, 2, 2, 2, 2, 
        2, 2, 2, 2, 2, 2, 2, 2, 2, 2, 2, 2, -1, -2, -2, -2, -2, 1, 2, 2, 2, 2, 
        2, 2, -1, 2, 2, 2, 2, 2, 2, 2, 2, 2, 2, 2, 2, 2, 2, 2, 2, 2, 2, 2, 2, 2,
        2, 2, 2, 2, 2, 2, 2, 2, 2, 2, 2, 2, 2, 2, 2, 2, 2, 2, 2, 2, 2, 2, 2, 2, 
        2, -1, -2, -2, -2, -2, 1, 2, 2, 2, 2, 2, 2, -1, 2, 2, 2, 2, 2, 2, 2, 2, 
        2, 2, 2, 2, 2, 2, 2, 2, 2, 2, 2, 2, 2, 2, 2, 2, 2, 2, 2, 2, 2, 2, 2, 2, 
        2, 2, 2, 2, 2, 2, 2, 2, 2, 2, 2, 2, 2, 2, -1, -2, -2, -2, -2, 1, 2, 2, 
        2, 2, 2, 2, -1, 2, 2, 2, 2, 2, 2, 2, 2, 2, 2, 2, 2, 2, 2, 2, 2, 2, 2, 2,
        2, 2, 2, 2, 2, 2, 2, 2, 2, 2, 2, 1, -2, -2, 1, -2, -2, 1, -2, -2, 1, -2,
        -2, -2, -2, -2, -2, 1, 2, 1 ],
        [ IntegerRing() | 1, 1 ],
        [ IntegerRing() | -1, -1, -2, -2, -2, -2, 1, 2, 2, 2, 2, 2, 2, -1, 2, 2,
        2, 2, 2, 2, 2, 2, 2, 2, 2, 2, 2, 2, 2, 2, 2, 2, 2, 2, 2, 2, 2, 2, 2, 2, 
        2, 2, 2, 2, 2, 2, 2, 2, 2, 2, 2, 2, 2, 2, 2, 2, 2, 2, 2, 2, -1, -2, -2, 
        -2, -2, 1, 2, 2, 2, 2, 2, 2, -1, 2, 2, 2, 2, 2, 2, 2, 2, 2, 2, 2, 2, 2, 
        2, 2, 2, 2, 2, 2, 2, 2, 2, 2, 2, 2, 2, 2, 2, 2, 2, 2, 2, 2, 2, 2, 2, 2, 
        2, 2, 2, 2, 2, 2, 2, 2, 2, -1, -2, -2, -2, -2, 1, 2, 2, 2, 2, 2, 2, -1, 
        2, 2, 2, 2, 2, 2, 2, 2, 2, 2, 2, 2, 2, 2, 2, 2, 2, 2, 2, 2, 2, 2, 2, 2, 
        2, 2, 2, 2, 2, 2, 2, 2, 2, 2, 2, 2, 2, 2, 2, 2, 2, 2, 2, 2, 2, 2, -1, 
        -2, -2, -2, -2, 1, 2, 2, 2, 2, 2, 2, -1, 2, 2, 2, 2, 2, 2, 2, 2, 2, 2, 
        2, 2, 2, 2, 2, 2, 2, 2, 2, 2, 2, 2, 2, 2, 2, 2, 2, 2, 2, 2, 2, 2, 2, 2, 
        2, 2, 2, 2, 2, 2, 2, 2, 2, 2, 2, 2, -1, -2, -2, -2, -2, 1, 2, 2, 2, 2, 
        2, 2, -1, 2, 2, 2, 2, 2, 2, 2, 2, 2, 2, 2, 2, 2, 2, 2, 2, 2, 2, 2, 2, 2,
        2, 2, 2, 2, 2, 2, 2, 2, 2, 2, 2, 2, 2, 2, 2, 2, 2, 2, 2, 2, 2, 2, 2, 2, 
        2, -1, -2, -2, -2, -2, 1, 2, 2, 2, 2, 2, 2, -1, 2, 2, 2, 2, 2, 2, 2, 2, 
        2, 2, 2, 2, 2, 2, 2, 2, 2, 2, 2, 2, 2, 2, 2, 2, 2, 2, 2, 2, 2, 2, 2, 2, 
        2, 2, 2, 2, 2, 2, 2, 2, 2, 2, 2, 2, 2, 2, -1, -2, -2, -2, -2, 1, 2, 2, 
        2, 2, 2, 2, -1, 2, 2, 2, 2, 2, 2, 2, 2, 2, 2, 2, 2, 2, 2, 2, 2, 2, 2, 2,
        2, 2, 2, 2, 2, 2, 2, 2, 2, 2, 2, 2, 2, 2, 2, 2, 2, 2, 2, 2, 2, 2, 2, 2, 
        2, 2, 2, -1, -2, -2, -2, -2, 1, 2, 2, 2, 2, 2, 2, -1, 2, 2, 2, 2, 2, 2, 
        2, 2, 2, 2, 2, 2, 2, 2, 2, 2, 2, 2, 2, 2, 2, 2, 2, 2, 2, 2, 2, 2, 2, 2, 
        2, 2, 2, 2, 2, 2, 2, 2, 2, 2, 2, 2, 2, 2, 2, 2, -1, -2, -2, -2, -2, 1, 
        2, 2, 2, 2, 2, 2, -1, 2, 2, 2, 2, 2, 2, 2, 2, 2, 2, 2, 2, 2, 2, 2, 2, 2,
        2, 2, 2, 2, 2, 2, 2, 2, 2, 2, 2, 2, 2, 2, 2, 1, -2, -2, -2, -2, 1, -2, 
        -2, 1, -2, -2, -2, -2, 1, -2, -2 ],
        [ IntegerRing() | -1, -1, -2, -2, -2, -2, 1, 2, 2, 2, 2, 2, 2, -1, 2, 2,
        2, 2, 2, 2, 2, 2, 2, 2, 2, 2, 2, 2, 2, 2, 2, 2, 2, 2, 2, 2, 2, 2, 2, 2, 
        2, 2, 2, 2, 2, 2, 2, 2, 2, 2, 2, 2, 2, 2, 2, 2, 2, 2, 2, 2, -1, -2, -2, 
        -2, -2, 1, 2, 2, 2, 2, 2, 2, -1, 2, 2, 2, 2, 2, 2, 2, 2, 2, 2, 2, 2, 2, 
        2, 2, 2, 2, 2, 2, 2, 2, 2, 2, 2, 2, 2, 2, 2, 2, 2, 2, 2, 2, 2, 2, 2, 2, 
        2, 2, 2, 2, 2, 2, 2, 2, 2, -1, -2, -2, -2, -2, 1, 2, 2, 2, 2, 2, 2, -1, 
        2, 2, 2, 2, 2, 2, 2, 2, 2, 2, 2, 2, 2, 2, 2, 2, 2, 2, 2, 2, 2, 2, 2, 2, 
        2, 2, 2, 2, 2, 2, 2, 2, 2, 2, 2, 2, 2, 2, 2, 2, 2, 2, 2, 2, 2, 2, -1, 
        -2, -2, -2, -2, 1, 2, 2, 2, 2, 2, 2, -1, 2, 2, 2, 2, 1, -2, -2, -2, -2, 
        1, -2, -2, 1, -2, -2, -2, -2, 1, -2, -2, 1, -2, -2, -2, -2 ],
        [ IntegerRing() | -1, -1, -2, -2, -2, -2, 1, 2, 2, 2, 2, 2, 2, -1, 2, 2,
        2, 2, 2, 2, 2, 2, 2, 2, 2, 2, 2, 2, 2, 2, 2, 2, 2, 2, 2, 2, 2, 2, 2, 2, 
        2, 2, 2, 2, 2, 2, 2, 2, 2, 2, 2, 2, 2, 2, 2, 2, 2, 2, 2, 2, -1, -2, -2, 
        -2, -2, 1, 2, 2, 2, 2, 2, 2, -1, 2, 2, 2, 2, 2, 2, 2, 2, 2, 2, 2, 2, 2, 
        2, 2, 2, 2, 2, 2, 2, 2, 2, 2, 2, 2, 2, 2, 2, 2, 2, 2, 2, 2, 2, 2, 2, 2, 
        2, 2, 2, 2, 2, 2, 2, 2, 2, -1, -2, -2, -2, -2, 1, 2, 2, 2, 2, 2, 2, -1, 
        2, 2, 2, 2, 2, 2, 2, 2, 2, 2, 2, 2, 2, 2, 2, 2, 2, 2, 2, 2, 2, 2, 2, 2, 
        2, 2, 2, 2, 2, 2, 2, 2, 2, 2, 2, 2, 2, 2, 2, 2, 2, 2, 2, 2, 2, 2, -1, 
        -2, -2, -2, -2, 1, 2, 2, 2, 2, 2, 2, -1, 2, 2, 2, 2, 2, 2, 2, 2, 2, 2, 
        2, 2, 2, 2, 2, 2, 2, 2, 2, 2, 2, 2, 2, 2, 2, 2, 2, 2, 2, 2, 2, 2, 2, 2, 
        2, 2, 2, 2, 2, 2, 2, 2, 2, 2, 2, 2, -1, -2, -2, -2, -2, 1, 2, 2, 2, 2, 
        2, 2, -1, 2, 2, 2, 2, 2, 2, 2, 2, 2, 2, 2, 2, 2, 2, 2, 2, 2, 2, 2, 2, 2,
        2, 2, 2, 2, 2, 2, 2, 2, 2, 2, 2, 2, 2, 2, 2, 2, 2, 2, 2, 2, 2, 2, 2, 2, 
        2, -1, -2, -2, -2, -2, 1, 2, 2, 2, 2, 1, -2, -2, -2, -2, -2, -2, 1, -2, 
        -2 ]
    ], level := 50, genus := 12, index := 180, contains_minus_one := true, 
    subgroups := [], supergroups := [ IntegerRing() | 75, 841, 1247 ], name := 
    "50F12", label := "F", order := 500, GLZConj := 1, matgens := [ 
        PowerSequence(IntegerRing(50)) |
        [ IntegerRing(50) | 15, 32, 22, 47 ],
        [ IntegerRing(50) | 19, 4, 34, 23 ],
        [ IntegerRing(50) | 21, 10, 10, 31 ],
        [ IntegerRing(50) | 25, 36, 9, 45 ],
        [ IntegerRing(50) | 31, 30, 0, 21 ],
        [ IntegerRing(50) | 49, 0, 0, 49 ]
    ], cusps := [ IntegerRing() | 10, 10, 10, 50, 50, 50 ], c2 := [ 
    IntegerRing() | 1, 1, 1, 1, 2, 2, 2, 2, 2, 2, 2, 2, 2, 2, 2, 2, 2, 2, 2, 2, 
    2, 2, 2, 2, 2, 2, 2, 2, 2, 2, 2, 2, 2, 2, 2, 2, 2, 2, 2, 2, 2, 2, 2, 2, 2, 
    2, 2, 2, 2, 2, 2, 2, 2, 2, 2, 2, 2, 2, 2, 2, 2, 2, 2, 2, 2, 2, 2, 2, 2, 2, 
    2, 2, 2, 2, 2, 2, 2, 2, 2, 2, 2, 2, 2, 2, 2, 2, 2, 2, 2, 2, 2, 2 ], c3 := [ 
    IntegerRing() | 3, 3, 3, 3, 3, 3, 3, 3, 3, 3, 3, 3, 3, 3, 3, 3, 3, 3, 3, 3, 
    3, 3, 3, 3, 3, 3, 3, 3, 3, 3, 3, 3, 3, 3, 3, 3, 3, 3, 3, 3, 3, 3, 3, 3, 3, 
    3, 3, 3, 3, 3, 3, 3, 3, 3, 3, 3, 3, 3, 3, 3 ], gc := [ IntegerRing() | 2, 2,
    2, 2, 2, 2, 4, 4, 4, 4, 4, 4, 4, 4, 4, 4, 4, 4, 20, 20, 20, 20, 20, 20 ], 
    special_name := [], special_name_html := [], direct_subgroups := [], 
    direct_supergroups := [ IntegerRing() | 75, 841, 1247 ], length := 90, 
    treename := [ PowerSequence(IntegerRing()) |
        [ IntegerRing() | 300, 2, 5, 6, 7 ],
        [ IntegerRing() | 300, 2, 5, 8, 6 ],
        [ IntegerRing() | 300, 2, 10, 11, 5 ],
        [ IntegerRing() | 400, 2, 5, 4, 4 ],
        [ IntegerRing() | 400, 2, 5, 7, 4 ],
        [ IntegerRing() | 400, 2, 8, 10, 3 ],
        [ IntegerRing() | 450, 3, 5, 6, 6 ],
        [ IntegerRing() | 450, 3, 5, 8, 6 ],
        [ IntegerRing() | 450, 3, 10, 10, 5 ],
        [ IntegerRing() | 500, 2, 6, 4, 9 ],
        [ IntegerRing() | 500, 2, 6, 7, 4 ],
        [ IntegerRing() | 500, 2, 8, 9, 5 ]
    ], treesupergroups := [ PowerSequence(IntegerRing()) |
        [ IntegerRing() | 300, 2, 5, 6 ],
        [ IntegerRing() | 300, 2, 5, 8 ],
        [ IntegerRing() | 300, 2, 10, 11 ],
        [ IntegerRing() | 400, 2, 5, 4 ],
        [ IntegerRing() | 400, 2, 5, 7 ],
        [ IntegerRing() | 400, 2, 8, 10 ],
        [ IntegerRing() | 450, 3, 5, 6 ],
        [ IntegerRing() | 450, 3, 5, 8 ],
        [ IntegerRing() | 450, 3, 10, 10 ],
        [ IntegerRing() | 500, 2, 6, 4 ],
        [ IntegerRing() | 500, 2, 6, 7 ],
        [ IntegerRing() | 500, 2, 8, 9 ]
    ]>,
    rec<recformat<generators: SeqEnum, level: IntegerRing(), genus: 
    IntegerRing(), index: IntegerRing(), contains_minus_one: BoolElt, subgroups:
    SeqEnum, supergroups: SeqEnum, name: MonStgElt, label: MonStgElt, order: 
    IntegerRing(), GLZConj: IntegerRing(), matgens: SeqEnum, cusps: SeqEnum, c2:
    SeqEnum, c3: SeqEnum, gc: SeqEnum, projections: SeqEnum, special_name: 
    SeqEnum, special_name_html: SeqEnum, direct_subgroups: SeqEnum, 
    direct_supergroups: SeqEnum, length: IntegerRing(), treename: SeqEnum, 
    treesupergroups: SeqEnum> | generators := [ PowerSequence(IntegerRing()) |
        [ IntegerRing() | -1, -1, -2, -2, -2, -2, 1, 2, 2, 2, 2, 2, 2, -1, 2, 2,
        2, 2, 2, 2, 2, 2, 2, 2, 2, 2, 2, 2, 2, 2, 2, 2, 2, 2, 2, 2, 2, 2, 2, 2, 
        2, 2, 2, 2, 2, 2, 2, 2, 2, 2, 2, 2, 2, 2, 2, 2, 2, 2, 2, 2, -1, -2, -2, 
        -2, -2, 1, 2, 2, 2, 2, 2, 2, -1, 2, 2, 2, 2, 2, 2, 2, 2, 2, 2, 2, 2, 2, 
        2, 2, 2, 2, 2, 2, 2, 2, 2, 2, 2, 2, 2, 2, 2, 2, 2, 2, 2, 2, 2, 2, 2, 2, 
        2, 2, 2, 2, 2, 2, 2, 2, 2, -1, -2, -2, -2, -2, 1, 2, 2, 2, 2, 2, 2, -1, 
        2, 2, 2, 2, 2, 2, 2, 2, 2, 2, 2, 2, 2, 2, 2, 2, 2, 2, 2, 2, 2, 2, 2, 2, 
        2, 2, 2, 2, 2, 2, 2, 2, 2, 2, 2, 2, 2, 2, 2, 2, 2, 2, 2, 2, 2, 2, -1, 
        -2, -2, -2, -2, 1, 2, 2, 2, 2, 2, 2, -1, 2, 2, 2, 2, 2, 2, 2, 2, 2, 2, 
        2, 2, 2, 2, 2, 2, 2, 2, 2, 2, 2, 2, 2, 2, 2, 2, 2, 2, 2, 2, 2, 2, 2, 2, 
        2, 2, 2, 2, 2, 2, 2, 2, 2, 2, 2, 2, -1, -2, -2, -2, -2, 1, 2, 2, 2, 2, 
        2, 2, -1, 2, 2, 2, 2, 2, 2, 2, 2, 2, 2, 2, 2, 2, 2, 2, 2, 2, 2, 2, 2, 2,
        2, 2, 2, 2, 2, 2, 2, 2, 2, 2, 2, 2, 2, 2, 2, 2, 2, 2, 2, 2, 2, 2, 2, 2, 
        2, -1, -2, -2, -2, -2, 1, 2, 2, 2, 2, 2, 2, -1, 2, 2, 2, 2, 2, 2, 2, 2, 
        2, 2, 2, 2, 2, 2, 2, 2, 2, 2, 2, 2, 2, 2, 2, 2, 2, 2, 2, 2, 2, 2, 2, 2, 
        2, 2, 2, 2, 2, 2, 2, 2, 2, 2, 2, 2, 2, 2, -1, -2, -2, -2, -2, 1, 2, 2, 
        2, 2, 2, 2, -1, 2, 2, 2, 2, 2, 2, 2, 2, 2, 2, 2, 2, 2, 2, 2, 2, 2, 2, 2,
        2, 2, 2, 2, 2, 2, 2, 2, 2, 2, 2, 2, 2, 2, 2, 2, 2, 2, 2, 2, 2, 2, 2, 2, 
        2, 2, 2, -1, -2, -2, -2, -2, 1, 2, 2, 2, 2, 2, 2, -1, 2, 2, 2, 2, 2, 2, 
        2, 2, 2, 2, 2, 2, 2, 2, 2, 2, 2, 2, 2, 2, 2, 2, 2, 2, 2, 2, 2, 2, 2, 2, 
        2, 2, 2, 2, 2, 2, 2, 2, 2, 2, 2, 2, 2, 2, 2, 2, -1, -2, -2, -2, -2, 1, 
        2, 2, 2, 2, 2, 2, -1, 2, 2, 2, 2, 2, 2, 2, 2, 1, -2, -2, -2, -2, 1, -2, 
        -2, 1, -2, -2, -2, -2, 1, -2, -2, -2, -2, -2, -2, -2, -2 ],
        [ IntegerRing() | -1, -1, -2, -2, -2, -2, 1, 2, 2, 2, 2, 2, 2, -1, 2, 2,
        2, 2, 2, 2, 2, 2, 2, 2, 2, 2, 2, 2, 2, 2, 2, 2, 2, 2, 2, 2, 2, 2, 2, 2, 
        2, 2, 2, 2, 2, 2, 2, 2, 2, 2, 2, 2, 2, 2, 2, 2, 2, 2, 2, 2, -1, -2, -2, 
        -2, -2, 1, 2, 2, 2, 2, 2, 2, -1, 2, 2, 2, 2, 2, 2, 2, 2, 2, 2, 2, 2, 2, 
        2, 2, 2, 2, 2, 2, 2, 2, 2, 2, 2, 2, 2, 2, 2, 1, -2, -2, 1, -2, -2, 1 ],
        [ IntegerRing() | -1, -1, -2, -2, -2, -2, 1, 2, 2, 2, 2, 2, 2, -1, 2, 2,
        2, 2, 2, 2, 2, 2, 2, 2, 2, 2, 2, 2, 1, -2, -2, -2, -2, 1, -2, -2, 1, -2,
        -2, 1 ],
        [ IntegerRing() | -1, -2, -2, -2, -2, -2, -2, -2, -2, -2, -2, -2, -2, 
        -2, -2, -2, -2, -2, -2, -2, -2, -2, -2, -2, -2, -2, -2, -2, -2, -2, -2, 
        -2, -2, -2, -2, -2, -2, 1, -2, -2, 1, -2, -2, 1, -2, -2 ],
        [ IntegerRing() | -1, -1, -2, -2, -2, -2, 1, 2, 2, 2, 2, 2, 2, -1, 2, 2,
        2, 2, 2, 2, 2, 2, 2, 2, 2, 2, 2, 2, 2, 2, 2, 2, 2, 2, 2, 2, 2, 2, 2, 2, 
        2, 2, 2, 2, 2, 2, 2, 2, 2, 2, 2, 2, 2, 2, 2, 2, 2, 2, 2, 2, -1, -2, -2, 
        -2, -2, 1, 2, 2, 2, 2, 2, 2, -1, 2, 2, 2, 2, 2, 2, 2, 2, 2, 2, 2, 2, 2, 
        2, 2, 2, 2, 2, 2, 2, 2, 2, 2, 2, 2, 2, 2, 2, 2, 2, 2, 2, 2, 2, 2, 2, 2, 
        2, 2, 2, 2, 2, 2, 2, 2, 2, -1, -2, -2, -2, -2, 1, 2, 2, 2, 2, 2, 2, -1, 
        2, 2, 2, 2, 2, 2, 2, 2, 2, 2, 2, 2, 2, 2, 2, 2, 2, 2, 2, 2, 2, 2, 2, 2, 
        1, -2, -2, -2, -2, 1, -2, -2, 1, -2, -2, 1 ],
        [ IntegerRing() | -1, -1, -2, -2, -2, -2, 1, 2, 2, 2, 2, 2, 2, -1, 2, 2,
        2, 2, 2, 2, 2, 2, 2, 2, 2, 2, 2, 2, 2, 2, 2, 2, 2, 2, 2, 2, 2, 2, 2, 2, 
        2, 2, 2, 2, 2, 2, 2, 2, 2, 2, 2, 2, 2, 2, 2, 2, 2, 2, 2, 2, -1, -2, -2, 
        -2, -2, 1, 2, 2, 2, 2, 2, 2, -1, 2, 2, 2, 2, 2, 2, 2, 2, 2, 2, 2, 2, 2, 
        2, 2, 2, 2, 2, 2, 2, 2, 2, 2, 2, 2, 2, 2, 2, 2, 2, 2, 2, 2, 2, 2, 2, 2, 
        2, 2, 2, 2, 2, 2, 2, 2, 2, -1, -2, -2, -2, -2, 1, 2, 2, 2, 2, 2, 2, -1, 
        2, 2, 2, 2, 2, 2, 2, 2, 2, 2, 2, 2, 2, 2, 2, 2, 2, 2, 2, 2, 2, 2, 2, 2, 
        2, 2, 2, 2, 2, 2, 2, 2, 2, 2, 2, 2, 2, 2, 2, 2, 2, 2, 2, 2, 2, 2, -1, 
        -2, -2, -2, -2, 1, 2, 2, 2, 2, 2, 2, -1, 2, 2, 2, 2, 2, 2, 2, 2, 2, 2, 
        2, 2, 2, 2, 2, 2, 2, 2, 2, 2, 2, 2, 2, 2, 2, 2, 2, 2, 2, 2, 2, 2, 2, 2, 
        2, 2, 2, 2, 2, 2, 2, 2, 2, 2, 2, 2, -1, -2, -2, -2, -2, 1, 2, 2, 2, 2, 
        1, -2, -2, 1, -2, -2, -2, -2, -2, -2, -2, 1 ],
        [ IntegerRing() | -1, -1, -2, -2, -2, -2, 1, 2, 2, 2, 2, 2, 2, -1, 2, 2,
        2, 2, 2, 2, 2, 2, 2, 2, 2, 2, 2, 2, 2, 2, 2, 2, 2, 2, 2, 2, 2, 2, 2, 2, 
        2, 2, 2, 2, 2, 2, 2, 2, 2, 2, 2, 2, 2, 2, 2, 2, 2, 2, 2, 2, -1, -2, -2, 
        -2, -2, 1, 2, 2, 2, 2, 2, 2, -1, 2, 2, 2, 2, 2, 2, 2, 2, 2, 2, 2, 2, 2, 
        2, 2, 2, 2, 2, 2, 2, 2, 2, 2, 2, 2, 2, 2, 2, 2, 2, 2, 2, 2, 2, 2, 2, 2, 
        2, 2, 2, 2, 2, 2, 2, 2, 2, -1, -2, -2, -2, -2, 1, 2, 2, 2, 2, 2, 2, -1, 
        2, 2, 2, 2, 2, 2, 2, 2, 2, 2, 2, 2, 2, 2, 2, 2, 2, 2, 2, 2, 2, 2, 2, 2, 
        2, 2, 2, 2, 2, 2, 2, 2, 2, 2, 2, 2, 2, 2, 2, 2, 2, 2, 2, 2, 2, 2, -1, 
        -2, -2, -2, -2, 1, 2, 2, 2, 2, 2, 2, -1, 2, 2, 2, 2, 2, 2, 2, 2, 2, 2, 
        2, 2, 2, 2, 2, 2, 1 ],
        [ IntegerRing() | -1, -1, -2, -2, -2, -2, 1, 2, 2, 2, 2, 2, 2, -1, 2, 2,
        2, 2, 2, 2, 2, 2, 2, 2, 2, 2, 2, 2, 2, 2, 2, 2, 2, 2, 2, 2, 2, 2, 2, 2, 
        2, 2, 2, 2, 2, 2, 2, 2, 2, 2, 2, 2, 2, 2, 2, 2, 2, 2, 2, 2, -1, -2, -2, 
        -2, -2, 1, 2, 2, 2, 2, 2, 2, -1, 2, 2, 2, 2, 2, 2, 2, 2, 2, 2, 2, 2, 2, 
        2, 2, 2, 2, 2, 2, 2, 2, 2, 2, 2, 2, 2, 2, 2, 2, 2, 2, 2, 2, 2, 2, 2, 2, 
        2, 2, 2, 2, 2, 2, 2, 2, 2, -1, -2, -2, -2, -2, 1, 2, 2, 2, 2, 2, 2, -1, 
        2, 2, 2, 2, 2, 2, 2, 2, 2, 2, 2, 2, 2, 2, 2, 2, 2, 2, 2, 2, 2, 2, 2, 2, 
        2, 2, 2, 2, 2, 2, 2, 2, 2, 2, 2, 2, 2, 2, 2, 2, 2, 2, 2, 2, 2, 2, -1, 
        -2, -2, -2, -2, 1, 2, 2, 2, 2, 2, 2, -1, 2, 2, 2, 2, 1, -2, -2, -2, -2, 
        1, -2, -2, 1, -2, -2, -2, -2, 1, -2, -2, 1, -2, -2, -2, -2 ]
    ], level := 50, genus := 12, index := 180, contains_minus_one := true, 
    subgroups := [], supergroups := [ IntegerRing() | 75, 842, 1248 ], name := 
    "50G12", label := "G", order := 500, GLZConj := 1, matgens := [ 
        PowerSequence(IntegerRing(50)) |
        [ IntegerRing(50) | 3, 46, 6, 9 ],
        [ IntegerRing(50) | 19, 28, 11, 11 ],
        [ IntegerRing(50) | 19, 40, 30, 29 ],
        [ IntegerRing(50) | 21, 10, 10, 31 ],
        [ IntegerRing(50) | 23, 32, 22, 35 ],
        [ IntegerRing(50) | 31, 0, 30, 21 ],
        [ IntegerRing(50) | 35, 2, 22, 7 ],
        [ IntegerRing(50) | 35, 22, 2, 7 ]
    ], cusps := [ IntegerRing() | 10, 10, 10, 50, 50, 50 ], c2 := [ 
    IntegerRing() | 1, 1, 1, 1, 2, 2, 2, 2, 2, 2, 2, 2, 2, 2, 2, 2, 2, 2, 2, 2, 
    2, 2, 2, 2, 2, 2, 2, 2, 2, 2, 2, 2, 2, 2, 2, 2, 2, 2, 2, 2, 2, 2, 2, 2, 2, 
    2, 2, 2, 2, 2, 2, 2, 2, 2, 2, 2, 2, 2, 2, 2, 2, 2, 2, 2, 2, 2, 2, 2, 2, 2, 
    2, 2, 2, 2, 2, 2, 2, 2, 2, 2, 2, 2, 2, 2, 2, 2, 2, 2, 2, 2, 2, 2 ], c3 := [ 
    IntegerRing() | 3, 3, 3, 3, 3, 3, 3, 3, 3, 3, 3, 3, 3, 3, 3, 3, 3, 3, 3, 3, 
    3, 3, 3, 3, 3, 3, 3, 3, 3, 3, 3, 3, 3, 3, 3, 3, 3, 3, 3, 3, 3, 3, 3, 3, 3, 
    3, 3, 3, 3, 3, 3, 3, 3, 3, 3, 3, 3, 3, 3, 3 ], gc := [ IntegerRing() | 2, 2,
    2, 2, 2, 2, 4, 4, 4, 4, 4, 4, 4, 4, 4, 4, 4, 4, 20, 20, 20, 20, 20, 20 ], 
    special_name := [], special_name_html := [], direct_subgroups := [], 
    direct_supergroups := [ IntegerRing() | 75, 842, 1248 ], length := 90, 
    treename := [ PowerSequence(IntegerRing()) |
        [ IntegerRing() | 300, 2, 4, 6, 10 ],
        [ IntegerRing() | 300, 2, 4, 9, 6 ],
        [ IntegerRing() | 300, 2, 10, 11, 7 ],
        [ IntegerRing() | 400, 2, 2, 4, 4 ],
        [ IntegerRing() | 400, 2, 2, 7, 4 ],
        [ IntegerRing() | 400, 2, 8, 10, 1 ],
        [ IntegerRing() | 450, 3, 7, 6, 6 ],
        [ IntegerRing() | 450, 3, 7, 9, 6 ],
        [ IntegerRing() | 450, 3, 10, 10, 7 ],
        [ IntegerRing() | 500, 2, 7, 4, 4 ],
        [ IntegerRing() | 500, 2, 7, 7, 4 ],
        [ IntegerRing() | 500, 2, 8, 9, 6 ]
    ], treesupergroups := [ PowerSequence(IntegerRing()) |
        [ IntegerRing() | 300, 2, 4, 6 ],
        [ IntegerRing() | 300, 2, 4, 9 ],
        [ IntegerRing() | 300, 2, 10, 11 ],
        [ IntegerRing() | 400, 2, 2, 4 ],
        [ IntegerRing() | 400, 2, 2, 7 ],
        [ IntegerRing() | 400, 2, 8, 10 ],
        [ IntegerRing() | 450, 3, 7, 6 ],
        [ IntegerRing() | 450, 3, 7, 9 ],
        [ IntegerRing() | 450, 3, 10, 10 ],
        [ IntegerRing() | 500, 2, 7, 4 ],
        [ IntegerRing() | 500, 2, 7, 7 ],
        [ IntegerRing() | 500, 2, 8, 9 ]
    ]>,
    rec<recformat<generators: SeqEnum, level: IntegerRing(), genus: 
    IntegerRing(), index: IntegerRing(), contains_minus_one: BoolElt, subgroups:
    SeqEnum, supergroups: SeqEnum, name: MonStgElt, label: MonStgElt, order: 
    IntegerRing(), GLZConj: IntegerRing(), matgens: SeqEnum, cusps: SeqEnum, c2:
    SeqEnum, c3: SeqEnum, gc: SeqEnum, projections: SeqEnum, special_name: 
    SeqEnum, special_name_html: SeqEnum, direct_subgroups: SeqEnum, 
    direct_supergroups: SeqEnum, length: IntegerRing(), treename: SeqEnum, 
    treesupergroups: SeqEnum> | generators := [ PowerSequence(IntegerRing()) |
        [ IntegerRing() | -1, -2, -2, -2, -2, -2, -2, -2, -2, -2, -2, -2, -2, 
        -2, -2, -2, -2, -2, -2, -2, -2, -2, -2, -2, -2, -2, -2, -2, -2, -2, -2, 
        -2, -2, -2, -2, -2, -2, -2, -2, -2, -2, -2, -2, -2, -2, -2, -2, 1, -2, 
        -2, 1, -2, -2, 1, -2, -2, 1, -2, -2, -2, -2, -2, -2, 1, -2, -2, -2, -2 
        ],
        [ IntegerRing() | -1, -1, -2, -2, -2, -2, 1, 2, 2, 2, 2, 2, 2, -1, 2, 2,
        2, 2, 2, 2, 2, 2, 2, 2, 2, 2, 2, 2, 2, 2, 2, 2, 2, 2, 2, 2, 2, 2, 2, 2, 
        2, 2, 2, 2, 2, 2, 2, 2, 2, 2, 2, 2, 2, 2, 2, 2, 2, 2, 2, 2, -1, -2, -2, 
        -2, -2, 1, 2, 2, 2, 2, 2, 2, -1, 2, 2, 2, 2, 2, 2, 2, 2, 2, 2, 2, 2, 2, 
        2, 2, 2, 2, 2, 2, 2, 2, 2, 2, 2, 2, 2, 2, 2, 2, 2, 2, 2, 2, 2, 2, 2, 2, 
        2, 2, 2, 2, 2, 2, 2, 2, 2, -1, -2, -2, -2, -2, 1, 2, 2, 2, 2, 2, 2, -1, 
        2, 2, 2, 2, 2, 2, 2, 2, 2, 2, 2, 2, 2, 2, 2, 2, 2, 2, 2, 2, 2, 2, 2, 2, 
        2, 2, 2, 2, 2, 2, 2, 2, 2, 2, 2, 2, 2, 2, 2, 2, 2, 2, 2, 2, 2, 2, -1, 
        -2, -2, -2, -2, 1, 2, 2, 2, 2, 2, 2, -1, 2, 2, 2, 2, 2, 2, 2, 2, 2, 2, 
        2, 2, 2, 2, 2, 2, 2, 2, 2, 2, 2, 2, 2, 2, 2, 2, 2, 2, 2, 2, 2, 2, 2, 2, 
        2, 2, 2, 2, 2, 2, 2, 2, 2, 2, 2, 2, -1, -2, -2, -2, -2, 1, 2, 2, 2, 2, 
        2, 2, -1, 2, 2, 2, 2, 2, 2, 2, 2, 2, 2, 2, 2, 2, 2, 2, 2, 2, 2, 2, 2, 2,
        2, 2, 2, 2, 2, 2, 2, 2, 2, 2, 2, 2, 2, 2, 2, 2, 2, 1, -2, -2, -2, -2, 1,
        -2, -2, 1, -2, -2, -2, -2, 1, -2, -2, -2, -2, -2, -2, -2, -2 ],
        [ IntegerRing() | -1, -1, -2, -2, -2, -2, 1, 2, 2, 2, 2, 2, 2, -1, 2, 2,
        2, 2, 2, 2, 2, 2, 2, 2, 2, 2, 2, 2, 2, 2, 2, 2, 2, 2, 2, 2, 2, 2, 2, 2, 
        2, 2, 2, 2, 2, 2, 2, 2, 2, 2, 2, 2, 2, 2, 2, 2, 2, 2, 2, 2, -1, -2, -2, 
        -2, -2, 1, 2, 2, 2, 2, 2, 2, -1, 2, 2, 2, 2, 2, 2, 2, 2, 2, 2, 2, 2, 2, 
        2, 2, 2, 2, 2, 2, 2, 2, 2, 2, 2, 2, 2, 2, 2, 2, 2, 2, 2, 2, 2, 2, 2, 2, 
        2, 2, 2, 2, 2, 2, 2, 2, 2, -1, -2, -2, -2, -2, 1, 2, 2, 2, 2, 2, 2, -1, 
        2, 2, 2, 2, 2, 2, 2, 2, 2, 2, 2, 2, 2, 2, 2, 2, 2, 2, 2, 2, 2, 2, 2, 2, 
        2, 2, 2, 2, 2, 2, 2, 2, 2, 2, 2, 2, 2, 2, 2, 2, 2, 2, 2, 2, 2, 2, -1, 
        -2, -2, -2, -2, 1, 2, 2, 2, 2, 2, 2, -1, 2, 2, 2, 2, 2, 2, 2, 2, 2, 2, 
        2, 2, 2, 2, 2, 2, 2, 2, 2, 2, 2, 2, 2, 2, 2, 2, 2, 2, 2, 2, 2, 2, 2, 2, 
        2, 2, 2, 2, 2, 2, 2, 2, 2, 2, 2, 2, -1, -2, -2, -2, -2, 1, 2, 2, 2, 2, 
        2, 2, -1, 2, 2, 2, 2, 2, 2, 2, 2, 2, 2, 2, 2, 2, 2, 2, 2, 2, 2, 2, 2, 2,
        2, 2, 2, 1, -2, -2, -2, -2, 1, -2, -2, 1, -2, -2, -2, -2, -2, -2, -2, 
        -2, -2, -2, -2, -2, 1 ],
        [ IntegerRing() | -1, -1, -2, -2, -2, -2, 1, 2, 2, 2, 2, 2, 2, -1, 2, 2,
        2, 2, 2, 2, 2, 2, 2, 2, 2, 2, 2, 2, 2, 2, 2, 2, 2, 2, 2, 2, 2, 2, 2, 2, 
        2, 2, 2, 2, 2, 2, 2, 2, 2, 2, 2, 2, 2, 2, 2, 2, 2, 2, 2, 2, -1, -2, -2, 
        -2, -2, 1, 2, 2, 2, 2, 2, 2, -1, 2, 2, 2, 2, 2, 2, 2, 2, 2, 2, 2, 2, 2, 
        2, 2, 2, 2, 2, 2, 2, 2, 2, 2, 2, 2, 2, 2, 2, 2, 2, 2, 2, 2, 2, 2, 2, 2, 
        2, 2, 2, 2, 2, 2, 2, 2, 2, -1, -2, -2, -2, -2, 1, 2, 2, 2, 2, 2, 2, -1, 
        2, 2, 2, 2, 2, 2, 2, 2, 2, 2, 2, 2, 2, 2, 2, 2, 2, 2, 2, 2, 2, 2, 2, 2, 
        2, 2, 2, 2, 2, 2, 2, 2, 2, 2, 2, 2, 2, 2, 2, 2, 2, 2, 2, 2, 2, 2, -1, 
        -2, -2, -2, -2, 1, 2, 2, 2, 2, 2, 2, -1, 2, 2, 2, 2, 2, 2, 2, 2, 2, 2, 
        2, 2, 2, 2, 2, 2, 2, 2, 2, 2, 2, 2, 2, 2, 2, 2, 2, 2, 2, 2, 2, 2, 2, 2, 
        2, 2, 2, 2, 2, 2, 2, 2, 2, 2, 2, 2, -1, -2, -2, -2, -2, 1, 2, 2, 2, 2, 
        2, 2, -1, 2, 2, 2, 2, 2, 2, 2, 2, 2, 2, 2, 2, 2, 2, 1, -2, -2, -2, -2, 
        1, -2, -2, 1, -2, -2, 1 ],
        [ IntegerRing() | -1, -1, -2, -2, -2, -2, 1, 2, 2, 2, 2, 2, 2, -1, 2, 2,
        2, 2, 2, 2, 2, 2, 2, 2, 2, 2, 2, 2, 2, 2, 2, 2, 2, 2, 2, 2, 2, 2, 2, 2, 
        2, 2, 2, 2, 2, 2, 2, 2, 2, 2, 2, 2, 2, 2, 2, 2, 2, 2, 2, 2, -1, -2, -2, 
        -2, -2, 1, 2, 2, 2, 2, 2, 2, -1, 2, 2, 2, 2, 2, 2, 2, 2, 2, 2, 2, 2, 2, 
        2, 2, 2, 2, 2, 2, 2, 2, 2, 2, 2, 2, 2, 2, 2, 2, 2, 2, 2, 2, 2, 2, 2, 2, 
        2, 2, 2, 2, 2, 2, 2, 2, 2, -1, -2, -2, -2, -2, 1, 2, 2, 2, 2, 2, 2, -1, 
        2, 2, 2, 2, 2, 2, 2, 2, 2, 2, 2, 2, 2, 2, 2, 2, 2, 2, 2, 2, 2, 2, 2, 2, 
        1, -2, -2, -2, -2, -2, -2, -2, -2, 1, -2, -2, 1, 2, 1 ],
        [ IntegerRing() | -1, -1, -2, -2, -2, -2, 1, 2, 2, 2, 2, 2, 2, -1, 2, 2,
        2, 2, 2, 2, 2, 2, 2, 2, 2, 2, 2, 2, 2, 2, 2, 2, 2, 2, 2, 2, 2, 2, 2, 2, 
        2, 2, 2, 2, 2, 2, 2, 2, 2, 2, 2, 2, 2, 2, 2, 2, 2, 2, 2, 2, -1, -2, -2, 
        -2, -2, 1, 2, 2, 2, 2, 2, 2, -1, 2, 2, 2, 2, 2, 2, 2, 2, 2, 2, 2, 2, 2, 
        2, 2, 2, 2, 2, 2, 2, 2, 2, 2, 2, 2, 2, 2, 2, 2, 2, 2, 2, 2, 2, 2, 2, 2, 
        2, 2, 2, 2, 2, 2, 2, 2, 2, -1, -2, -2, -2, -2, 1, 2, 2, 2, 2, 2, 2, -1, 
        2, 2, 2, 2, 2, 2, 2, 2, 2, 2, 2, 2, 2, 2, 2, 2, 2, 2, 2, 2, 2, 2, 2, 2, 
        2, 2, 2, 2, 2, 2, 2, 2, 2, 2, 2, 2, 2, 2, 2, 2, 2, 2, 2, 2, 2, 2, -1, 
        -2, -2, -2, -2, 1, 2, 2, 2, 2, 2, 2, -1, 2, 2, 2, 2, 1, -2, -2, -2, -2, 
        1, -2, -2, 1, -2, -2, -2, -2, 1, -2, -2, 1, -2, -2, -2, -2 ]
    ], level := 50, genus := 12, index := 180, contains_minus_one := true, 
    subgroups := [], supergroups := [ IntegerRing() | 75, 843, 1249 ], name := 
    "50H12", label := "H", order := 500, GLZConj := 1, matgens := [ 
        PowerSequence(IntegerRing(50)) |
        [ IntegerRing(50) | 5, 32, 12, 27 ],
        [ IntegerRing(50) | 21, 10, 10, 31 ],
        [ IntegerRing(50) | 21, 20, 0, 31 ],
        [ IntegerRing(50) | 35, 32, 42, 47 ],
        [ IntegerRing(50) | 47, 40, 27, 23 ],
        [ IntegerRing(50) | 49, 40, 10, 49 ]
    ], cusps := [ IntegerRing() | 10, 10, 10, 50, 50, 50 ], c2 := [ 
    IntegerRing() | 1, 1, 1, 1, 2, 2, 2, 2, 2, 2, 2, 2, 2, 2, 2, 2, 2, 2, 2, 2, 
    2, 2, 2, 2, 2, 2, 2, 2, 2, 2, 2, 2, 2, 2, 2, 2, 2, 2, 2, 2, 2, 2, 2, 2, 2, 
    2, 2, 2, 2, 2, 2, 2, 2, 2, 2, 2, 2, 2, 2, 2, 2, 2, 2, 2, 2, 2, 2, 2, 2, 2, 
    2, 2, 2, 2, 2, 2, 2, 2, 2, 2, 2, 2, 2, 2, 2, 2, 2, 2, 2, 2, 2, 2 ], c3 := [ 
    IntegerRing() | 3, 3, 3, 3, 3, 3, 3, 3, 3, 3, 3, 3, 3, 3, 3, 3, 3, 3, 3, 3, 
    3, 3, 3, 3, 3, 3, 3, 3, 3, 3, 3, 3, 3, 3, 3, 3, 3, 3, 3, 3, 3, 3, 3, 3, 3, 
    3, 3, 3, 3, 3, 3, 3, 3, 3, 3, 3, 3, 3, 3, 3 ], gc := [ IntegerRing() | 2, 2,
    2, 2, 2, 2, 4, 4, 4, 4, 4, 4, 4, 4, 4, 4, 4, 4, 20, 20, 20, 20, 20, 20 ], 
    special_name := [], special_name_html := [], direct_subgroups := [], 
    direct_supergroups := [ IntegerRing() | 75, 843, 1249 ], length := 90, 
    treename := [ PowerSequence(IntegerRing()) |
        [ IntegerRing() | 300, 2, 7, 6, 5 ],
        [ IntegerRing() | 300, 2, 7, 8, 6 ],
        [ IntegerRing() | 300, 2, 10, 11, 6 ],
        [ IntegerRing() | 400, 2, 3, 4, 4 ],
        [ IntegerRing() | 400, 2, 3, 7, 4 ],
        [ IntegerRing() | 400, 2, 8, 10, 5 ],
        [ IntegerRing() | 450, 3, 4, 6, 6 ],
        [ IntegerRing() | 450, 3, 4, 8, 6 ],
        [ IntegerRing() | 450, 3, 10, 10, 6 ],
        [ IntegerRing() | 500, 2, 3, 4, 9 ],
        [ IntegerRing() | 500, 2, 3, 7, 4 ],
        [ IntegerRing() | 500, 2, 8, 9, 1 ]
    ], treesupergroups := [ PowerSequence(IntegerRing()) |
        [ IntegerRing() | 300, 2, 7, 6 ],
        [ IntegerRing() | 300, 2, 7, 8 ],
        [ IntegerRing() | 300, 2, 10, 11 ],
        [ IntegerRing() | 400, 2, 3, 4 ],
        [ IntegerRing() | 400, 2, 3, 7 ],
        [ IntegerRing() | 400, 2, 8, 10 ],
        [ IntegerRing() | 450, 3, 4, 6 ],
        [ IntegerRing() | 450, 3, 4, 8 ],
        [ IntegerRing() | 450, 3, 10, 10 ],
        [ IntegerRing() | 500, 2, 3, 4 ],
        [ IntegerRing() | 500, 2, 3, 7 ],
        [ IntegerRing() | 500, 2, 8, 9 ]
    ]>
]
;

