// list of all congruence groups with genus  2
// with  72 <= level < 80
//
// by c cummins and s pauli
// load "csg2-lev64.dat";
import "csg2-lev64.dat" : L2_64;
L2_72 := L2_64 cat 
[ PowerStructure(Rec) |
    rec<recformat<generators: SeqEnum, level: IntegerRing(), genus: 
    IntegerRing(), index: IntegerRing(), contains_minus_one: BoolElt, subgroups:
    SeqEnum, supergroups: SeqEnum, name: MonStgElt, label: MonStgElt, order: 
    IntegerRing(), GLZConj: IntegerRing(), matgens: SeqEnum, cusps: SeqEnum, c2:
    SeqEnum, c3: SeqEnum, gc: SeqEnum, projections: SeqEnum, special_name: 
    SeqEnum, special_name_html: SeqEnum, direct_subgroups: SeqEnum, 
    direct_supergroups: SeqEnum, length: IntegerRing(), treename: SeqEnum, 
    treesupergroups: SeqEnum> | generators := [ PowerSequence(IntegerRing()) |
        [ IntegerRing() | -1, 2, 2, 2, 2, 2, 2, 2, 2, 2, 2, 2, 2, -1, -2, -2, 1,
        -2, -2, -1, -2, -2, -1, -2, -2, 1, -2, -2, -1, -2, -2, -1, -2, -2, 1, 
        -2, -2, -1, -2, -2, -1, -2, -2, 1, -2, -2, -1, -2, -2, -1, -2, -2, 1, 
        -2, -2, -1, -2, -2, -1, -2, -2, 1, -2, -2, -1, -2, -2, -1, -2, -2, 1, 
        -2, -2, -1, -2, -2, -1, -2, -2, 1, -2, -2, -1, -2, -2, -1, -2, -2, 1, 
        -2, -2, -1, -2, -2, -1, -2, -2, 1, -2, -2, -1, -2, -2, -1, -2, -2, 1, 
        -2, -2, -1, -2, -2, -1, -2, -2, 1, -2, -2, -1, -2, -2, -1, -2, -2, 1, 
        -2, -2, -1, -2, -2, -2, -2, -2, -2, -2, -2, -2, -2, -2, -2, -2, -2, -2, 
        -2, -2, -2, -2, -2, -2, -2, -2, -2, -2, -2, -2, -2, -2, -2, -2, -2, -2, 
        -2, -2, -2, -2, -2, -2, -2, -2, -2, -2, -2, -2, -2, -2, -2, -2, -2, -2, 
        -2, -2, 1 ],
        [ IntegerRing() | -1, 2, 2, 2, 2, 2, 2, 2, 2, 2, 2, 2, 2, -1, -2, -2, 1,
        -2, -2, -1, -2, -2, -1, -2, -2, 1, -2, -2, -1, -2, -2, -1, -2, -2, 1, 
        -2, -2, -1, -2, -2, -1, -2, -2, 1, -2, -2, -1, -2, -2, -1, -2, -2, 1, 
        -2, -2, -1, -2, -2, -1, -2, -2, 1, -2, -2, -1, -2, -2, -1, -2, -2, 1, 
        -2, -2, -1, -2, -2, -1, -2, -2, 1, -2, -2, -1, -2, -2, -1, -2, -2, 1, 
        -2, -2, -1, -2, -2, -1, -2, -2, 1, -2, -2, -1, -2, -2, -1, -2, -2, 1, 
        -2, -2, -1, -2, -2, -1, -2, -2, 1, -2, -2, -1, -2, -2, -1, -2, -2, 1, 
        -2, -2, -1, -2, -2, -1, -2, -2, 1, -2, -2, -1, -2, -2, -1, -2, -2, 1, 
        -2, -2, -1, -2, -2, -2, -2, -2, -2, -2, -2, -2, -2, -2, -2, -2, -2, -2, 
        -2, -2, -2, -2, -2, -2, -2, -2, -2, -2, -2, -2, -2, -2, -2, -2, -2, -2, 
        -2, -2, -2, -2, -2, -2, -2, -2, -2, -1, -2, -2, 1, -2, -2, -1, -1, -2, 
        -2, 1, -2, -2, -1, -1, -2, -2, 1, -2, -2, -1, -2, -2, 1, 1, 1 ],
        [ IntegerRing() | -1, 2, 2, 2, 2, 2, 2, 2, 2, 2, 2, 2, 2, -1, -2, -2, 1,
        -2, -2, -1, -2, -2, -1, -2, -2, 1, -2, -2, -1, -2, -2, -1, -2, -2, 1, 
        -2, -2, -1, -2, -2, -1, -2, -2, 1, -2, -2, -1, -2, -2, -1, -2, -2, 1, 
        -2, -2, -1, -2, -2, -1, -2, -2, 1, -2, -2, -1, -2, -2, -1, -2, -2, 1, 
        -2, -2, -1, -2, -2, -1, -2, -2, 1, -2, -2, -1, -2, -2, -1, -2, -2, 1, 
        -2, -2, -1, -2, -2, -1, -2, -2, 1, -2, -2, -1, -2, -2, -1, -2, -2, 1, 
        -2, -2, -1, -2, -2, -2, -2, -2, -2, -2, -2, -2, -2, -2, -2, -2, -2, -2, 
        -2, -2, -2, -2, -2, -2, -2, -2, -2, -2, -2, -2, -2, -2, -2, -2, -2, -2, 
        -2, -2, -2, -2, -2, -2, -2, -2, -2, -2, -2, -2, -2, -2, -2, -2, -2, -2, 
        -2, -2, -2, -2, -2, -2, -2, -2, -2, -2, -2, -2, -2, -2, -2, -2, -2, -2, 
        -2, -2, -2, -1, -2, -2, 1, -2, -2, -1, -1, -2, -2, 1, -2, -2, -1 ],
        [ IntegerRing() | -1, -2, -2, -2, -2, -2, -2, -2, -2, -2, -2, -2, -2, 
        -2, -2, -2, -2, -2, -2, -2, -2, -2, -2, -2, -2, -2, -2, -2, -2, -2, -2, 
        -2, -2, -2, -2, -2, -2, -2, -2, -2, -2, -2, -2, -2, -2, -2, -2, -2, -2, 
        -2, -2, -2, -2, -2, -2, -2, -2, -2, -2, -1, -2, -2, 1, -2, -2, -1, -2, 
        -2, -1, -2, -2, 1, -2, -2, -1, -2, -2, 1 ],
        [ IntegerRing() | -1, 2, 2, 2, 2, 2, 2, 2, 2, 2, 2, 2, 2, -1, -2, -2, 1,
        -2, -2, -1, -2, -2, -1, -2, -2, 1, -2, -2, -1, -2, -2, -1, -2, -2, 1, 
        -2, -2, -1, -2, -2, -1, -2, -2, 1, -2, -2, -1, -2, -2, -1, -2, -2, 1, 
        -2, -2, -1, -2, -2, -1, -2, -2, 1, -2, -2, -1, -2, -2, -1, -2, -2, 1, 
        -2, -2, -1, -2, -2, -1, -2, -2, 1, -2, -2, -1, -2, -2, -1, -2, -2, 1, 
        -2, -2, -1, -2, -2, -1, -2, -2, 1, -2, -2, -1, -2, -2, -1, -2, -2, 1, 
        -2, -2, -1, -2, -2, -1, -2, -2, 1, -2, -2, -1, -2, -2, -1, -2, -2, 1, 
        -2, -2, -1, -2, -2, -1, -2, -2, 1, -2, -2, -1, -2, -2, -1, -2, -2, 1, 
        -2, -2, -1, -2, -2, -1, -2, -2, 1, -2, -2, -1, -2, -2, -1, -2, -2, 1, 
        -2, -2, -1, -2, -2, -1, -2, -2, 1, -2, -2, -1, -2, -2, -1, -2, -2, 1, 
        -2, -2, -1, -2, -2, -1, -2, -2, 1, -2, -2, -1, -2, -2, -1, -2, -2, 1, 
        -2, -2, -1, -2, -2, -1, -2, -2, 1, -2, -2, -1, -2, -2, -1, -2, -2, 1, 
        -2, -2, -1, -2, -2, -1, -2, -2, 1, -2, -2, -1, -2, -2, -2, -2, -2, -2, 
        -2, -2, -2, -2, -2, -2, -2, -2, -2, -2, -2, -2, -2, -2, -2, -2, -2, -2, 
        -2, -2, -2, -2, -2, -2, -2, -2, -2, -2, -2, -2, -2, -2, -2, -2, -2, -2, 
        -2, -2, -2, -2, -2, -2, -2, -2, -2, -2, -2, -2, -2, -2, -2, -2, -2, -2, 
        -2, -2, -2, -2, -2, -2, -2, -2, -2, -2, -2, -2, -2, -2, -2, -2, -2, -2, 
        -2, -2, -2, -2, -1, -2, -2, 1, -2, -2, -1, -1, -2, -2, 1, -2, -2, -1, 2,
        1 ],
        [ IntegerRing() | -1, 2, 2, 2, 2, 2, 2, 2, 2, 2, 2, 2, 2, -1, -2, -2, 1,
        -2, -2, -1, -2, -2, -1, -2, -2, 1, -2, -2, -1, -2, -2, -1, -2, -2, 1, 
        -2, -2, -1, -2, -2, -1, -2, -2, 1, -2, -2, -1, -2, -2, -1, -2, -2, 1, 
        -2, -2, -1, -2, -2, -1, -2, -2, 1, -2, -2, -1, -2, -2, -1, -2, -2, 1, 
        -2, -2, -1, -2, -2, -1, -2, -2, 1, -2, -2, -1, -2, -2, -1, -2, -2, 1, 
        -2, -2, -1, -2, -2, -1, -2, -2, 1, -2, -2, -1, -2, -2, -1, -2, -2, 1, 
        -2, -2, -1, -2, -2, -1, -2, -2, 1, -2, -2, -1, -2, -2, -1, -2, -2, 1, 
        -2, -2, -1, -2, -2, -1, -2, -2, 1, -2, -2, -1, -2, -2, -1, -2, -2, 1, 
        -2, -2, -1, -2, -2, -1, -2, -2, 1, -2, -2, -1, -2, -2, -1, -2, -2, 1, 
        -2, -2, -1, -2, -2, -1, -2, -2, 1, -2, -2, -1, -2, -2, -1, -2, -2, 1, 
        -2, -2, -1, -2, -2, -1, -2, -2, 1, -2, -2, -1, -2, -2, -1, -2, -2, 1, 
        -2, -2, -1, -2, -2, -1, -2, -2, 1, -2, -2, -1, -2, -2, -2, -2, -2, -2, 
        -2, -2, -2, -2, -2, -2, -2, -2, -2, -2, -2, -2, -2, -2, -2, -2, -1, -2, 
        -2, 1, -2, -2, -1, -1, -2, -2, 1, -2, -2, -1, -2, -2, 1 ],
        [ IntegerRing() | -1, 2, 2, 2, 2, 2, 2, 2, 2, 2, 2, 2, 2, -1, -2, -2, 1,
        -2, -2, -1, -2, -2, -1, -2, -2, 1, -2, -2, -1, -2, -2, -1, -2, -2, 1, 
        -2, -2, -1, -2, -2, -1, -2, -2, 1, -2, -2, -1, -2, -2, -1, -2, -2, 1, 
        -2, -2, -1, -2, -2, -1, -2, -2, 1, -2, -2, -1, -2, -2, -1, -2, -2, 1, 
        -2, -2, -1, -2, -2, -1, -2, -2, 1, -2, -2, -1, -2, -2, -1, -2, -2, 1, 
        -2, -2, -1, -2, -2, -1, -2, -2, 1, -2, -2, -1, -2, -2, -2, -2, -2, -2, 
        -2, -2, -2, -2, -2, -2, -2, -2, -2, -2, -2, -2, -2, -2, -2, -2, -2, -2, 
        -2, -2, -2, -2, -2, -2, -2, -2, -2, -2, -2, -2, -2, -2, -2, -2, 1, -2, 
        -2, -2, -2 ],
        [ IntegerRing() | -1, 2, 2, 2, 2, 2, 2, 2, 2, 2, 2, 2, 2, -1, -2, -2, 1,
        -2, -2, -1, -2, -2, -1, -2, -2, 1, -2, -2, -1, -2, -2, -1, -2, -2, 1, 
        -2, -2, -1, -2, -2, -1, -2, -2, 1, -2, -2, -1, -2, -2, -1, -2, -2, 1, 
        -2, -2, -1, -2, -2, -1, -2, -2, 1, -2, -2, -1, -2, -2, -1, -2, -2, 1, 
        -2, -2, -1, -2, -2, -1, -2, -2, 1, -2, -2, -1, -2, -2, -1, -2, -2, 1, 
        -2, -2, -1, -2, -2, -1, -2, -2, 1, -2, -2, -1, -2, -2, -1, -2, -2, 1, 
        -2, -2, -1, -2, -2, -1, -2, -2, 1, -2, -2, -1, -2, -2, -1, -2, -2, 1, 
        -2, -2, -1, -2, -2, -1, -2, -2, 1, -2, -2, -1, -2, -2, -1, -2, -2, 1, 
        -2, -2, -1, -2, -2, -2, -2, -2, -2, -2, -2, -2, -2, -2, -2, -2, -2, -2, 
        -2, -2, -2, -2, -2, -2, -2, -2, -2, -2, -2, -2, -2, -2, -2, -2, -2, -2, 
        -2, -2, -2, -2, -2, -2, -2, -2, -2, -1, -2, -2, 1, -2, -2, -1, -1, -2, 
        -2, 1, -2, -2, -1, -1, -2, -2, 1, -2, -2, -1, -2, -2, 1 ]
    ], level := 78, genus := 2, index := 84, contains_minus_one := true, 
    subgroups := [ IntegerRing() | 1703, 1704, 2230, 2485, 4521, 6038, 7507 ], 
    supergroups := [ IntegerRing() | 115, 279 ], name := "78A2", label := "A", 
    order := 3744, GLZConj := 2, matgens := [ PowerSequence(IntegerRing(78)) |
        [ IntegerRing(78) | 1, 26, 26, 53 ],
        [ IntegerRing(78) | 1, 39, 39, 40 ],
        [ IntegerRing(78) | 7, 6, 10, 31 ],
        [ IntegerRing(78) | 13, 42, 30, 67 ],
        [ IntegerRing(78) | 25, 0, 0, 25 ],
        [ IntegerRing(78) | 27, 26, 52, 27 ],
        [ IntegerRing(78) | 53, 0, 0, 53 ],
        [ IntegerRing(78) | 55, 6, 33, 49 ]
    ], cusps := [ IntegerRing() | 6, 78 ], c2 := [ IntegerRing() | 1, 1, 1, 1, 
    1, 1, 1, 1, 1, 1, 1, 1, 2, 2, 2, 2, 2, 2, 2, 2, 2, 2, 2, 2, 2, 2, 2, 2, 2, 
    2, 2, 2, 2, 2, 2, 2, 2, 2, 2, 2, 2, 2, 2, 2, 2, 2, 2, 2 ], c3 := [ 
    IntegerRing() | 1, 1, 1, 1, 1, 1, 3, 3, 3, 3, 3, 3, 3, 3, 3, 3, 3, 3, 3, 3, 
    3, 3, 3, 3, 3, 3, 3, 3, 3, 3, 3, 3 ], gc := [ IntegerRing() | 2, 2, 24 ], 
    special_name := [], special_name_html := [], direct_subgroups := [ 
    IntegerRing() | 1703, 1704, 2230, 2485, 4521, 6038, 7507 ], 
    direct_supergroups := [ IntegerRing() | 115, 279 ], length := 14, treename 
    := [ PowerSequence(IntegerRing()) |
        [ IntegerRing() | 312, 4, 4, 6 ],
        [ IntegerRing() | 312, 4, 11, 4 ],
        [ IntegerRing() | 312, 4, 11, 5 ],
        [ IntegerRing() | 390, 4, 7, 8 ],
        [ IntegerRing() | 390, 4, 11, 7 ],
        [ IntegerRing() | 390, 4, 11, 9 ],
        [ IntegerRing() | 468, 4, 6, 7 ],
        [ IntegerRing() | 468, 4, 11, 6 ],
        [ IntegerRing() | 468, 4, 11, 7 ],
        [ IntegerRing() | 546, 4, 6, 8 ],
        [ IntegerRing() | 546, 4, 11, 7 ],
        [ IntegerRing() | 546, 4, 11, 9 ]
    ], treesupergroups := [ PowerSequence(IntegerRing()) |
        [ IntegerRing() | 312, 4, 4 ],
        [ IntegerRing() | 312, 4, 11 ],
        [ IntegerRing() | 312, 4, 11 ],
        [ IntegerRing() | 390, 4, 7 ],
        [ IntegerRing() | 390, 4, 11 ],
        [ IntegerRing() | 390, 4, 11 ],
        [ IntegerRing() | 468, 4, 6 ],
        [ IntegerRing() | 468, 4, 11 ],
        [ IntegerRing() | 468, 4, 11 ],
        [ IntegerRing() | 546, 4, 6 ],
        [ IntegerRing() | 546, 4, 11 ],
        [ IntegerRing() | 546, 4, 11 ]
    ]>
]
;

