// list of all congruence groups with genus  20
// with  264 <= level < 272
//
// by c cummins and s pauli
// load "csg20-lev256.dat";
import "csg20-lev256.dat" : L20_256;
L20_264 := L20_256 cat 
[ PowerStructure(Rec) |
    rec<recformat<generators: SeqEnum, level: IntegerRing(), genus: 
    IntegerRing(), index: IntegerRing(), contains_minus_one: BoolElt, subgroups:
    SeqEnum, supergroups: SeqEnum, name: MonStgElt, label: MonStgElt, order: 
    IntegerRing(), GLZConj: IntegerRing(), matgens: SeqEnum, cusps: SeqEnum, c2:
    SeqEnum, c3: SeqEnum, gc: SeqEnum, projections: SeqEnum, special_name: 
    SeqEnum, special_name_html: SeqEnum, direct_subgroups: SeqEnum, 
    direct_supergroups: SeqEnum, length: IntegerRing(), treename: SeqEnum, 
    treesupergroups: SeqEnum> | generators := [ PowerSequence(IntegerRing()) |
        [ IntegerRing() | 2, 1, 1, 1, 2, 1, 2, 2, 2, 1, 1, 1, 2, 2, 1, 2, 2, 2, 
        1, 1, -2, 1, -2, -2, 1, 1, 2, 2, -1, 2, -1, -2, -2, -2, -1, -2, 1, -2, 
        -2, -2, -2, -2, -2, -2, -2, -1, 2, 1, 2, 2, 2, 1, -2, 1, -2, -2, -1, 2, 
        2, -1, 2, 1, 2, 2, 2, 1, -2, 1, -2, -2, -1, -1, 2, 1, 2, 2, 2, 1, 2, 2, 
        2, 1, 1, 2, 2, 1, 1, 1, -2, -2, -1, -2, -2, -2, -2, 1, 2, 2, -1, 2, -1, 
        -2, -2, -2, -1, -2, 1, 2, 2, 1, 2, 2, -1, 2, -1, -2, -2, -2, -1, -2, 1, 
        -2, -2, -1, 2, 1, 2, 2, -1, -2, -1, 2, -1, -2, -2, -2, -1, -2, 1, -2, 
        -2, -1, 2, 1, 2, 2, 2, 1, -2, 1, -2, -2, -1, -1, 2, 1, 2, 2, 2, 1, -2, 
        1, -2, -2, -1, -2, -2, 1, 2, 2, -1, 2, -1, -2, -2, -2, -1, -2, 1, 2, 2, 
        -1, 2, 1, 2, 2, 2, 1, -2, 1, -2, -2, -1, 2, 2, -1, 2, 1, 2, 2, -1, -2, 
        -1, 2, -1, -2, -2, -2, -1, -2, 1, -2, -2, -1, 2, 1, 2, 2, 2, 1, -2, 1, 
        -2, -2, -1, -1, 2, 1, 2, 2, 2, 1, -2, 1, -2, -2, -1, -2, -2, 1, 2, 2, 
        -1, 2, -1, -2, -2, -2, -1, -2, 1, 2, 2, -1, 2, 1, 2, 2, 2, 1, -2, 1, -2,
        -2, -1, 2, 2, -1, 2, 1, 2, 2, -1, -2, -1, 2, -1, -2, -2, -2, -1, -2, 1, 
        -2, -2, -1, 2, 1, 2, 2, 2, 1, -2, 1, -2, -2, -1, -1, 2, 1, 2, 2, 2, 1, 
        -2, 1, -2, -2, -1, -2, -2, 1, 2, 2, -1, 2, -1, -2, -2, -2, -1, -2, 1, 2,
        2, -1, 2, 1, 2, 2, 2, 1, -2, 1, -2, -2, -1, 2, 2, 1, 2, 2, -1, -1 ],
        [ IntegerRing() | 2, 1, 2, 2, -1, -2, -1, 2, -1, -2, -2, -2, -1, -2, 1, 
        -2, -2, -1, 2, 1, 2, 2, 2, 1, -2, 1, -2, -2, -1, -1, 2, 1, 2, 2, 2, 1, 
        -2, 1, -2, -2, -1, -2, -2, 1, 2, 2, -1, 2, -1, -2, -2, -2, -1, -2, 1, 2,
        2, -1, 2, 1, 2, 2, 2, 1, -2, 1, -2, -2, -1, 2, 2, -1, 2, 1, 2, 2, -1, 
        -2, -1, 2, -1, -2, -2, -2, -1, -2, 1, -2, -2, -1, 2, 1, 2, 2, 2, 1, -2, 
        1, -2, -2, -1, -1, 2, 1, 2, 2, 2, 1, -2, 1, -2, -2, -1, -2, -2, 1, 2, 2,
        -1, 2, -1, -2, -2, -2, -1, -2, 1, 2, 2, -1, 2, 1, 2, 2, 2, 1, -2, 1, -2,
        -2, -1, 2, 2, -1, 2, 1, 2, 2, -1, -2, -1, 2, -1, -2, -2, -2, -1, -2, 1, 
        -2, -2, -1, 2, 1, 2, 2, 2, 1, -2, 1, -2, -2, -1, -1, 2, 1, 2, 2, 2, 1, 
        -2, 1, -2, -2, -1, -2, -2, 1, 2, 2, -1, 2, -1, -2, -2, -2, -1, -2, 1, 2,
        2, -1, 2, 1, 2, 2, 2, 1, -2, 1, -2, -2, -1, 2, 2, -1, 2, 1, 2, 2, 2, 1, 
        2, 2, 2, 1, 1, 2, 2, 1, 1, 1, -2, -2, -1, -2, -2, -2, -2, 1, 2, 2, -1, 
        2, -1, -2, -2, -2, -1, -2, 1, 2, 2, 1, 2, 2, -1, 2, -1, -2, -2, -2, -1, 
        -2, 1, 1, 2, 2, -1, 2, -1, -2, -2, -2, -1, -2, 1, -2, -2, -2, -2, 1, 2, 
        2, -1, 2, -1, -2, -2, -2, -1, -2, 1, 2, 2, -1, 2, 1, 2, 2, 2, 1, -2, 1, 
        -2, -2, -1, 2, 2, 2, 2, -1 ],
        [ IntegerRing() | 2, 1, 1, 1, 2, 1, 2, 2, 2, 1, 1, 1, 2, 2, 1, 2, 2, 2, 
        1, 1, -2, 1, -2, -2, 1, 1, 2, 2, -1, 2, -1, -2, -2, -2, -1, -2, 1, -2, 
        -2, -2, -2, -2, -2, -2, -2, -1, 2, 1, 2, 2, 2, 1, -2, 1, -2, -2, -1, 2, 
        2, -1, 2, 1, 2, 2, 2, 1, -2, 1, -2, -2, -1, -1, 2, 1, 2, 2, 2, 1, 2, 2, 
        2, 1, 1, 2, 2, 1, 1, 1, -2, -2, -1, -2, -2, -2, -2, 1, 2, 2, -1, 2, -1, 
        -2, -2, -2, -1, -2, 1, 2, 2, 1, 2, 2, -1, 2, -1, -2, -2, -2, -1, -2, 1, 
        -2, -2, -1, 2, 1, 2, 2, -1, -2, -1, 2, -1, -2, -2, -2, -1, -2, 1, -2, 
        -2, -1, 2, 1, 2, 2, 2, 1, -2, 1, -2, -2, -1, -1, 2, 1, 2, 2, 2, 1, -2, 
        1, -2, -2, -1, -2, -2, 1, 2, 2, -1, 2, -1, -2, -2, -2, -1, -2, 1, 2, 2, 
        -1, 2, 1, 2, 2, 2, 1, -2, 1, -2, -2, -1, 2, 2, -1, 2, 1, 2, 2, 2, 1, 2, 
        2, 2, 1, 1, 2, 2, 1, 1, 1, -2, -2, -1, -2, -2, -2, -2, 1, 2, 2, -1, 2, 
        -1, -2, -2, -2, -1, -2, 1, 2, 2, 1, 2, 2, -1, 2, -1, -2, -2, -2, -1, -2,
        1, -2, -2, -1, 2, 1, 2, 2, 2, 1, 2, 2, 2, 1, 1, 2, 2, 1, 1, 1, -2, -2, 
        -1, -2, -2, -2, -2, 1, 2, 2, -1, 2, -1, -2, -2, -2, -1, -2, 1, 2, 2, 1, 
        2, 2, -1, 2, -1, -2, -2, -2, -1, -2, 1, -2, -2, 1, 2, 2, -1, 2, -1, -2, 
        -2, -2, -1, -2, 1, 1, 2, 2, -1, 2, -1, -2, -2, -2, -1, -2, 1, -2, -2, 
        -2, -2, -1, 2, 1, 2, 2, 2, 1, -2, 1, -2, -2, -1, 2, 2, 1, 2, 2, -1, 2, 
        -1, -2, -2, -2, -1, -2, 1, 1, 2, 2, -1, 2, -1, -2, -2, -2, -1, -2, 1, 1,
        2, 2, 2, 1 ],
        [ IntegerRing() | 2, 1, 2, 2, -1, -2, -1, 2, -1, -2, -2, -2, -1, -2, 1, 
        -2, -2, -1, 2, 1, 2, 2, 2, 1, -2, 1, -2, -2, -1, -1, 2, 1, 2, 2, 2, 1, 
        -2, 1, -2, -2, -1, -2, -2, 1, 2, 2, -1, 2, -1, -2, -2, -2, -1, -2, 1, 2,
        2, -1, 2, 1, 2, 2, 2, 1, -2, 1, -2, -2, -1, 2, 2, 2, 2, 2, 2, 1, 2, 2, 
        -1, 2, -1, -2, -2, -2, -1, -2, 1, -2, -2, -1, 2, 1, 2, 2, 2, 1, -2, 1, 
        -2, -2, -1, -1, 2, 1, 2, 2, 2, 1, -2, 1, -2, -2, -1, -1 ],
        [ IntegerRing() | 1, -2, -2, 1, 2, 2, -1, 2, -1, -2, -2, -2, -1, -2, 1, 
        -2, -2, -1, 2, 1, 2, 2, 2, 1, -2, 1, -2, -2, -1, 2, 2, 1, 2, 2, -1, 2, 
        -1, -2, -2, -2, -1, -2, 1, 1, 2, 2, -1, 2, -1, -2, -2, -2, -1, -2, 1, 2,
        2, -1, 2, 1, 2, 2, 2, 1, -2, 1, 2, 1, -2, -2, -1, -2, 1, -2, -2, 1, 2, 
        2, -1, 2, -1, -2, -2, -2, -1, -2, 1, -2, -2, -1, 2, 1, 2, 2, 2, 1, -2, 
        1, -2, -2, -1, 2, 2, 1, 2, 2, -1, 2, -1, -2, -2, -2, -1, -2, 1, 1, 2, 2,
        -1, 2, -1, -2, -2, -2, -1, -2, 1, 2, 2, -1, 2, 1, 2, 2, 2, 1, -2, 1, 2, 
        1, -2, -2, -1, -2, 1, -2, -2, 1, 2, 2, -1, 2, -1, -2, -2, -2, -1, -2, 1,
        -2, -2, -1, 2, 1, 2, 2, 2, 1, -2, 1, -2, -2, -1, 2, 2, 1, 2, 2, -1, 2, 
        -1, -2, -2, -2, -1, -2, 1, 1, 2, 2, -1, 2, -1, -2, -2, -2, -1, -2, 1, 2,
        2, -1, 2, 1, 2, 2, 2, 1, -2, 1, 2, 1, -2, -2, -1, -2, 1, 2, 2, -1, 2, 1,
        2, 2, 2, 1, -2, 1, -2, -2, -1, -2, -2, -1, 2, 1, 2, 2, 2, 1, -2, 1, -2, 
        -2, -1, 2, 2, 2, 2, 1, 2, 2, -1, -1, -1, -2, -2, -1, -1, -2, -2, -2, -1,
        -2, -2, -2, -1, -2, 1, 2, 2, -1, 2, 1, 2, 2, 2, 1, -2, 1, -2, -2, -1, 
        -2, -2, -1, 2, 1, 2, 2, 2, 1, -2, 1, -2, -2, -1, 2, 2, 2, 2, 1, 2, 2, 
        -1, -1, -1, -2, -2, -1, -1, -2, -2, -2, -2, 1, -2, -2, -1, 2, 2, 2, 2, 
        2, 2, 1, 2, 2, -1, 2, -1, -2, -2, -2, -1, -2, 1, 2, 2, 1, 2, 2, -1, 2, 
        -1, -2, -2, -2, -1, -2, 1, 2, 2, 1, 2, 2, -1, -1 ],
        [ IntegerRing() | 2, 1, 2, 2, -1, -2, -1, 2, -1, -2, -2, -2, -1, -2, 1, 
        -2, -2, -1, 2, 1, 2, 2, 2, 1, -2, 1, -2, -2, -1, -1, 2, 1, 2, 2, 2, 1, 
        -2, 1, -2, -2, -1, -2, -2, 1, 2, 2, -1, 2, -1, -2, -2, -2, -1, -2, 1, 2,
        2, -1, 2, 1, 2, 2, 2, 1, -2, 1, -2, -2, -1, 2, 2, -1, 2, 1, 2, 2, -1, 
        -2, -1, 2, -1, -2, -2, -2, -1, -2, 1, -2, -2, -1, 2, 1, 2, 2, 2, 1, -2, 
        1, -2, -2, -1, -1, 2, 1, 2, 2, 2, 1, -2, 1, -2, -2, -1, -2, -2, 1, 2, 2,
        -1, 2, -1, -2, -2, -2, -1, -2, 1, 2, 2, -1, 2, 1, 2, 2, 2, 1, -2, 1, -2,
        -2, -1, 2, 2, -1, 2, 1, 2, 2, 2, 1, 2, 2, 2, 1, 1, 2, 2, 1, 1, 1, -2, 
        -2, -1, -2, -2, -2, -2, 1, 2, 2, -1, 2, -1, -2, -2, -2, -1, -2, 1, 2, 2,
        1, 2, 2, -1, 2, -1, -2, -2, -2, -1, -2, 1, -2, -2, -1, 2, 1, 2, 2, 2, 1,
        2, 2, 2, 1, 1, 2, 2, 1, 1, 1, -2, -2, -1, -2, -2, -2, -2, 1, 2, 2, -1, 
        2, -1, -2, -2, -2, -1, -2, 1, 2, 2, 1, 2, 2, -1, 2, -1, -2, -2, -2, -1, 
        -2, 1, -2, -2, -1, 2, 1, 2, 2, 2, 1, -2, 1, -2, -2, -1, 2, 2, 2, 2, 2, 
        2, 1, 2, 2, -1, 2, -1, -2, -2, -2, -1, -2, 1, 2, 2, 1, 2, 2, -1, 2, -1, 
        -2, -2, -2, -1, -2, 1, 2, 2, 1 ],
        [ IntegerRing() | 2, 1, 2, 2, -1, -2, -1, 2, -1, -2, -2, -2, -1, -2, 1, 
        -2, -2, -1, 2, 1, 2, 2, 2, 1, -2, 1, -2, -2, -1, -1, 2, 1, 2, 2, 2, 1, 
        -2, 1, -2, -2, -1, -2, -2, 1, 2, 2, -1, 2, -1, -2, -2, -2, -1, -2, 1, 2,
        2, -1, 2, 1, 2, 2, 2, 1, -2, 1, -2, -2, -1, 2, 2, -1, 2, 1, 2, 2, -1, 
        -2, -1, 2, -1, -2, -2, -2, -1, -2, 1, -2, -2, -1, 2, 1, 2, 2, 2, 1, -2, 
        1, -2, -2, -1, -1, 2, 1, 2, 2, 2, 1, -2, 1, -2, -2, -1, -2, -2, 1, 2, 2,
        -1, 2, -1, -2, -2, -2, -1, -2, 1, 2, 2, -1, 2, 1, 2, 2, 2, 1, -2, 1, -2,
        -2, -1, 2, 2, -1, 2, 1, 2, 2, -1, -2, -1, 2, -1, -2, -2, -2, -1, -2, 1, 
        -2, -2, -1, 2, 1, 2, 2, 2, 1, -2, 1, -2, -2, -1, -1, 2, 1, 2, 2, 2, 1, 
        -2, 1, -2, -2, -1, -2, -2, 1, 2, 2, -1, 2, -1, -2, -2, -2, -1, -2, 1, 2,
        2, -1, 2, 1, 2, 2, 2, 1, -2, 1, -2, -2, -1, 2, 2, 2, 2, -1, 2, 1, 2, 2, 
        2, 1, -2, 1, -2, -2, -1, -2, -2, -1, 2, 1, 2, 2, 2, 1, -2, 1, -2, -2, 
        -1, 2, 2, 2, 2, 1, 2, 2, -1, -1, -1, -2, -2, -1, -1, -2, -2, -2, -1, -2,
        -2, -2, -1, -2, 1, 1, 2, 2, -1, 2, -1, -2, -2, -2, -1, -2, 1, 2, 2, 2, 
        2, 2, 2, -1, 2, 1, 2, 2, 2, 1, -2, 1, -2, -2, -1, 2, 2, -1, 2, 1, 2, 2, 
        2, 1, -2, 1, -2, -2, -1, -1 ]
    ], level := 268, genus := 20, index := 272, contains_minus_one := true, 
    subgroups := [], supergroups := [ IntegerRing() | 2, 2534 ], name := 
    "268A20", label := "A", order := 53064, GLZConj := 1, matgens := [ 
        PowerSequence(IntegerRing(268)) |
        [ IntegerRing(268) | 1, 134, 134, 1 ],
        [ IntegerRing(268) | 65, 112, 244, 37 ],
        [ IntegerRing(268) | 73, 76, 228, 197 ],
        [ IntegerRing(268) | 133, 134, 0, 133 ],
        [ IntegerRing(268) | 135, 0, 134, 135 ],
        [ IntegerRing(268) | 135, 67, 201, 68 ],
        [ IntegerRing(268) | 233, 260, 40, 101 ]
    ], cusps := [ IntegerRing() | 4, 268 ], c2 := [ IntegerRing() | 2, 2, 2, 2, 
    2, 2, 2, 2, 2, 2, 2, 2, 2, 2, 2, 2, 2, 2, 2, 2, 2, 2, 2, 2, 2, 2, 2, 2, 2, 
    2, 2, 2, 2, 2, 2, 2, 2, 2, 2, 2, 2, 2, 2, 2, 2, 2, 2, 2, 2, 2, 2, 2, 2, 2, 
    2, 2, 2, 2, 2, 2, 2, 2, 2, 2, 2, 2, 2, 2, 2, 2, 2, 2, 2, 2, 2, 2, 2, 2, 2, 
    2, 2, 2, 2, 2, 2, 2, 2, 2, 2, 2, 2, 2, 2, 2, 2, 2, 2, 2, 2, 2, 2, 2, 2, 2, 
    2, 2, 2, 2, 2, 2, 2, 2, 2, 2, 2, 2, 2, 2, 2, 2, 2, 2, 2, 2, 2, 2, 2, 2, 2, 
    2, 2, 2, 2, 2, 2, 2 ], c3 := [ IntegerRing() | 1, 1, 1, 1, 1, 1, 1, 1, 3, 3,
    3, 3, 3, 3, 3, 3, 3, 3, 3, 3, 3, 3, 3, 3, 3, 3, 3, 3, 3, 3, 3, 3, 3, 3, 3, 
    3, 3, 3, 3, 3, 3, 3, 3, 3, 3, 3, 3, 3, 3, 3, 3, 3, 3, 3, 3, 3, 3, 3, 3, 3, 
    3, 3, 3, 3, 3, 3, 3, 3, 3, 3, 3, 3, 3, 3, 3, 3, 3, 3, 3, 3, 3, 3, 3, 3, 3, 
    3, 3, 3, 3, 3, 3, 3, 3, 3, 3, 3 ], gc := [ IntegerRing() | 1, 1, 66 ], 
    special_name := [], special_name_html := [], direct_subgroups := [], 
    direct_supergroups := [ IntegerRing() | 2534 ], length := 68, treename := [ 
        PowerSequence(IntegerRing()) |
        [ IntegerRing() | 536, 4, 8, 8 ]
    ], treesupergroups := [ PowerSequence(IntegerRing()) |
        [ IntegerRing() | 536, 4, 8 ],
        [ IntegerRing() | 300, 8 ]
    ]>
]
;

