// list of all congruence groups with genus  24
// with  200 <= level < 208
//
// by c cummins and s pauli
// load "csg24-lev192.dat";
import "csg24-lev192.dat" : L24_192;
L24_200 := L24_192 cat 
[ PowerStructure(Rec) |
    rec<recformat<generators: SeqEnum, level: IntegerRing(), genus: 
    IntegerRing(), index: IntegerRing(), contains_minus_one: BoolElt, subgroups:
    SeqEnum, supergroups: SeqEnum, name: MonStgElt, label: MonStgElt, order: 
    IntegerRing(), GLZConj: IntegerRing(), matgens: SeqEnum, cusps: SeqEnum, c2:
    SeqEnum, c3: SeqEnum, gc: SeqEnum, projections: SeqEnum, special_name: 
    SeqEnum, special_name_html: SeqEnum, direct_subgroups: SeqEnum, 
    direct_supergroups: SeqEnum, length: IntegerRing(), treename: SeqEnum, 
    treesupergroups: SeqEnum> | generators := [ PowerSequence(IntegerRing()) |
        [ IntegerRing() | 2, 1, 2, 1, -2, 1, 1, 2, 1, 2, 1, -2, 1, 2, -1, -2, 
        -1, -2, -1, 2, -1, -2, -1, -2, -1, 2, -1, -2, -1, -1, -2, -1, -2, -1, 2,
        -1, -2, -1, -2, -1, 2, -1, -2, -1, -2, -1, 2, -1, -2, -1, -2, -1, 2, -1,
        -2, -1, -1, -2, -1, -1, -1, -1, -1, -1, -2, -1, -2, -2, -2, -2, -2, -1, 
        -1, -2, -1, -2, -1, -1, -1, -1, -1, -2, -1, -2, -2, -2, -2, -1, -1, -2, 
        -1, -2, -2, -1, -2, -2, -2, -2, -2, -1, -2, -2, -1, -2, -2, -2, -1, -2, 
        -1, -2, -1, 2, -1, -2, -1, -2, -1, 2, -1, -2, -1, -2, 1, 2, 1, 2, 1, -2,
        1, 2, 1, 2, 1, 1, 2, 1, -2, 1, 2, 1, 2, 1, -2, 1, 2, 1, 2, 1, -2, 1 ],
        [ IntegerRing() | 2, 2, 2, 2, 1, 2, 2, 1, 2, 2, 2, 2, 2, 1, 2, 2, 1, 2, 
        1, 1, 2, 2, 2, 2, 1, 2, 1, 1, 1, 1, 1, 2, 1, 2, 1, 1, 2, 2, 2, 2, 2, 1, 
        2, 1, 1, 1, 1, 1, 1, 2, 1, 1, 2, 1, -2, 1, 2, 1, 2, 1, -2, 1, 2, 1, 2, 
        1, -2, 1, 2, 1, 2, 1, -2, 1, 2, 1, 2, 1, 1, 2, 1, -2, 1, 2, 1, 2, 1, -2,
        1, 2, 1, 2, 1, -2, -1, 2, -1, -2, -1, -2, -1, 2, 2, 2, 2, 1, 2, 2, 1, 2,
        2, 2, 2, 2, 1, 2, 2, 1, 2, 1, 1, 2, 2, 2, 2, 1, 2, 1, 1, 1, 1, 1, 2, 1, 
        2, 1, 1, 2, 2, 2, 2, 2, 1, 2, 1, 1, 1, 1, 1, 1, 2, 1, 1, 2, 1, -2, 1, 2,
        1, 2, 1, -2, 1, 2, 1, 2, 1, -2, 1, 2, 1, 2, 1, -2, 1, 2, 1, 2, 1, 1, 2, 
        1, -2, 1, 2, 1, 2, 1, -2, 1, 2, 1, 2, 1, -2, -1, 2, -1, -2, -1, -2, -1, 
        2, 2, 2, 2, 1, 2, 2, 1, 2, 2, 2, 2, 2, 1, 2, 2, 1, 2, 1, 1, 2, 2, 2, 2, 
        1, 2, 1, 1, 1, 1, 1, 2, 1, 2, 1, 1, 2, 2, 2, 2, 2, 1, 2, 1, 1, 1, 1, 1, 
        1, 2, 1, 1, 2, 1, -2, 1, 2, 1, 2, 1, -2, 1, 2, 1, 2, 1, -2, 1, 2, 1, 2, 
        1, -2, 1, 2, 1, 2, 1, 1, 2, 1, -2, 1, 2, 1, 2, 1, -2, 1, 2, 1, 2, 1, -2,
        -1, 2, -1, -2, -1, -2, -1, 2, 2, 2, 2, 1, 2, 2, 1, 2, 2, 2, 2, 2, 1, 2, 
        2, 1, 2, 1, 1, 2, 2, 2, 2, 1, 2, 1, 1, 1, 1, 1, 2, 1, 2, 1, 1, 2, 2, 2, 
        2, 2, 1, 2, 1, 1, 1, 1, 1, 1, 2, 1, 1, 2, 1, -2, 1, 2, 1, 2, 1, -2, 1, 
        2, 1, 2, 1, -2, 1, 2, 1, 2, 1, -2, 1, 2, 1, 2, 1, 1, 2, 1, -2, 1, 2, 1, 
        2, 1, -2, 1, 2, 1, 2, 1, -2, -1, 2, -1, -2, -1, -2, -1, -1, 2, -1, -2, 
        -1, -2, -1, 2, -1, -2, -1, -2, -1, 2, -1, -2, -1, -2, -1, 2, -1, -2, -1,
        -1, -2, -1, -2, 1, 2, 1, 2, 1, -2, 1, 1, 2, 1, 2, 1, -2, 1, 2, -1, -2, 
        -1, -2, 1, 2, 1, 2, 1, -2 ],
        [ IntegerRing() | 2, 2, 2, 2, 1, 2, 2, 1, 2, 2, 2, 2, 2, 1, 2, 2, 1, 2, 
        1, 1, 2, 2, 2, 2, 1, 2, 1, 1, 1, 1, 1, 2, 1, 2, 1, 1, 2, 2, 2, 2, 2, 1, 
        2, 1, 1, 1, 1, 1, 1, 2, 1, 1, 2, 1, -2, 1, 2, 1, 2, 1, -2, 1, 2, 1, 2, 
        1, -2, 1, 2, 1, 2, 1, -2, 1, 2, 1, 2, 1, 1, 2, 1, -2, 1, 2, 1, 2, 1, -2,
        1, 2, 1, 2, 1, -2, -1, 2, -1, -2, -1, -2, -1, 2, 2, 2, 2, 1, 2, 2, 1, 2,
        2, 2, 2, 2, 1, 2, 2, 1, 2, 1, 1, 2, 2, 2, 2, 1, 2, 1, 1, 1, 1, 1, 2, 1, 
        2, 1, 1, 2, 2, 2, 2, 2, 1, 2, 1, 1, 1, 1, 1, 1, 2, 1, 1, 2, 1, -2, 1, 2,
        1, 2, 1, -2, 1, 2, 1, 2, 1, -2, 1, 2, 1, 2, 1, -2, 1, 2, 1, 2, 1, 1, 2, 
        1, -2, 1, 2, 1, 2, 1, -2, 1, 2, 1, 2, 1, -2, -1, 2, -1, -2, -1, -2, -1, 
        2, 2, 2, 2, 1, 2, 2, 1, 2, 2, 2, 2, 2, 1, 2, 2, 1, 2, 1, 1, 2, 2, 2, 2, 
        1, 2, 1, 1, 1, 1, 1, 2, 1, 2, 1, 1, 2, 2, 2, 2, 2, 1, 2, 1, 1, 1, 1, 1, 
        1, 2, 1, 1, 2, 1, -2, 1, 2, 1, 2, 1, -2, 1, 2, 1, 2, 1, -2, 1, 2, 1, 2, 
        1, -2, 1, 2, 1, 2, 1, 1, 2, 1, -2, 1, 2, 1, 2, 1, -2, 1, 2, 1, 2, 1, -2,
        -1, 2, -1, -2, -1, -2, -1, 2, 2, 2, 2, 1, 2, 2, 1, 2, 2, 2, 2, 2, 1, 2, 
        2, 1, 2, 1, 1, 2, 2, 2, 2, 1, 2, 1, 1, 1, 1, 1, 2, 1, 2, 1, 1, 2, 2, 2, 
        2, 2, 1, 2, 1, 1, 1, 1, 1, 1, 2, 1, 1, 2, 1, -2, 1, 2, 1, 2, 1, -2, 1, 
        2, 1, 2, 1, -2, 1, 2, 1, 2, 1, -2, 1, 2, 1, 2, 1, 1, 2, 1, -2, 1, 2, 1, 
        2, 1, -2, 1, 2, 1, 2, 1, -2, -1, 2, -1, -2, -1, -2, -1, 2, 2, 2, 2, 1, 
        2, 2, 1, 2, 2, 2, 2, 2, 1, 2, 2, 1, 2, 1, 1, 2, 2, 2, 2, 1, 2, 1, 1, 1, 
        1, 1, 2, 1, 2, 1, 1, 2, 2, 2, 2, 2, 1, 2, 1, 1, 1, 1, 1, 1, 2, 1, 1, 2, 
        1, -2, 1, 2, 1, 2, 1, -2, 1, 2, 1, 2, 1, -2, 1, 2, 1, 2, 1, -2, 1, 2, 1,
        2, 1, 1, 2, 1, -2, 1, 2, 1, 2, 1, -2, 1, 2, 1, 2, 1, -2, -1, 2, -1, -2, 
        -1, -2, -1, -1, 2, -1, -2, -1, -2, -1, 2, -1, -2, -1, -2, -1, 2, -1, -2,
        -1, -2, -1, 2, -1, -2, -1, -2, 1, 2, 1, 2, 1, -2, 1, 1, 2, 1, 2, 1, -2, 
        1, 2, 1, 2, 1, -2, 1, 1, 2, 1, 2, 1, -2, 1, 2, 1, 2, 1, -2, 1, 2, 1, 2, 
        1, -2, 1, 2, -1, -2, -1, -2, 1 ],
        [ IntegerRing() | 2, 2, 2, 2, 1, 2, 2, 1, 2, 2, 2, 2, 2, 1, 2, 2, 1, 2, 
        1, 1, 2, 2, 2, 2, 1, 2, 1, 1, 1, 1, 1, 2, 1, 2, 1, 1, 2, 2, 2, 2, 2, 1, 
        2, 1, 1, 1, 1, 1, 1, 1, 1, 1, 1, 2, 1, 2, 2, 2, 1, 2, 1, 1, 2, 2, 2, 2, 
        1, 2, 2, 1, 2, 2, 2, 2, 2, 1, 2, 2, 1, 2, 1, 1, 2, 2, 2, 2, 1, 2, 1, 1, 
        1, 1, 1, -2, -1, 2, -1, -2, -1, -2, -1, -1, 2, -1, -2, -1, -2, -1, 2, 
        -1, -2, -1, -2, -1, 2, -1, -2, -1, -2, -1, 2, -1, -2, -1, -2, -1, 2, -1,
        -2, -1, -2, -1, 2, -1, -2, -1, -1, -2, -1, -2, -1, 2, -1, -2, -1, -2, 
        -1, 2, -1, -2, -1, -2, -1, 2, -1, -2, -1, -2, -1, 2, -1, -2, -1, -1, -2,
        -1, -1, -1, -1, -1, -1, -2, -1, -2, -2, -2, -2, -2, -1, -1, -2, -1, -2, 
        -1, -1, -1, -1, -1, -2, -1, -2, -2, -2, -2, -1, -1, -2, -1, -2, -2, -1, 
        -2, -2, -2, -2, -2, -1, -2, -2, -1, -2, -2, -2, -2, 1, 2, 1, 2, 1, -2, 
        1, 2, -1, -2, -1, -2, -1, 2, -1, -2, -1, -2, -1, 2, -1, -2, -1, -1, -2, 
        -1, -2, -1, 2, -1, -2, -1, -2, -1, 2, -1, -2, -1, -2, -1, 2, -1, -2, -1,
        -2, -1, 2, -1, -2, -1, -1, -2, -1, -1, -1, -1, -1, -1, -2, -1, -2, -2, 
        -2, -2, -2, -1, -1, -2, -1, -2, -1, -1, -1, -1, -1, -2, -1, -2, -2, -2, 
        -2, -1, -1, -2, -1, -2, -2, -1, -2, -2, -2, -2, -2, -1, -2, -2, -1, -2, 
        -2, -2, -2, 1, 2, 1, 2, 1, -2, 1, 2, -1, -2, -1, -2, -1, 2, -1, -2, -1, 
        -2, -1, 2, -1, -2, -1, -1, -2, -1, -2, -1, 2, -1, -2, -1, -2, -1, 2, -1,
        -2, -1, -2, -1, 2, -1, -2, -1, -2, -1, 2, -1, -2, -1, -1, -2, -1, -1, 
        -1, -1, -1, -1, -2, -1, -2, -2, -2, -2, -2, -1, -1, -2, -1, -2, -1, -1, 
        -1, -1, -1, -2, -1, -2, -2, -2, -2, -1, -1, -2, -1, -2, -2, -1, -2, -2, 
        -2, -2, -2, -1, -2, -2, -1, -2, -2, -2, -2, 1, 2, 1, 2, 1, -2, 1, 2, -1,
        -2, -1, -2, -1, 2, -1, -2, -1, -2, -1, 2, -1, -2, -1, -1, -2, -1, -2, 
        -1, 2, -1, -2, -1, -2, -1, 2, -1, -2, -1, -2, -1, 2, -1, -2, -1, -2, -1,
        2, -1, -2, -1, -1, -2, -1, -1, -1, -1, -1, -1, -2, -1, -2, -2, -2, -2, 
        -2, -1, -1, -2, -1, -2, -1, -1, -1, -1, -1, -2, -1, -2, -2, -2, -2, -1, 
        -1, -2, -1, -2, -2, -1, -2, -2, -2, -2, -2, -1, -2, -2, -1, -2, -2, -2, 
        1, 2, 1, -2, 1, 2, 2, 2, 2, 1, 2, 2, 1, 2, 2, 2, 2, 2, 1, 2, 2, 1, 2, 1,
        1, 2, 2, 2, 2, 1, 2, 1, 1, 1, 1, 1, 2, 1, 2, 1, 1, 2, 2, 2, 2, 2, 1, 2, 
        1, 1, 1, 1, 1, 1, 2, 1, 1, 2, 1, -2, 1, 2, 1, 2, 1, -2, 1, 2, 1, 2, 1, 
        -2, 1, 2, 1, 2, 1, -2, 1, 2, 1, 2, 1, 1, 2, 1, -2, 1, 2, 1, 2, 1, -2, 1,
        2, 1, 2, 1, -2, -1, 2, -1, -2, -1, -2, -1, 2, 2, 2, 2, 1, 2, 2, 1, 2, 2,
        2, 2, 2, 1, 2, 2, 1, 2, 1, 1, 2, 2, 2, 2, 1, 2, 1, 1, 1, 1, 1, 2, 1, 2, 
        1, 1, 2, 2, 2, 2, 2, 1, 2, 1, 1, 1, 1, 1, 1, 2, 1, 1, 2, 1, -2, 1, 2, 1,
        2, 1, -2, 1, 2, 1, 2, 1, -2, 1, 2, 1, 2, 1, -2, 1, 2, 1, 2, 1, 1, 2, 1, 
        -2, 1, 2, 1, 2, 1, -2, 1, 2, 1, 2, 1, -2, -1, 2, -1, -2, -1, -2, -1, 2, 
        -1, -2, -1, -2, 1, 2, 1, 2, 1, -2, 1, 2, -1, -2, -1, -1, -2, -1, -2, -1,
        2, -1, -2, -1, -2, -1, 2, -1, -2, -1, -2, -1, 2, -1, -2, -1, -2, -1, 2, 
        -1, -2, -1, -2, -1, 2, -1, -2, -1, -2, -1 ],
        [ IntegerRing() | 2, 2, 2, 2, 1, 2, 2, 1, 2, 2, 2, 2, 2, 1, 2, 2, 1, 2, 
        1, 1, 2, 2, 2, 2, 1, 2, 1, 1, 1, 1, 1, 2, 1, 2, 1, 1, 2, 2, 2, 2, 2, 1, 
        2, 1, 1, 1, 1, 1, 1, 1, 1, 1, 1, 2, 1, 2, 2, 2, 1, 2, 1, 1, 2, 2, 2, 2, 
        1, 2, 2, 1, 2, 2, 2, 2, 2, 1, 2, 2, 1, 2, 1, 1, 2, 2, 2, 2, 1, 2, 1, 1, 
        1, 1, 1, -2, -1, 2, -1, -2, -1, -2, -1, -1, 2, -1, -2, -1, -2, -1, 2, 
        -1, -2, -1, -2, -1, 2, -1, -2, -1, -2, -1, 2, -1, -2, -1, -2, -1, 2, -1,
        -2, -1, -2, -1, 2, -1, -2, -1, -1, -2, -1, -2, -1, 2, -1, -2, -1, -2, 
        -1, 2, -1, -2, -1, -2, -1, 2, -1, -2, -1, -2, -1, 2, -1, -2, -1, -1, -2,
        -1, -1, -1, -1, -1, -1, -2, -1, -2, -2, -2, -2, -2, -1, -1, -2, -1, -2, 
        -1, -1, -1, -1, -1, -2, -1, -2, -2, -2, -2, -1, -1, -2, -1, -2, -2, -1, 
        -2, -2, -2, -2, -2, -1, -2, -2, -1, -2, -2, -2, -2, 1, 2, 1, 2, 1, -2, 
        1, 2, -1, -2, -1, -2, -1, 2, -1, -2, -1, -2, -1, 2, -1, -2, -1, -1, -2, 
        -1, -2, -1, 2, -1, -2, -1, -2, -1, 2, -1, -2, -1, -2, -1, 2, -1, -2, -1,
        -2, -1, 2, -1, -2, -1, -1, -2, -1, -1, -1, -1, -1, -1, -2, -1, -2, -2, 
        -2, -2, -2, -1, -1, -2, -1, -2, -1, -1, -1, -1, -1, -2, -1, -2, -2, -2, 
        -2, -1, -1, -2, -1, -2, -2, -1, -2, -2, -2, -2, -2, -1, -2, -2, -1, -2, 
        -2, -2, -2, 1, 2, 1, 2, 1, -2, 1, 2, -1, -2, -1, -2, -1, 2, -1, -2, -1, 
        -2, -1, 2, -1, -2, -1, -1, -2, -1, -2, -1, 2, -1, -2, -1, -2, -1, 2, -1,
        -2, -1, -2, -1, 2, -1, -2, -1, -2, -1, 2, -1, -2, -1, -1, -2, -1, -1, 
        -1, -1, -1, -1, -2, -1, -2, -2, -2, -2, -2, -1, -1, -2, -1, -2, -1, -1, 
        -1, -1, -1, -2, -1, -2, -2, -2, -2, -1, -1, -2, -1, -2, -2, -1, -2, -2, 
        -2, -2, -2, -1, -2, -2, -1, -2, -2, -2, -2, 1, 2, 1, 2, 1, -2, 1, 2, -1,
        -2, -1, -2, -1, 2, -1, -2, -1, -2, -1, 2, -1, -2, -1, -1, -2, -1, -2, 
        -1, 2, -1, -2, -1, -2, -1, 2, -1, -2, -1, -2, -1, 2, -1, -2, -1, -2, -1,
        2, -1, -2, -1, -1, -2, -1, -1, -1, -1, -1, -1, -2, -1, -2, -2, -2, -2, 
        -2, -1, -1, -2, -1, -2, -1, -1, -1, -1, -1, -2, -1, -2, -2, -2, -2, -1, 
        -1, -2, -1, -2, -2, -1, -2, -2, -2, -2, -2, -1, -2, -2, -1, -2, -2, -2, 
        -2, -1, 2, -1, -2, -1, 2, 2, 2, 1, 2, 2, 1, 2, 2, 2, 2, 2, 1, 2, 2, 1, 
        2, 1, 1, 2, 2, 2, 2, 1, 2, 1, 1, 1, 1, 1, 2, 1, 2, 1, 1, 2, 2, 2, 2, 2, 
        1, 2, 1, 1, 1, 1, 1, 1, 2, 1, 1, 2, 1, -2, 1, 2, 1, 2, 1, -2, 1, 2, 1, 
        2, 1, -2, 1, 2, 1, 2, 1, -2, 1, 2, 1, 2, 1, 1, 2, 1, -2, 1, 2, 1, 2, 1, 
        -2, 1, 2, 1, 2, 1, -2, -1, 2, -1, -2, -1, -2, -1, 2, 2, 2, 2, 1, 2, 2, 
        1, 2, 2, 2, 2, 2, 1, 2, 2, 1, 2, 1, 1, 2, 2, 2, 2, 1, 2, 1, 1, 1, 1, 1, 
        2, 1, 2, 1, 1, 2, 2, 2, 2, 2, 1, 2, 1, 1, 1, 1, 1, 1, 2, 1, 1, 2, 1, -2,
        1, 2, 1, 2, 1, -2, 1, 2, 1, 2, 1, -2, 1, 2, 1, 2, 1, -2, 1, 2, 1, 2, 1, 
        1, 2, 1, -2, 1, 2, 1, 2, 1, -2, 1, 2, 1, 2, 1, -2, -1, 2, -1, -2, -1, 
        -2, -1, 2, 2, 2, 2, 1, 2, 2, 1, 2, 2, 2, 2, 2, 1, 2, 2, 1, 2, 1, 1, 2, 
        2, 2, 2, 1, 2, 1, 1, 1, 1, 1, 2, 1, 2, 1, 1, 2, 2, 2, 2, 2, 1, 2, 1, 1, 
        1, 1, 1, 1, 2, 1, 1, 2, 1, -2, 1, 2, 1, 2, 1, -2, 1, 2, 1, 2, 1, -2, 1, 
        2, 1, 2, 1, -2, 1, 2, 1, 2, 1, 1, 2, 1, -2, 1, 2, 1, 2, 1, -2, 1, 2, 1, 
        2, 1, -2, -1, 2, -1, -2, -1, -2, -1, 2, 2, 2, 2, 1, 2, 2, 1, 2, 2, 2, 2,
        2, 1, 2, 2, 1, 2, 1, 1, 2, 2, 2, 2, 1, 2, 1, 1, 1, 1, 1, 2, 1, 2, 1, 1, 
        2, 2, 2, 2, 2, 1, 2, 1, 1, 1, 1, 1, 1, 2, 1, 1, 2, 1, -2, 1, 2, 1, 2, 1,
        -2, 1, 2, 1, 2, 1, -2, 1, 2, 1, 2, 1, -2, 1, 2, 1, 2, 1, 1, 2, 1, -2, 1,
        2, 1, 2, 1, -2, 1, 2, 1, 2, 1, -2, -1, 2, -1, -2, -1, -2, -1, 2, 2, 2, 
        2, 1, 2, 2, 1, 2, 2, 2, 2, 2, 1, 2, 2, 1, 2, 1, 1, 2, 2, 2, 2, 1, 2, 1, 
        1, 1, 1, 1, 2, 1, 2, 1, 1, 2, 2, 2, 2, 2, 1, 2, 1, 1, 1, 1, 1, 1, 2, 1, 
        1, 2, 1, -2, 1, 2, 1, 2, 1, -2, 1, 2, 1, 2, 1, -2, 1, 2, 1, 2, 1, -2, 1,
        2, 1, 2, 1, 1, 2, 1, -2, 1, 2, 1, 2, 1, -2, 1, 2, 1, 2, 1, -2, -1, 2, 
        -1, -2, -1, -2, -1, 2, 2, 2, 2, 1, 2, 2, 1, 2, 2, 2, 2, 2, 1, 2, 2, 1, 
        2, 1, 1, 2, 2, 2, 2, 1, 2, 1, 1, 1, 1, 1, 2, 1, 2, 1, 1, 2, 2, 2, 2, 2, 
        1, 2, 1, 1, 1, 1, 1, 1, 2, 1, 1, 2, 1, -2, 1, 2, 1, 2, 1, -2, 1, 2, 1, 
        2, 1, -2, 1, 2, 1, 2, 1, -2, 1, 2, 1, 2, 1, 1, 2, 1, -2, 1, 2, 1, 2, 1, 
        -2, 1, 2, 1, 2, 1, -2, -1, 2, -1, -2, -1, -2, -1, 2, 2, 2, 2, 1, 2, 2, 
        1, 2, 2, 2, 2, 2, 1, 2, 2, 1, 2, 1, 1, 2, 2, 2, 2, 1, 2, 1, 1, 1, 1, 1, 
        2, 1, 2, 1, 1, 2, 2, 2, 2, 2, 1, 2, 1, 1, 1, 1, 1, 1, 2, 1, 1, 2, 1, -2,
        1, 2, 1, 2, 1, -2, 1, 2, 1, 2, 1, -2, 1, 2, 1, 2, 1, -2, 1, 2, 1, 2, 1, 
        1, 2, 1, -2, 1, 2, 1, 2, 1, -2, 1, 2, 1, 2, 1, -2, -1, 2, -1, -2, -1, 
        -2, -1, -1, 2, 1 ],
        [ IntegerRing() | 1, 2, 1, 2, 1, -2, 1, 2, -1, -2, -1, -2, -1, 2, -1, 
        -2, -1, -2, -1, 2, -1, -2, -1, -1, -2, -1, -2, -1, 2, -1, -2, -1, -2, 
        -1, 2, -1, -2, -1, -2, -1, 2, -1, -2, -1, -2, -1, 2, -1, -2, -1, -1, -2,
        -1, -1, -1, -1, -1, -1, -2, -1, -2, -2, -2, -2, -2, -1, -1, -2, -1, -2, 
        -1, -1, -1, -1, -1, -2, -1, -2, -2, -2, -2, -1, -1, -2, -1, -2, -2, -1, 
        -2, -2, -2, -2, -2, -1, -2, -2, -1, -2, -2, -2, -2, 1, 2, 1, 2, 1, -2, 
        1, 2, -1, -2, -1, -2, -1, 2, -1, -2, -1, -2, -1, 2, -1, -2, -1, -1, -2, 
        -1, -2, -1, 2, -1, -2, -1, -2, -1, 2, -1, -2, -1, -2, -1, 2, -1, -2, -1,
        -2, -1, 2, -1, -2, -1, -1, -2, -1, -1, -1, -1, -1, -1, -2, -1, -2, -2, 
        -2, -2, -2, -1, -1, -2, -1, -2, -1, -1, -1, -1, -1, -2, -1, -2, -2, -2, 
        -2, -1, -1, -2, -1, -2, -2, -1, -2, -2, -2, -2, -2, -1, -2, -2, -1, -2, 
        -2, -2, -2, 1, 2, 1, 2, 1, -2, 1, 2, -1, -2, -1, -2, -1, 2, -1, -2, -1, 
        -2, -1, 2, -1, -2, -1, -1, -2, -1, -2, -1, 2, -1, -2, -1, -2, -1, 2, -1,
        -2, -1, -2, -1, 2, -1, -2, -1, -2, -1, 2, -1, -2, -1, -1, -2, -1, -1, 
        -1, -1, -1, -1, -2, -1, -2, -2, -2, -2, -2, -1, -1, -2, -1, -2, -1, -1, 
        -1, -1, -1, -2, -1, -2, -2, -2, -2, -1, -1, -2, -1, -2, -2, -1, -2, -2, 
        -2, -2, -2, -1, -2, -2, -1, -2, -2, -2, -2, 1, 2, 1, 2, 1, -2, 1, 2, -1,
        -2, -1, -1, -2, -1, -2, -1, 2, -1, -2, -1, -2, -1, 2, -1, -2, -1, -2, 
        -1, 2, -1, -2, -1, -2, 1, 2, 1, 2, 1, -2, 1, 2, 1, 2, 1, -2, 1, 1 ]
    ], level := 202, genus := 24, index := 306, contains_minus_one := true, 
    subgroups := [], supergroups := [ IntegerRing() | 3, 1890 ], name := 
    "202A24", label := "A", order := 20200, GLZConj := 1, matgens := [ 
        PowerSequence(IntegerRing(202)) |
        [ IntegerRing(202) | 1, 0, 101, 1 ],
        [ IntegerRing(202) | 21, 152, 54, 35 ],
        [ IntegerRing(202) | 43, 126, 74, 137 ],
        [ IntegerRing(202) | 61, 14, 98, 49 ],
        [ IntegerRing(202) | 63, 56, 190, 15 ],
        [ IntegerRing(202) | 113, 38, 42, 91 ]
    ], cusps := [ IntegerRing() | 1, 2, 101, 202 ], c2 := [ IntegerRing() | 1, 
    1, 2, 2, 2, 2, 2, 2, 2, 2, 2, 2, 2, 2, 2, 2, 2, 2, 2, 2, 2, 2, 2, 2, 2, 2, 
    2, 2, 2, 2, 2, 2, 2, 2, 2, 2, 2, 2, 2, 2, 2, 2, 2, 2, 2, 2, 2, 2, 2, 2, 2, 
    2, 2, 2, 2, 2, 2, 2, 2, 2, 2, 2, 2, 2, 2, 2, 2, 2, 2, 2, 2, 2, 2, 2, 2, 2, 
    2, 2, 2, 2, 2, 2, 2, 2, 2, 2, 2, 2, 2, 2, 2, 2, 2, 2, 2, 2, 2, 2, 2, 2, 2, 
    2, 2, 2, 2, 2, 2, 2, 2, 2, 2, 2, 2, 2, 2, 2, 2, 2, 2, 2, 2, 2, 2, 2, 2, 2, 
    2, 2, 2, 2, 2, 2, 2, 2, 2, 2, 2, 2, 2, 2, 2, 2, 2, 2, 2, 2, 2, 2, 2, 2, 2, 
    2, 2, 2 ], c3 := [ IntegerRing() | 3, 3, 3, 3, 3, 3, 3, 3, 3, 3, 3, 3, 3, 3,
    3, 3, 3, 3, 3, 3, 3, 3, 3, 3, 3, 3, 3, 3, 3, 3, 3, 3, 3, 3, 3, 3, 3, 3, 3, 
    3, 3, 3, 3, 3, 3, 3, 3, 3, 3, 3, 3, 3, 3, 3, 3, 3, 3, 3, 3, 3, 3, 3, 3, 3, 
    3, 3, 3, 3, 3, 3, 3, 3, 3, 3, 3, 3, 3, 3, 3, 3, 3, 3, 3, 3, 3, 3, 3, 3, 3, 
    3, 3, 3, 3, 3, 3, 3, 3, 3, 3, 3, 3, 3 ], gc := [ IntegerRing() | 1, 1, 1, 1,
    1, 1, 100, 100, 100 ], special_name := [ Strings() | 
    "\overline\Gamma_0(202)" ], special_name_html := [ Strings() | 
    "&Gamma;<sub>0</sub>(202)" ], direct_subgroups := [], direct_supergroups := 
    [ IntegerRing() | 3, 1890 ], length := 306, treename := [ 
        PowerSequence(IntegerRing()) |
        [ IntegerRing() | 404, 5, 4 ]
    ], treesupergroups := [ PowerSequence(IntegerRing()) |
        [ IntegerRing() | 404, 5 ],
        [ IntegerRing() | 300, 7 ]
    ]>
]
;

