// list of all congruence groups with genus  2
// with  48 <= level < 56
//
// by c cummins and s pauli
// load "csg2-lev40.dat";
import "csg2-lev40.dat" : L2_40;
L2_48 := L2_40 cat 
[ PowerStructure(Rec) |
    rec<recformat<generators: SeqEnum, level: IntegerRing(), genus: 
    IntegerRing(), index: IntegerRing(), contains_minus_one: BoolElt, subgroups:
    SeqEnum, supergroups: SeqEnum, name: MonStgElt, label: MonStgElt, order: 
    IntegerRing(), GLZConj: IntegerRing(), matgens: SeqEnum, cusps: SeqEnum, c2:
    SeqEnum, c3: SeqEnum, gc: SeqEnum, projections: SeqEnum, special_name: 
    SeqEnum, special_name_html: SeqEnum, direct_subgroups: SeqEnum, 
    direct_supergroups: SeqEnum, length: IntegerRing(), treename: SeqEnum, 
    treesupergroups: SeqEnum> | generators := [ PowerSequence(IntegerRing()) |
        [ IntegerRing() | -1, -1, 2, 2, 2, 2, 2, 2, 2, 2, 2, 2, 2, 2, 2, 2, 2, 
        2, 2, 2, 2, 2, 2, 2, 2, 2, 2, 2, 2, 2, 2, 2, 2, 2, 1, 2, 2, 2, 2, 2, 2, 
        2, 2, 2, 2, 2, 2, 2, 2, 2, 2, 1 ],
        [ IntegerRing() | -1, 2, 2, 2, 2, 2, 2, 2, 2, 2, 2, 2, 2, 2, 2, 2, 2, 2,
        2, 2, 2, 2, 2, 2, 2, 2, 2, 2, 2, 2, 2, 2, 2, -1, 2, 2, 2, 2, 2, 2, 2, 2,
        2, 2, 2, 2, 2, 2, 2, 2, 1, -2, -2, -2, -2, -2, -2, 1, 1, 1, -2, -2, -2, 
        -2, 1, -2, -2, 1, -2, -2, -2, -2, -2, -2, -2, -2, -2, -2, -2, -2 ],
        [ IntegerRing() | -1, 2, 2, 2, 2, 2, 2, 2, 2, 2, 2, 2, 2, 2, 2, 2, 2, 2,
        2, 2, 2, 2, 2, 2, 2, 1 ],
        [ IntegerRing() | -1, 2, 2, 2, 2, 2, 2, 2, 2, 2, 2, 2, 2, 2, 2, 2, 2, 
        -1, 2, 2, 2, 2, 2, 2, 2, 2, 2, 2, 2, 2, 2, 2, 2, 2, 1, -2, -2, -2, -2, 
        -2, -2, -2, -2, -2, -2, -2, -2, 1, 1, 1, -2, -2, -2, -2, 1, -2, -2, 1, 
        -2, -2, -2, -2, -2, -2, -2, -2 ],
        [ IntegerRing() | -1, 2, 2, 2, 2, 2, 2, 2, 2, 2, 2, 2, 2, 2, 2, 2, 2, 2,
        2, 2, 2, 2, 2, 2, 2, 2, 2, 2, 2, 2, 2, 2, 2, -1, 2, 2, 2, 2, 2, 2, 2, 2,
        2, 2, 2, 2, 2, 2, 2, 2, 1, -2, -2, -2, -2, -2, -2, 1, -2, -2, -2, -2, 1,
        -2, -2, 1, -2, -2, -2, -2, -2, -2, -2, -2, -2, -2, -2, -2 ],
        [ IntegerRing() | -1, -1, 2, 2, 2, 2, 2, 2, 2, 2, 2, 2, 2, 2, 2, 2, 2, 
        2, 2, 2, 2, 2, 2, 2, 2, 2, 2, 2, 2, 2, 2, 2, 2, 2, 1, 2, 2, 2, 2, 2, 2, 
        2, 2, 2, 2, 2, 2, 2, 2, 2, 2, -1, 2, 2, 2, 2, 2, 2, 2, 2, 2, 2, 2, 2, 2,
        2, 2, 2, 2, 2, 2, 2, 2, 2, 2, 2, 2, 2, 2, 2, 2, 2, 2, 2, 1, 2, 2, 2, 2, 
        2, 2, 2, 2, 2, 2, 2, 2, 2, 2, 2, 2, 1 ],
        [ IntegerRing() | -1, -2, -2, 1, 1, 1, -2, -2, -2, -2, 1, -2, -2, 1, -2,
        -2, -2, -2 ],
        [ IntegerRing() | -1, -1, 2, 2, 2, 2, 2, 2, 2, 2, 2, 2, 2, 2, 2, 2, 2, 
        2, 2, 2, 2, 2, 2, 2, 2, 2, 2, 2, 2, 2, 2, 2, 2, 2, 1, 2, 2, 2, 2, 2, 2, 
        2, 2, 2, 2, 2, 2, 2, 2, 2, 2, -1, 2, 2, 2, 2, 2, 2, 2, 2, 2, 2, 2, 2, 2,
        2, 2, 2, 2, 2, 2, 2, 2, 2, 2, 2, 2, 2, 2, 2, 2, 2, 2, 2, 1, 1, 1, 1, -2,
        -2, -2, -2, 1, -2, -2, 1, -2, -2, -2, -2, -2, -2, -2, -2 ],
        [ IntegerRing() | -1, -1, 2, 2, 2, 2, 2, 2, 2, 2, 2, 2, 2, 2, 2, 2, 2, 
        2, 2, 2, 2, 2, 2, 2, 2, 2, 2, 2, 2, 2, 2, 2, 2, 2, 1, 2, 2, 2, 2, 2, 2, 
        2, 2, 2, 2, 2, 2, 2, 2, 2, 2, 2, 2, 2, 2, 2, 2, 2, 2, 2, 2, 2, 2, 1, 1, 
        1, -2, -2, 1, -2, -2, 1, -2, -2 ],
        [ IntegerRing() | -1, -1, 2, 2, 2, 2, 2, 2, 2, 2, 2, 2, 2, 2, 2, 2, 2, 
        2, 1, 2, 2, 2, 2, 2, 2, 2, 2, 2, 2, 2, 2, 2, 2, 2, 2, 2, 2, 2, 2, 2, 2, 
        2, 2, 2, 2, 2, 2, 2, 2, 2, 2, -1, 2, 2, 2, 2, 2, 2, 2, 2, 2, 2, 2, 2, 2,
        2, 2, 2, 1, -2, -2, 1, 1, 1, -2, -2, 1, -2, -2, -2, 1 ]
    ], level := 48, genus := 2, index := 72, contains_minus_one := true, 
    subgroups := [ IntegerRing() | 647, 1541, 1549, 1550, 1560, 1561, 1562, 
    1563, 1564, 2541, 2686, 2687, 3830 ], supergroups := [ IntegerRing() | 111 
    ], name := "48A2", label := "A", order := 1024, GLZConj := 1, matgens := [ 
        PowerSequence(IntegerRing(48)) |
        [ IntegerRing(48) | 1, 0, 24, 1 ],
        [ IntegerRing(48) | 11, 14, 41, 13 ],
        [ IntegerRing(48) | 13, 20, 38, 29 ],
        [ IntegerRing(48) | 17, 0, 0, 17 ],
        [ IntegerRing(48) | 17, 32, 32, 1 ],
        [ IntegerRing(48) | 23, 0, 24, 23 ],
        [ IntegerRing(48) | 25, 0, 24, 25 ],
        [ IntegerRing(48) | 25, 4, 46, 17 ],
        [ IntegerRing(48) | 25, 20, 2, 17 ],
        [ IntegerRing(48) | 41, 24, 36, 41 ]
    ], cusps := [ IntegerRing() | 24, 48 ], c2 := [ IntegerRing() | 1, 1, 1, 1, 
    1, 1, 1, 1, 1, 1, 1, 1, 1, 1, 1, 1, 2, 2, 2, 2, 2, 2, 2, 2, 2, 2, 2, 2, 2, 
    2, 2, 2, 2, 2, 2, 2, 2, 2, 2, 2, 2, 2, 2, 2 ], c3 := [ IntegerRing() | 3, 3,
    3, 3, 3, 3, 3, 3, 3, 3, 3, 3, 3, 3, 3, 3, 3, 3, 3, 3, 3, 3, 3, 3 ], gc := [ 
    IntegerRing() | 1, 1, 1, 2, 2, 2 ], special_name := [], special_name_html :=
    [], direct_subgroups := [ IntegerRing() | 647, 1541, 1549, 1550, 1560, 1561,
    1562, 1563, 1564, 2541, 2686, 2687, 3830 ], direct_supergroups := [ 
    IntegerRing() | 111 ], length := 9, treename := [ 
        PowerSequence(IntegerRing()) |
        [ IntegerRing() | 384, 3, 2, 9, 21, 7 ],
        [ IntegerRing() | 384, 3, 2, 9, 21, 8 ],
        [ IntegerRing() | 384, 3, 2, 9, 21, 37 ],
        [ IntegerRing() | 432, 4, 4, 14, 4, 9 ],
        [ IntegerRing() | 432, 4, 4, 14, 4, 24 ],
        [ IntegerRing() | 432, 4, 4, 14, 4, 57 ],
        [ IntegerRing() | 480, 6, 5, 14, 8, 28 ],
        [ IntegerRing() | 480, 6, 5, 14, 8, 55 ],
        [ IntegerRing() | 480, 6, 5, 14, 8, 63 ],
        [ IntegerRing() | 576, 4, 3, 5, 21, 53 ],
        [ IntegerRing() | 576, 4, 3, 5, 21, 55 ],
        [ IntegerRing() | 576, 4, 3, 5, 21, 57 ]
    ], treesupergroups := [ PowerSequence(IntegerRing()) |
        [ IntegerRing() | 384, 3, 2, 9, 21 ],
        [ IntegerRing() | 384, 3, 2, 9, 21 ],
        [ IntegerRing() | 384, 3, 2, 9, 21 ],
        [ IntegerRing() | 432, 4, 4, 14, 4 ],
        [ IntegerRing() | 432, 4, 4, 14, 4 ],
        [ IntegerRing() | 432, 4, 4, 14, 4 ],
        [ IntegerRing() | 480, 6, 5, 14, 8 ],
        [ IntegerRing() | 480, 6, 5, 14, 8 ],
        [ IntegerRing() | 480, 6, 5, 14, 8 ],
        [ IntegerRing() | 576, 4, 3, 5, 21 ],
        [ IntegerRing() | 576, 4, 3, 5, 21 ],
        [ IntegerRing() | 576, 4, 3, 5, 21 ]
    ]>,
    rec<recformat<generators: SeqEnum, level: IntegerRing(), genus: 
    IntegerRing(), index: IntegerRing(), contains_minus_one: BoolElt, subgroups:
    SeqEnum, supergroups: SeqEnum, name: MonStgElt, label: MonStgElt, order: 
    IntegerRing(), GLZConj: IntegerRing(), matgens: SeqEnum, cusps: SeqEnum, c2:
    SeqEnum, c3: SeqEnum, gc: SeqEnum, projections: SeqEnum, special_name: 
    SeqEnum, special_name_html: SeqEnum, direct_subgroups: SeqEnum, 
    direct_supergroups: SeqEnum, length: IntegerRing(), treename: SeqEnum, 
    treesupergroups: SeqEnum> | generators := [ PowerSequence(IntegerRing()) |
        [ IntegerRing() | -1, -1, -2, -2, -2, -2, 1, 2, 2, 2, 2, 2, 2, -1, 2, 2,
        2, 2, 2, 2, 2, 2, 2, 2, 2, 2, 2, 2, 2, 2, 2, 2, 2, 2, 2, 2, 2, 2, 2, 2, 
        2, 2, 2, 2, 2, 2, 2, 2, 2, 2, 2, 2, 2, 2, 2, 2, 2, 2, 2, 2, -1, -2, -2, 
        -2, -2, 1, 2, 2, 2, 2, 2, 2, -1, 2, 2, 2, 2, 2, 2, 1 ],
        [ IntegerRing() | -1, -1, -2, -2, -2, -2, 1, 2, 2, 2, 2, 2, 2, -1, 2, 2,
        2, 2, 2, 2, 2, 2, 2, 2, 2, 2, 2, 2, 2, 2, 2, 2, 2, 2, 2, 2, 2, 2, 2, 2, 
        2, 2, 2, 2, 2, 2, 2, 2, 2, 2, 2, 2, 2, 2, 2, 2, 2, 2, 2, 2, -1, -2, -2, 
        -2, -2, 1, 2, 2, 2, 2, 2, 2, -1, 2, 2, 2, 2, 2, 2, 2, 2, 2, 2, 2, 2, 2, 
        2, 2, 2, 2, 2, 2, 2, 2, 2, 2, 2, 2, 2, 2, 2, 2, 2, 2, 2, 2, 2, 2, 2, 2, 
        2, 2, 2, 2, 2, 2, 2, 2, 2, -1, -2, -2, -2, -2, 1, 2, 2, 2, 2, 2, 2, -1, 
        2, 2, 2, 2, 2, 2, 2, 2, 2, 2, 2, 2, 2, 2, 2, 2, 2, 2, 2, 2, 2, 2, 2, 2, 
        2, 2, 2, 2, 2, 2, 2, 2, 2, 2, 2, 2, 2, 2, 2, 2, 2, 2, 2, 2, 2, 2, -1, 
        -2, -2, -2, -2, 1, 2, 2, 2, 2, 2, 2, -1, 2, 2, 2, 2, 2, 2, 1, -2, -2, 
        -2, -2, -2, -2, -2, -2, -2, -2 ],
        [ IntegerRing() | -1, -1, -2, -2, -2, -2, 1, 2, 2, 2, 2, 2, 2, -1, 2, 2,
        2, 2, 2, 2, 2, 2, 2, 2, 2, 2, 2, 2, 2, 2, 2, 2, 2, 2, 2, 2, 2, 2, 2, 2, 
        2, 2, 2, 2, 2, 2, 2, 2, 2, 2, 2, 2, 2, 2, 2, 2, 2, 2, 2, 2, -1, -2, -2, 
        -2, -2, 1, 2, 2, 2, 2, 2, 2, -1, 2, 2, 2, 2, 2, 2, 2, 2, 2, 2, 2, 2, 2, 
        2, 2, 2, 2, 2, 2, 2, 2, 2, 2, 2, 2, 2, 2, 2, 2, 2, 2, 2, 2, 2, 2, 2, 2, 
        2, 2, 2, 2, 2, 2, 2, 2, 2, -1, -2, -2, -2, -2, 1, 2, 2, 2, 2, 2, 2, -1, 
        2, 2, 2, 2, 2, 2, 2, 2, 2, 2, 2, 2, 2, 2, 2, 2, 2, 2, 2, 2, 2, 2, 2, 2, 
        2, 2, 2, 2, 2, 2, 2, 2, 2, 2, 2, 2, 2, 2, 2, 2, 2, 2, 2, 2, 2, 2, -1, 
        -2, -2, -2, -2, 1, 2, 2, 2, 2, 2, 2, -1, 2, 2, 2, 2, 2, 2, 2, 2, 2, 2, 
        2, 2, 2, 2, 2, 2, 2, 2, 2, 2, 2, 2, 2, 2, 2, 2, 2, 2, 2, 2, 2, 2, 2, 2, 
        2, 2, 2, 2, 2, 2, 2, 2, 2, 2, 2, 2, -1, -2, -2, -2, -2, 1, 2, 2, 2, 2, 
        2, 2, -1, 2, 2, 2, 2, 2, 2, 2, 2, 2, 2, 2, 2, 2, 2, 2, 2, 2, 2, 2, 2, 2,
        2, 2, 2, 2, 2, 2, 2, 2, 2, 2, 2, 2, 2, 2, 2, 2, 2, 2, 2, 2, 2, 2, 2, 2, 
        2, -1, -2, -2, -2, -2, 1, 2, 2, 2, 2, 2, 2, -1, 2, 2, 2, 2, 2, 2, 2, 2, 
        2, 2, 2, 2, 2, 2, 2, 2, 2, 2, 2, 2, 2, 2, 2, 2, 2, 2, 2, 2, 2, 2, 2, 2, 
        2, 2, 2, 2, 2, 2, 2, 2, 2, 2, 2, 2, 2, 2, -1, -2, -2, -2, -2, 1, 2, 2, 
        2, 2, 2, 2, -1, 2, 2, 2, 2, 2, 2, 2, 2, 2, 2, 2, 2, 2, 2, 2, 2, 2, 2, 2,
        2, 2, 2, 2, 2, 2, 2, 2, 2, 2, 2, 2, 2, 2, 2, 2, 2, 2, 2, 2, 2, 2, 2, 2, 
        2, 2, 2, -1, -2, -2, -2, -2, 1, 2, 2, 2, 2, 2, 2, -1, 2, 2, 2, 2, 2, 2, 
        2, 2, 2, 2, 2, 2, 2, 2, 2, 2, 2, 2, 2, 2, 2, 2, 2, 2, 2, 2, 2, 2, 2, 2, 
        2, 2, 2, 2, 2, 2, 2, 2, 2, 2, 2, 2, 2, 2, 2, 2, -1, -2, -2, -2, -2, 1, 
        2, 2, 2, 2, 1, -2, -2, 1, -2, -2, 1, -2, -2, -2, -2, -2, -2, 1, 2 ],
        [ IntegerRing() | -1, -1, -2, -2, -2, -2, 1, 2, 2, 2, 2, 2, 2, -1, 2, 2,
        2, 2, 2, 2, 2, 2, 2, 2, 2, 2, 2, 2, 2, 2, 2, 2, 2, 2, 2, 2, 2, 2, 2, 2, 
        2, 2, 2, 2, 2, 2, 2, 2, 2, 2, 2, 2, 2, 2, 2, 2, 2, 2, 2, 2, -1, -2, -2, 
        -2, -2, 1, 2, 2, 2, 2, 2, 2, -1, 2, 2, 2, 2, 2, 2, 2, 2, 2, 2, 2, 2, 2, 
        2, 2, 2, 2, 2, 2, 2, 2, 2, 2, 2, 2, 2, 2, 2, 2, 2, 2, 2, 2, 2, 2, 2, 2, 
        2, 2, 2, 2, 2, 2, 2, 2, 2, -1, -2, -2, -2, -2, 1, 2, 2, 2, 2, 2, 2, -1, 
        2, 2, 2, 2, 2, 2, 2, 2, 2, 2, 2, 2, 2, 2, 2, 2, 2, 2, 2, 2, 2, 2, 2, 2, 
        2, 2, 2, 2, 2, 2, 2, 2, 2, 2, 2, 2, 2, 2, 2, 2, 2, 2, 2, 2, 2, 2, -1, 
        -2, -2, -2, -2, 1, 2, 2, 2, 2, 2, 2, -1, 2, 2, 2, 2, 2, 2, 2, 2, 2, 2, 
        2, 2, 2, 2, 2, 2, 1, 1, 1 ],
        [ IntegerRing() | -1, -1, -2, -2, -2, -2, 1, 2, 2, 2, 2, 2, 2, -1, 2, 2,
        2, 2, 2, 2, 2, 2, 2, 2, 2, 2, 2, 2, 2, 2, 2, 2, 1, -2, -2, 1, -2, -2, 
        -2, -2, -2, -2, -2, -2, 1, 2, 1 ],
        [ IntegerRing() | -1, -1, -2, -2, -2, -2, 1, 2, 2, 2, 2, 2, 2, -1, 2, 2,
        2, 2, 2, 2, 2, 2, 2, 2, 2, 2, 2, 2, 2, 2, 2, 2, 2, 2, 2, 2, 2, 2, 2, 2, 
        2, 2, 2, 2, 2, 2, 2, 2, 2, 2, 2, 2, 2, 2, 2, 2, 2, 2, 2, 2, -1, -2, -2, 
        -2, -2, 1, 2, 2, 2, 2, 2, 2, -1, 2, 2, 2, 2, 2, 2, 2, 2, 2, 2, 2, 2, 2, 
        2, 2, 2, 2, 2, 2, 2, 2, 2, 2, 2, 2, 2, 2, 2, 2, 2, 2, 2, 2, 2, 2, 2, 2, 
        2, 2, 2, 2, 2, 2, 2, 2, 2, -1, -2, -2, -2, -2, 1, 2, 2, 2, 2, 2, 2, -1, 
        2, 2, 2, 2, 2, 2, 2, 2, 2, 2, 2, 2, 2, 2, 2, 2, 2, 2, 2, 2, 2, 2, 2, 2, 
        2, 2, 2, 2, 2, 2, 2, 2, 2, 2, 2, 2, 2, 2, 2, 2, 2, 2, 2, 2, 2, 2, -1, 
        -2, -2, -2, -2, 1, 2, 2, 2, 2, 2, 2, -1, 2, 2, 2, 2, 2, 2, 2, 2, 2, 2, 
        2, 2, 2, 2, 2, 2, 1 ],
        [ IntegerRing() | -1, -2, -2, -2, -2, -2, -2, -2, -2, -2, -2, 1, -2, -2,
        -2, -2, 1, -2, -2, 1, -2, -2, -2, -2, -2, -2, -2, -2 ]
    ], level := 50, genus := 2, index := 60, contains_minus_one := true, 
    subgroups := [ IntegerRing() | 1092, 1250, 1685, 2543, 3586, 3714, 4294, 
    5492, 5493, 6173, 6339, 7342, 7343 ], supergroups := [ IntegerRing() | 70, 
    113 ], name := "50A2", label := "A", order := 1500, GLZConj := 1, matgens :=
    [ PowerSequence(IntegerRing(50)) |
        [ IntegerRing(50) | 7, 48, 18, 45 ],
        [ IntegerRing(50) | 19, 0, 20, 29 ],
        [ IntegerRing(50) | 26, 25, 25, 1 ],
        [ IntegerRing(50) | 31, 0, 30, 21 ],
        [ IntegerRing(50) | 31, 40, 40, 21 ],
        [ IntegerRing(50) | 41, 0, 40, 11 ],
        [ IntegerRing(50) | 43, 40, 23, 47 ]
    ], cusps := [ IntegerRing() | 2, 2, 2, 2, 2, 50 ], c2 := [ IntegerRing() | 
    1, 1, 1, 1, 2, 2, 2, 2, 2, 2, 2, 2, 2, 2, 2, 2, 2, 2, 2, 2, 2, 2, 2, 2, 2, 
    2, 2, 2, 2, 2, 2, 2 ], c3 := [ IntegerRing() | 3, 3, 3, 3, 3, 3, 3, 3, 3, 3,
    3, 3, 3, 3, 3, 3, 3, 3, 3, 3 ], gc := [ IntegerRing() | 1, 1, 4, 4, 20 ], 
    special_name := [], special_name_html := [], direct_subgroups := [ 
    IntegerRing() | 1092, 1250, 1685, 2543, 3586, 3714, 4294, 5492, 5493, 6173, 
    6339, 7342, 7343 ], direct_supergroups := [ IntegerRing() | 70, 113 ], 
    length := 30, treename := [ PowerSequence(IntegerRing()) |
        [ IntegerRing() | 300, 2, 6, 8 ],
        [ IntegerRing() | 300, 2, 13, 8 ],
        [ IntegerRing() | 400, 2, 6, 7 ],
        [ IntegerRing() | 400, 2, 11, 6 ],
        [ IntegerRing() | 450, 3, 8, 8 ],
        [ IntegerRing() | 450, 3, 13, 4 ],
        [ IntegerRing() | 500, 2, 5, 10 ],
        [ IntegerRing() | 500, 2, 11, 2 ]
    ], treesupergroups := [ PowerSequence(IntegerRing()) |
        [ IntegerRing() | 300, 2, 6 ],
        [ IntegerRing() | 300, 2, 13 ],
        [ IntegerRing() | 400, 2, 6 ],
        [ IntegerRing() | 400, 2, 11 ],
        [ IntegerRing() | 450, 3, 8 ],
        [ IntegerRing() | 450, 3, 13 ],
        [ IntegerRing() | 500, 2, 5 ],
        [ IntegerRing() | 500, 2, 11 ]
    ]>,
    rec<recformat<generators: SeqEnum, level: IntegerRing(), genus: 
    IntegerRing(), index: IntegerRing(), contains_minus_one: BoolElt, subgroups:
    SeqEnum, supergroups: SeqEnum, name: MonStgElt, label: MonStgElt, order: 
    IntegerRing(), GLZConj: IntegerRing(), matgens: SeqEnum, cusps: SeqEnum, c2:
    SeqEnum, c3: SeqEnum, gc: SeqEnum, projections: SeqEnum, special_name: 
    SeqEnum, special_name_html: SeqEnum, direct_subgroups: SeqEnum, 
    direct_supergroups: SeqEnum, length: IntegerRing(), treename: SeqEnum, 
    treesupergroups: SeqEnum> | generators := [ PowerSequence(IntegerRing()) |
        [ IntegerRing() | -1, -1, -2, -2, -2, -2, 1, 2, 2, 2, 2, 2, 2, -1, 2, 2,
        2, 2, 2, 2, 2, 2, 2, 2, 2, 2, 2, 2, 2, 2, 2, 2, 2, 2, 2, 2, 2, 2, 2, 2, 
        2, 2, 2, 2, 2, 2, 2, 2, 2, 2, 2, 2, 2, 2, 2, 2, 2, 2, 2, 2, -1, -2, -2, 
        -2, -2, 1, 2, 2, 2, 2, 2, 2, -1, 2, 2, 2, 2, 2, 2, 1 ],
        [ IntegerRing() | -1, -1, -2, -2, -2, -2, 1, 2, 2, 2, 2, 2, 2, -1, 2, 2,
        2, 2, 2, 2, 2, 2, 2, 2, 2, 2, 2, 2, 2, 2, 2, 2, 2, 2, 2, 2, 2, 2, 2, 2, 
        2, 2, 2, 2, 2, 2, 2, 2, 2, 2, 2, 2, 2, 2, 2, 2, 2, 2, 2, 2, -1, -2, -2, 
        -2, -2, 1, 2, 2, 2, 2, 2, 2, -1, 2, 2, 2, 2, 2, 2, 2, 2, 2, 2, 2, 2, 2, 
        2, 2, 2, 2, 2, 2, 2, 2, 2, 2, 2, 2, 2, 2, 2, 2, 2, 2, 2, 2, 2, 2, 2, 2, 
        2, 2, 2, 2, 2, 2, 2, 2, 2, -1, -2, -2, -2, -2, 1, 2, 2, 2, 2, 2, 2, -1, 
        2, 2, 2, 2, 2, 2, 2, 2, 2, 2, 2, 2, 2, 2, 2, 2, 2, 2, 2, 2, 2, 2, 2, 2, 
        2, 2, 2, 2, 2, 2, 2, 2, 2, 2, 2, 2, 2, 2, 2, 2, 2, 2, 2, 2, 2, 2, -1, 
        -2, -2, -2, -2, 1, 2, 2, 2, 2, 2, 2, -1, 2, 2, 2, 2, 2, 2, 2, 2, 2, 2, 
        2, 2, 2, 2, 2, 2, 1, -2, -2, 1, -2, -2, 1, -2, -2, -2, -2 ],
        [ IntegerRing() | -1, -1, -2, -2, -2, -2, 1, 2, 2, 2, 2, 2, 2, -1, 2, 2,
        2, 2, 2, 2, 2, 2, 2, 2, 2, 2, 2, 2, 2, 2, 2, 2, 2, 2, 2, 2, 2, 2, 2, 2, 
        2, 2, 2, 2, 2, 2, 2, 2, 2, 2, 2, 2, 2, 2, 2, 2, 2, 2, 2, 2, -1, -2, -2, 
        -2, -2, 1, 2, 2, 2, 2, 2, 2, -1, 2, 2, 2, 2, 2, 2, 2, 2, 2, 2, 2, 2, 2, 
        2, 2, 2, 2, 2, 2, 2, 2, 2, 2, 2, 2, 2, 2, 2, 2, 2, 2, 2, 2, 2, 2, 2, 2, 
        2, 2, 2, 2, 2, 2, 2, 2, 2, -1, -2, -2, -2, -2, 1, 2, 2, 2, 2, 2, 2, -1, 
        2, 2, 2, 2, 2, 2, 2, 2, 2, 2, 2, 2, 2, 2, 2, 2, 2, 2, 2, 2, 2, 2, 2, 2, 
        2, 2, 2, 2, 2, 2, 2, 2, 2, 2, 2, 2, 2, 2, 2, 2, 2, 2, 2, 2, 2, 2, -1, 
        -2, -2, -2, -2, 1, 2, 2, 2, 2, 2, 2, -1, 2, 2, 2, 2, 2, 2, 1, -2, -2, 
        -2, -2, -2, -2, -2, -2, -2, -2 ],
        [ IntegerRing() | -1, -1, -2, -2, -2, -2, 1, 2, 2, 2, 2, 2, 2, -1, 2, 2,
        2, 2, 2, 2, 2, 2, 2, 2, 2, 2, 2, 2, 2, 2, 2, 2, 2, 2, 2, 2, 2, 2, 2, 2, 
        2, 2, 2, 2, 2, 2, 2, 2, 2, 2, 2, 2, 2, 2, 2, 2, 2, 2, 2, 2, -1, -2, -2, 
        -2, -2, 1, 2, 2, 2, 2, 2, 2, -1, 2, 2, 2, 2, 2, 2, 2, 2, 2, 2, 2, 2, 2, 
        2, 2, 2, 2, 2, 2, 2, 2, 2, 2, 2, 2, 2, 2, 2, 2, 2, 2, 2, 2, 2, 2, 2, 2, 
        2, 2, 2, 2, 2, 2, 2, 2, 2, -1, -2, -2, -2, -2, 1, 2, 2, 2, 2, 2, 2, -1, 
        2, 2, 2, 2, 2, 2, 2, 2, 2, 2, 2, 2, 2, 2, 2, 2, 2, 2, 2, 2, 2, 2, 2, 2, 
        2, 2, 2, 2, 2, 2, 2, 2, 2, 2, 2, 2, 2, 2, 2, 2, 2, 2, 2, 2, 2, 2, -1, 
        -2, -2, -2, -2, 1, 2, 2, 2, 2, 2, 2, -1, 2, 2, 2, 2, 2, 2, 2, 2, 2, 2, 
        2, 2, 2, 2, 2, 2, 1, 1, 1 ],
        [ IntegerRing() | -1, -2, -2, -2, -2, -2, -2, -2, -2, -2, -2, -2, -2, 
        -2, -2, -2, -2, -2, -2, -2, -2, -2, -2, -2, -2, -2, 1 ],
        [ IntegerRing() | -1, -1, -2, -2, -2, -2, 1, 2, 2, 2, 2, 2, 2, -1, 2, 2,
        2, 2, 2, 2, 2, 2, 2, 2, 2, 2, 2, 2, 2, 2, 2, 2, 2, 2, 2, 2, 2, 2, 2, 2, 
        2, 2, 2, 2, 2, 2, 2, 2, 2, 2, 2, 2, 2, 2, 2, 2, 2, 2, 2, 2, -1, -2, -2, 
        -2, -2, 1, 2, 2, 2, 2, 2, 2, -1, 2, 2, 2, 2, 2, 2, 2, 2, 2, 2, 2, 2, 2, 
        2, 2, 2, 2, 2, 2, 2, 2, 2, 2, 2, 2, 2, 2, 2, 2, 2, 2, 2, 2, 2, 2, 2, 2, 
        2, 2, 2, 2, 2, 2, 2, 2, 2, -1, -2, -2, -2, -2, 1, 2, 2, 2, 2, 2, 2, -1, 
        2, 2, 2, 2, 2, 2, 2, 2, 2, 2, 2, 2, 2, 2, 2, 2, 2, 2, 2, 2, 2, 2, 2, 2, 
        2, 2, 2, 2, 2, 2, 2, 2, 2, 2, 2, 2, 2, 2, 2, 2, 2, 2, 2, 2, 2, 2, -1, 
        -2, -2, -2, -2, 1, 2, 2, 2, 2, 2, 2, -1, 2, 2, 2, 2, 2, 2, 2, 2, 2, 2, 
        2, 2, 2, 2, 2, 2, 1 ],
        [ IntegerRing() | -1, -2, -2, -2, -2, -2, -2, -2, -2, -2, -2, 1, -2, -2,
        -2, -2, 1, -2, -2, 1, -2, -2, -2, -2, -2, -2, -2, -2 ]
    ], level := 50, genus := 2, index := 90, contains_minus_one := true, 
    subgroups := [ IntegerRing() | 845, 1250, 1308, 1574, 1686, 2289, 2513, 
    4584, 6030, 7155, 8057, 8058 ], supergroups := [ IntegerRing() | 71, 113 ], 
    name := "50B2", label := "B", order := 1000, GLZConj := 1, matgens := [ 
        PowerSequence(IntegerRing(50)) |
        [ IntegerRing(50) | 1, 0, 25, 1 ],
        [ IntegerRing(50) | 7, 48, 18, 45 ],
        [ IntegerRing(50) | 19, 0, 20, 29 ],
        [ IntegerRing(50) | 31, 0, 30, 21 ],
        [ IntegerRing(50) | 31, 40, 40, 21 ],
        [ IntegerRing(50) | 41, 0, 40, 11 ],
        [ IntegerRing(50) | 43, 40, 48, 47 ]
    ], cusps := [ IntegerRing() | 1, 1, 1, 1, 1, 2, 2, 2, 2, 2, 25, 50 ], c2 := 
    [ IntegerRing() | 1, 1, 2, 2, 2, 2, 2, 2, 2, 2, 2, 2, 2, 2, 2, 2, 2, 2, 2, 
    2, 2, 2, 2, 2, 2, 2, 2, 2, 2, 2, 2, 2, 2, 2, 2, 2, 2, 2, 2, 2, 2, 2, 2, 2, 
    2, 2 ], c3 := [ IntegerRing() | 3, 3, 3, 3, 3, 3, 3, 3, 3, 3, 3, 3, 3, 3, 3,
    3, 3, 3, 3, 3, 3, 3, 3, 3, 3, 3, 3, 3, 3, 3 ], gc := [ IntegerRing() | 1, 1,
    1, 1, 1, 1, 4, 4, 4, 4, 4, 4, 20, 20, 20 ], special_name := [ Strings() | 
    "\overline\Gamma_0(50)" ], special_name_html := [ Strings() | 
    "&Gamma;<sub>0</sub>(50)" ], direct_subgroups := [ IntegerRing() | 845, 
    1250, 1308, 1574, 1686, 2289, 2513, 4584, 6030, 7155, 8057, 8058 ], 
    direct_supergroups := [ IntegerRing() | 71, 113 ], length := 90, treename :=
    [ PowerSequence(IntegerRing()) |
        [ IntegerRing() | 300, 2, 6, 6 ],
        [ IntegerRing() | 300, 2, 10, 7 ],
        [ IntegerRing() | 400, 2, 6, 4 ],
        [ IntegerRing() | 400, 2, 8, 6 ],
        [ IntegerRing() | 450, 3, 8, 6 ],
        [ IntegerRing() | 450, 3, 10, 5 ],
        [ IntegerRing() | 500, 2, 5, 9 ],
        [ IntegerRing() | 500, 2, 8, 3 ]
    ], treesupergroups := [ PowerSequence(IntegerRing()) |
        [ IntegerRing() | 300, 2, 6 ],
        [ IntegerRing() | 300, 2, 10 ],
        [ IntegerRing() | 400, 2, 6 ],
        [ IntegerRing() | 400, 2, 8 ],
        [ IntegerRing() | 450, 3, 8 ],
        [ IntegerRing() | 450, 3, 10 ],
        [ IntegerRing() | 500, 2, 5 ],
        [ IntegerRing() | 500, 2, 8 ]
    ]>,
    rec<recformat<generators: SeqEnum, level: IntegerRing(), genus: 
    IntegerRing(), index: IntegerRing(), contains_minus_one: BoolElt, subgroups:
    SeqEnum, supergroups: SeqEnum, name: MonStgElt, label: MonStgElt, order: 
    IntegerRing(), GLZConj: IntegerRing(), matgens: SeqEnum, cusps: SeqEnum, c2:
    SeqEnum, c3: SeqEnum, gc: SeqEnum, projections: SeqEnum, special_name: 
    SeqEnum, special_name_html: SeqEnum, direct_subgroups: SeqEnum, 
    direct_supergroups: SeqEnum, length: IntegerRing(), treename: SeqEnum, 
    treesupergroups: SeqEnum> | generators := [ PowerSequence(IntegerRing()) |
        [ IntegerRing() | 2, 2, 1, 2, 2, 1, 2, 2, -1, -2, -2, -2, -2, -2, -2, 1,
        -2, -2, -2, -2, -2, -2, -2, -2, -2, -2, -2, -2, -2, -2, -2, -2, -2, -2, 
        -2, -2, -2, -2, -2, -2, -2, -2, -2, -2, -2, -2, -2, -2, -2, -2, -2, -2, 
        -2, -2, -2, -2, -2, -2, -1, 2, 2, 1, 2, 2, 1, 2, 2, -1, -2, -2, -2, -2, 
        -2, -2, 1, -2, -2, -2, -2, -2, -2, -2, -2, -2, -2, -2, -2, -2, -2, -2, 
        -2, -2, -2, -2, -2, -2, -2, -2, -2, -2, -2, -2, -2, -2, -2, -2, -2, -2, 
        -2, -2, -2, -2, -2, -2, -2, -2, -2, -1, 2, 2, 1, 2, 2, 1, 2, 2, -1, -2, 
        -2, -2, -2, -2, -2, 1, -2, -2, -2, -2, -2, -2, -2, -2, -2, -2, -2, -2, 
        -2, -2, -2, -2, -2, -2, -2, -2, -2, -2, -2, -2, -2, -2, -2, -2, -2, -2, 
        -2, -2, -2, -2, -2, -2, -2, -2, -2, -2, -2, -2, -1, 2, 2, 1, 2, 2, 1, 2,
        2, -1, -2, -2, -2, -2, -2, -2, 1, -2, -2, -2, -2, -2, -2, -2, -2, -2, 
        -2, -2, -2, -2, -2, -2, -2, -2, -2, -2, -2, -2, -2, -2, -2, -2, -2, -2, 
        -2, -2, -2, -2, -2, -2, -2, -2, -2, -2, -2, -2, -2, -2, -2, -1, 2, 2, 1,
        2, 2, 1, 2, 2, -1, -2, -2, -2, -2, -2, -2, 1, -2, -2, -2, -2, -2, -2, 
        -2, -2, -2, -2, -2, -2, -2, -2, -2, -2, -2, -2, -2, -2, -2, -2, -2, -2, 
        -2, -2, -2, -2, -2, -2, -2, -2, -2, -2, -2, -2, -2, -2, -2, -2, -2, -2, 
        -1, 2, 2, 1, 2, 2, 1, 2, 2, -1, -2, -2, -2, -2, -2, -2, 1, -2, -2, -2, 
        -2, -2, -2, -1 ],
        [ IntegerRing() | 2, 2, 1, 2, 2, 1, 2, 2, -1, -2, -2, -2, -2, -2, -2, 1,
        -2, -2, -2, -2, -2, -2, -2, -2, -2, -2, -2, -2, -2, -2, -2, -2, -2, -2, 
        -2, -2, -2, -2, -2, -2, -2, -2, -2, -2, -2, -2, -2, -2, -2, -2, -2, -2, 
        -2, -2, -2, -2, -2, -2, -1, 2, 2, 1, 2, 2, 1, 2, 2, -1, -2, -2, -2, -2, 
        -2, -2, 1, -2, -2, -2, -2, -2, -2, -2, -2, -2, -2, -2, -2, -2, -2, -2, 
        -2, -2, -2, -2, -2, -2, -2, -2, -2, -2, -2, -2, -2, -2, -2, -2, -2, -2, 
        -2, -2, -2, -2, -2, -2, -2, -2, -2, -1, 2, 2, 1, 2, 2, 1, 2, 2, -1, -2, 
        -2, -2, -2, -2, -2, 1, -2, -2, -2, -2, -2, -2, -2, -2, -2, -2, -2, -2, 
        -2, -2, -2, -2, -2, -2, -2, -2, -2, -2, -2, -2, -2, -2, -2, -2, -2, -2, 
        -2, -2, -2, -2, -2, -2, -2, -2, -2, -2, -2, -2, -1, 2, 2, 1, 2, 2, 1, 2,
        2, -1, -2, -2, -2, -2, -2, -2, 1, -2, -2, -2, -2, -2, -2, -2, -2, -2, 
        -2, -2, -2, -2, -2, -2, -2, -2, -2, -2, -2, -2, -2, -2, -2, -2, -2, -2, 
        -2, -2, -2, -2, -2, -2, -2, -2, -2, -2, -2, -2, -2, -2, -2, -1, 2, 2, 1,
        2, 2, 1, 2, 2, -1, -2, -2, -2, -2, -2, -2, 1, -2, -2, -2, -2, -2, -2, 
        -2, -2, -2, -2, -2, -2, -2, -2, -2, -2, -2, -2, -2, -2, -2, -2, -2, -2, 
        -2, -2, -2, -2, -2, -2, -2, -2, -2, -2, -2, -2, -2, -2, -2, -2, -2, -2, 
        -1, 2, 2, 1, 2, 2, 1, 2, 2, -1, -2, -2, -2, -2, -2, -2, 1, -2, -2, -2, 
        -2, -2, -2, -2, -2, -2, -2, -2, -2, -2, -2, -2, -2, -2, -2, -2, -2, -2, 
        -2, -2, -2, -2, -2, -2, -2, -2, -2, -2, -2, -2, -2, -2, -2, -2, -2, -2, 
        -2, -2, -2, -1, 2, 2, 1, 2, 2, 1, 2, 2, -1, -2, -2, -2, -2, -2, -2, 1, 
        2, 2, 2, 2, -1, 2, 2, 1, 2, 2 ],
        [ IntegerRing() | 1, 2, 2, 2, 2, 2, 2, 2, 2, 2, 2, 2, 2, 2, 2, 2, 2, 2, 
        2, 2, 2, 2, 2, 2, 2, 2, 2, 2, 2, 2, 2, 2, 2, 2, 2, 2, 2, -1 ],
        [ IntegerRing() | 1, 1 ],
        [ IntegerRing() | 2, 2, 1, 2, 2, 1, 2, 2, -1, -2, -2, -2, -2, -2, -2, 1,
        -2, -2, -2, -2, -2, -2, -2, -2, -2, -2, -2, -2, -2, -2, -2, -2, -2, -2, 
        -2, -2, -2, -2, -2, -2, -2, -2, -2, -2, -2, -2, -2, -2, -2, -2, -2, -2, 
        -2, -2, -2, -2, -2, -2, -1, 2, 2, 1, 2, 2, 1, 2, 2, -1, -2, -2, -2, -2, 
        -2, -2, 1, -2, -2, -2, -2, -2, -2, -2, -2, -2, -2, -2, -2, -2, -2, -2, 
        -2, -2, -2, -2, -2, -2, -2, -2, -2, -2, -2, -2, -2, -2, -2, -2, -2, -2, 
        -2, -2, -2, -2, -2, -2, -2, -2, -2, -1, 2, 2, 1, 2, 2, 1, 2, 2, -1, -2, 
        -2, -2, -2, -2, -2, 1, -2, -2, -2, -2, -2, -2, -2, -2, -2, -2, -2, -2, 
        -2, -2, -2, -2, -2, -2, -2, -2, -2, -2, -2, -2, -2, -2, -2, -2, -2, -2, 
        -2, -2, -2, -2, -2, -2, -2, -2, -2, -2, -2, -2, -1, 2, 2, 1, 2, 2, 1, 2,
        2, -1, -2, -2, -2, -2, -2, -2, 1, -2, -2, -2, -2, -2, -2, -2, -2, -2, 
        -2, -2, -2, -2, -2, -2, -2, -2, -2, -2, -2, -2, -2, -2, -2, -2, -2, -2, 
        -2, -2, -2, -2, -2, -2, -2, -2, -2, -2, -2, -2, -2, -2, -2, -1, 2, 2, 1,
        2, 2, 1, 2, 2, -1, -2, -2, -2, -2, -2, -2, 1, -2, -2, -2, -2, -2, -2, 
        -2, -2, -2, -2, -2, -2, -2, -2, -2, -2, -2, -2, -2, -2, -2, -2, -2, -2, 
        -2, -2, -2, -2, -2, -2, -2, -2, -2, -2, -2, -2, -2, -2, -2, -2, -2, -2, 
        -1, 2, 2, 1, 2, 2, 1, 2, 2, -1, -2, -2, -2, -2, -2, -2, 1, -2, -2, -2, 
        -2, -2, -2, -2, -2, -2, -2, -2, -2, -2, -2, -2, -2, -2, -2, -2, -2, -2, 
        -2, -2, -2, -2, -2, -2, -2, -2, -2, -2, -2, -2, -2, -2, -2, -2, -2, -2, 
        -2, -2, -2, -1, 2, 2, 1, 2, 2, 1, 2, 2, -1, -2, -2, -2, -2, -2, -2, 1, 
        -2, -2, -2, -2, -2, -2, -2, -2, -2, -2, -2, -2, -2, -2, -2, -2, -2, -2, 
        -2, -2, -2, -2, -2, -2, -2, -2, -2, -2, -2, -2, -2, -2, -2, -2, -2, -2, 
        -2, -2, -2, -2, -2, -2, -1, 2, 2, 1, 2, 2, 1, 2, 2, -1, -2, -2, -2, -2, 
        -2, -2, 1, -2, -2, -2, -2, -2, -2, -2, -2, -2, -2, -2, -2, -2, -2, -2, 
        -2, -2, -2, -2, -2, -2, -2, -2, -2, -2, -2, -2, -2, -2, -2, -2, -2, -2, 
        -2, -2, -2, -2, -2, -2, -2, -2, -2, -1, 2, 2, 1, 2, 2, 1, 2, 2, -1, -2, 
        -2, -2, -2, -2, -2, 1, -2, -2, -2, -2, -2, -2, -2, -2, -2, -2, -2, -2, 
        -2, -2, -2, -2, -2, -2, -2, -2, -2, -2, -2, -2, -2, -2, -2, -2, -2, -2, 
        -2, -2, -2, -2, -2, -2, -2, -2, -2, -2, -2, -2, -1, 2, 2, 1, 2, 2, 1, 2,
        2, -1, -2, -2, -2, -2, -2, -2, 1, -2, -2, -2, -2, -2, -2, -2, -2, -2, 
        -2, -2, -2, -2, -2, -2, -2, -2, -2, -2, -2, -2, -2, -2, -2, -2, -2, -2, 
        -2, -2, -2, -2, -2, -2, -2, -2, -2, -2, -2, -2, -2, -2, -2, -1 ],
        [ IntegerRing() | 2, 2, 1, 2, 2, 1, 2, 2, -1, -2, -2, -2, -2, -2, -2, 1,
        -2, -2, -2, -2, -2, -2, -2, -2, -2, -2, -2, -2, -2, -2, -2, -2, -2, -2, 
        -2, -2, -2, -2, -2, -2, -2, -2, -2, -2, -2, -2, -2, -2, -2, -2, -2, -2, 
        -2, -2, -2, -2, -2, -2, -1, 2, 2, 1, 2, 2, 1, 2, 2, -1, -2, -2, -2, -2, 
        -2, -2, 1, -2, -2, -2, -2, -2, -2, -2, -2, -2, -2, -2, -2, -2, -2, -2, 
        -2, -2, -2, -2, -2, -2, -2, -2, -2, -2, -2, -2, -2, -2, -2, -2, -2, -2, 
        -2, -2, -2, -2, -2, -2, -2, -2, -2, -1, 2, 2, 1, 2, 2, 1, 2, 2, -1, -2, 
        -2, -2, -2, -2, -2, 1, -2, -2, -2, -2, -2, -2, -2, -2, -2, -2, -2, -2, 
        -2, -2, -2, -2, -2, -2, -2, -2, -2, -2, -2, -2, -2, -2, -2, -2, -2, -2, 
        -2, -2, -2, -2, -2, -2, -2, -2, -2, -2, -2, -2, -1, 2, 2, 1, 2, 2, 1, 2,
        2, -1, -2, -2, -2, -2, -2, -2, 1, -2, -2, -2, -2, -2, -2, -2, -2, -2, 
        -2, -2, -2, -2, -2, -2, -2, -2, -2, -2, -2, -2, -2, -2, -2, -2, -2, -2, 
        -2, -2, -2, -2, -2, -2, -2, -2, -2, -2, -2, -2, -2, -2, -2, -1, 2, 2, 1,
        2, 2, 1, 2, 2, -1, -2, -2, -2, -2, -2, -2, 1, -2, -2, -2, -2, -2, -2, 
        -2, -2, -2, -2, -2, -2, -2, -2, -2, -2, -2, -2, -2, -2, -2, -2, -2, -2, 
        -2, -2, -2, -2, -2, -2, -2, -2, -2, -2, -2, -2, -2, -2, -2, -2, -2, -2, 
        -1, 2, 2, 1, 2, 2, 1, 2, 2, -1, -2, -2, -2, -2, -2, -2, 1, -2, -2, -2, 
        -2, -2, -2, -2, -2, -2, -2, -2, -2, -2, -2, -2, -2, -2, -2, -2, -2, -2, 
        -2, -2, -2, -2, -2, -2, -2, -2, -2, -2, -2, -2, -2, -2, -2, -2, -2, -2, 
        -2, -2, -2, -1, 2, 2, 1, 2, 2, 1, 2, 2, -1, -2, -2, -2, -2, -2, -2, 1, 
        -2, -2, -2, -2, -2, -2, -2, -2, -2, -2, -2, -2, -2, -2, -2, -2, -2, -2, 
        -2, -2, -2, -2, -2, -2, -2, -2, -2, -2, -2, -2, -2, -2, -2, -2, -2, -2, 
        -2, -2, -2, -2, -2, -2, -1, 2, 2, 1, 2, 2, 1, 2, 2, -1, -2, -2, -2, -2, 
        -2, -2, 1, -2, -2, -2, -2, -2, -2, -2, -2, -2, -2, -2, -2, -2, -2, -2, 
        -2, -2, -2, -2, -2, -2, -2, -2, -2, -2, -2, -2, -2, -2, -2, -2, -2, -2, 
        -2, -2, -2, -2, -2, -2, -2, -2, -2, -1, 2, 2, 1, 2, 2, 1, 2, 2, -1, -2, 
        -2, -2, -2, -2, -2, 1, -2, -2, -2, -2, -2, -2, -2, -2, -2, -2, -2, -2, 
        -2, -2, -2, -2, -2, -2, -2, -2, -2, -2, -2, -2, -2, -2, -2, -2, -2, -2, 
        -2, -2, -2, -2, -2, -2, -2, -2, -2, -2, -2, -2, -1, 2, 2, 1, 2, 2, 1, 2,
        2, -1, -2, -2, -2, -2, -2, -2, 1, -2, -2, -2, -2, -2, -2, -2, -2, -2, 
        -2, -2, -2, -2, -2, -2, -2, -2, -2, -2, -2, -2, -2, -2, -2, -2, -2, -2, 
        -2, -2, -2, -2, -2, -2, -2, -2, -2, -2, -2, -2, -2, -2, -2, -1, 2, 2, 1,
        2, 2, 1, 2, 2, -1, -2, -2, -2, -2, -2, -2, 1, -2, -2, -2, -2, -2, -2, 
        -2, -2, -2, -2, -2, -2, -2, -2, -2, -2, -2, -2, -2, -2, -2, -2, -2, -2, 
        -2, -2, -2, -2, -2, -2, -2, -2, -2, -2, -2, -2, -2, -2, -2, -2, -2, -2, 
        -1, 2, 2, 1, 2, 2, 1, 2, 2, -1, -2, -2, -2, -2, -2, -2, 1, -2, -2, -2, 
        -2, -2, -2, -2, -2, -2, -2, -2, -2, -2, -2, -2, -2, -2, -2, -2, -2, -2, 
        -2, -2, -2, -2, -2, -2, -2, -2, -2, -2, -2, -2, -2, -2, -2, -2, -2, -2, 
        -2, -2, -2, -1 ],
        [ IntegerRing() | 2, 2, 1, 2, 2, 1, 2, 2, -1, -2, -2, -2, -2, -2, -2, 1,
        -2, -2, -2, -2, -2, -2, -2, -2, -2, -2, -2, -2, -2, -2, -2, -2, -2, -2, 
        -2, -2, -2, -2, -2, -2, -2, -2, -2, -2, -2, -2, -2, -2, -2, -2, -2, -2, 
        -2, -2, -2, -2, -2, -2, -1, 2, 2, 1, 2, 2, 1, 2, 2, -1, -2, -2, -2, -2, 
        -2, -2, 1, -2, -2, -2, -2, -2, -2, -2, -2, -2, -2, -2, -2, -2, -2, -2, 
        -2, -2, -2, -2, -2, -2, -2, -2, -2, -2, -2, -2, -2, -2, -2, -2, -2, -2, 
        -2, -2, -2, -2, -2, -2, -2, -2, -2, -1, 2, 2, 1, 2, 2, 1, 2, 2, -1, -2, 
        -2, -2, -2, -2, -2, 1, -2, -2, -2, -2, -2, -2, -2, -2, -2, -2, -2, -2, 
        -2, -2, -2, -2, -2, -2, -2, -2, -2, -2, -2, -2, -2, -2, -2, -2, -2, -2, 
        -2, -2, -2, -2, -2, -2, -2, -2, -2, -2, -2, -2, -1, 2, 2, 1, 2, 2, 1, 2,
        2, -1, -2, -2, -2, -2, -2, -2, 1, -2, -2, -2, -2, -2, -2, -2, -2, -2, 
        -2, -2, -2, -2, -2, -2, -2, -2, -2, -2, -2, -2, -2, -2, -2, -2, -2, -2, 
        -2, -2, -2, -2, -2, -2, -2, -2, -2, -2, -2, -2, -2, -2, -2, -1, 2, 2, 1,
        2, 2, 1, 2, 2, -1, -2, -2, -2, -2, -2, -2, 1, -2, -2, -2, -2, -2, -2, 
        -2, -2, -2, -2, -2, -2, -2, -2, -2, -2, -2, -2, -2, -2, -2, -2, -2, -2, 
        -2, -2, -2, -2, -2, -2, -2, -2, -2, -2, -2, -2, -2, -2, -2, -2, -2, -2, 
        -1, 2, 2, 1, 2, 2, 1, 2, 2, -1, -2, -2, -2, -2, -2, -2, 1, -2, -2, -2, 
        -2, -2, -2, -2, -2, -2, -2, -2, -2, -2, -2, -2, -2, -2, -2, -2, -2, -2, 
        -2, -2, -2, -2, -2, -2, -2, -2, -2, -2, -2, -2, -2, -2, -2, -2, -2, -2, 
        -2, -2, -2, -1, 2, 2, 1, 2, 2, 1, 2, 2, -1, -2, -2, -2, -2, -2, -2, 1, 
        -2, -2, -2, -2, -2, -2, -2, -2, -2, -2, -2, -2, -2, -2, -2, -2, -2, -2, 
        -2, -2, -2, -2, -2, -2, -2, -2, -2, -2, -2, -2, -2, -2, -2, -2, -2, -2, 
        -2, -2, -2, -2, -2, -2, -1, 2, 2, 1, 2, 2, 1, 2, 2, -1, -2, -2, -2, -2, 
        -2, -2, 1, -2, -2, -2, -2, -2, -2, -2, -2, -2, -2, -2, -2, -2, -2, -2, 
        -2, -2, -2, -2, -2, -2, -2, -2, -2, -2, -2, -2, -2, -2, -2, -2, -2, -2, 
        -2, -2, -2, -2, -2, -2, -2, -2, -2, -1, 2, 2, 1, 2, 2, 1, 2, 2, -1, -2, 
        -2, -2, -2, -2, -2, 1, -2, -2, -2, -2, -2, -2, -2, -2, -2, -2, -2, -2, 
        -2, -2, -2, -2, -2, -2, -2, -2, -2, -2, -2, -2, -2, -2, -2, -2, -2, -2, 
        -2, -2, -2, -2, -2, -2, -2, -2, -2, -2, -1, 2, 2, 2, 2, 2, 2, 2, 2, 1, 
        2, 2, 2, 2, 2, 2, 2, 2 ],
        [ IntegerRing() | 2, 2, 1, 2, 2, 1, 2, 2, -1, -2, -2, -2, -2, -2, -2, 1,
        -2, -2, -2, -2, -2, -2, -2, -2, -2, -2, -2, -2, -2, -2, -2, -2, -2, -2, 
        -2, -2, -2, -2, -2, -2, -2, -2, -2, -2, -2, -2, -2, -2, -2, -2, -2, -2, 
        -2, -2, -2, -2, -2, -2, -1, 2, 2, 1, 2, 2, 1, 2, 2, -1, -2, -2, -2, -2, 
        -2, -2, 1, -2, -2, -2, -2, -2, -2, -2, -2, -2, -2, -2, -2, -2, -2, -2, 
        -2, -2, -2, -2, -2, -2, -2, -2, -2, -2, -2, -2, -2, -2, -2, -2, -2, -2, 
        -2, -2, -2, -2, -2, -2, -2, -2, -2, -1, 2, 2, 1, 2, 2, 1, 2, 2, -1, -2, 
        -2, -2, -2, -2, -2, 1, -2, -2, -2, -2, -2, -2, -2, -2, -2, -2, -2, -2, 
        -2, -2, -2, -2, -2, -2, -2, -2, -2, -2, -2, -2, -2, -2, -2, -2, -2, -2, 
        -2, -2, -2, -2, -2, -2, -2, -2, -2, -2, -2, -2, -1, 2, 2, 1, 2, 2, 1, 2,
        2, -1, -2, -2, -2, -2, -2, -2, 1, -2, -2, -2, -2, -2, -2, -2, -2, -2, 
        -2, -2, -2, -2, -2, -2, -2, -2, -2, -2, -2, -2, -2, -2, -2, -2, -2, -2, 
        -2, -2, -2, -2, -2, -2, -2, -2, -2, -2, -2, -2, -2, -2, -2, -1, 2, 2, 1,
        2, 2, 1, 2, 2, -1, -2, -2, -2, -2, -2, -2, 1, -2, -2, -2, -2, -2, -2, 
        -2, -2, -2, -2, -2, -2, -2, -2, -2, -2, -2, -2, -2, -2, -2, -2, -2, -2, 
        -2, -2, -2, -2, -2, -2, -2, -2, -2, -2, -2, -2, -2, -2, -2, -2, -2, -2, 
        -1, 2, 2, 1, 2, 2, 1, 2, 2, -1, -2, -2, -2, -2, -2, -2, 1, -2, -2, -2, 
        -2, -2, -2, -2, -2, -2, -2, -2, -2, -2, -2, -2, -2, -2, -2, -2, -2, -2, 
        -2, -2, -2, -2, -2, -2, -2, -2, -2, -2, -2, -2, -2, -2, -2, -2, -2, -2, 
        -2, -2, -2, -1, 2, 2, 1, 2, 2, 1, 2, 2, -1, -2, -2, -2, -2, -2, -2, 1, 
        -2, -2, -2, -2, -2, -2, -2, -2, -2, -2, -2, -2, -2, -2, -2, -2, -2, -2, 
        -2, -2, -2, -2, -2, -2, -2, -2, -2, -2, -2, -2, -2, -2, -2, -2, -2, -2, 
        -2, -2, -2, -2, -2, -2, -1, 2, 2, 1, 2, 2, 1, 2, 2, -1, -2, -2, -2, -2, 
        -2, -2, 1, -2, -2, -2, -2, -2, -2, -2, -2, -2, -2, -2, -2, -2, -2, -2, 
        -2, -2, -2, -2, -2, -2, -2, -2, -2, -2, -2, -2, -2, -2, -2, -2, -2, -2, 
        -2, -2, -2, -2, -2, -2, -2, -2, -2, -1, 2, 2, 1, 2, 2, 1, 2, 2, -1, -2, 
        -2, -2, -2, -2, -2, 1, -2, -2, -2, -2, -2, -2, -2, -2, -2, -2, -2, -2, 
        -2, -2, -2, -2, 1, 1, 2, 1 ]
    ], level := 54, genus := 2, index := 72, contains_minus_one := true, 
    subgroups := [ IntegerRing() | 885, 2445, 2448, 2449, 3391, 4439, 4441, 
    4444, 5951, 7354 ], supergroups := [ IntegerRing() | 105, 263 ], name := 
    "54A2", label := "A", order := 1458, GLZConj := 1, matgens := [ 
        PowerSequence(IntegerRing(54)) |
        [ IntegerRing(54) | 1, 0, 18, 1 ],
        [ IntegerRing(54) | 1, 27, 27, 28 ],
        [ IntegerRing(54) | 19, 0, 18, 37 ],
        [ IntegerRing(54) | 19, 18, 42, 37 ],
        [ IntegerRing(54) | 31, 0, 0, 7 ],
        [ IntegerRing(54) | 37, 0, 0, 19 ],
        [ IntegerRing(54) | 37, 42, 52, 43 ],
        [ IntegerRing(54) | 53, 0, 0, 53 ]
    ], cusps := [ IntegerRing() | 18, 54 ], c2 := [ IntegerRing() | 2, 2, 2, 2, 
    2, 2, 2, 2, 2, 2, 2, 2, 2, 2, 2, 2, 2, 2, 2, 2, 2, 2, 2, 2, 2, 2, 2, 2, 2, 
    2, 2, 2, 2, 2, 2, 2 ], c3 := [ IntegerRing() | 1, 1, 1, 1, 1, 1, 1, 1, 1, 1,
    1, 1, 3, 3, 3, 3, 3, 3, 3, 3, 3, 3, 3, 3, 3, 3, 3, 3, 3, 3, 3, 3 ], gc := [ 
    IntegerRing() | 1, 1, 2, 2, 6 ], special_name := [], special_name_html := 
    [], direct_subgroups := [ IntegerRing() | 885, 2445, 2448, 2449, 3391, 4439,
    4441, 4444, 5951, 7354 ], direct_supergroups := [ IntegerRing() | 105, 263 
    ], length := 12, treename := [ PowerSequence(IntegerRing()) |
        [ IntegerRing() | 324, 2, 4, 6, 7 ],
        [ IntegerRing() | 324, 2, 4, 16, 31 ],
        [ IntegerRing() | 324, 2, 4, 16, 39 ],
        [ IntegerRing() | 324, 2, 4, 16, 40 ],
        [ IntegerRing() | 432, 2, 2, 2, 7 ],
        [ IntegerRing() | 432, 2, 2, 16, 5 ],
        [ IntegerRing() | 432, 2, 2, 16, 6 ],
        [ IntegerRing() | 432, 2, 2, 16, 16 ],
        [ IntegerRing() | 486, 2, 3, 3, 8 ],
        [ IntegerRing() | 486, 2, 3, 15, 16 ],
        [ IntegerRing() | 486, 2, 3, 15, 24 ],
        [ IntegerRing() | 486, 2, 3, 15, 26 ],
        [ IntegerRing() | 540, 4, 5, 9, 11 ],
        [ IntegerRing() | 540, 4, 5, 19, 9 ],
        [ IntegerRing() | 540, 4, 5, 19, 35 ],
        [ IntegerRing() | 540, 4, 5, 19, 43 ]
    ], treesupergroups := [ PowerSequence(IntegerRing()) |
        [ IntegerRing() | 324, 2, 4, 6 ],
        [ IntegerRing() | 324, 2, 4, 16 ],
        [ IntegerRing() | 324, 2, 4, 16 ],
        [ IntegerRing() | 324, 2, 4, 16 ],
        [ IntegerRing() | 432, 2, 2, 2 ],
        [ IntegerRing() | 432, 2, 2, 16 ],
        [ IntegerRing() | 432, 2, 2, 16 ],
        [ IntegerRing() | 432, 2, 2, 16 ],
        [ IntegerRing() | 486, 2, 3, 3 ],
        [ IntegerRing() | 486, 2, 3, 15 ],
        [ IntegerRing() | 486, 2, 3, 15 ],
        [ IntegerRing() | 486, 2, 3, 15 ],
        [ IntegerRing() | 540, 4, 5, 9 ],
        [ IntegerRing() | 540, 4, 5, 19 ],
        [ IntegerRing() | 540, 4, 5, 19 ],
        [ IntegerRing() | 540, 4, 5, 19 ]
    ]>,
    rec<recformat<generators: SeqEnum, level: IntegerRing(), genus: 
    IntegerRing(), index: IntegerRing(), contains_minus_one: BoolElt, subgroups:
    SeqEnum, supergroups: SeqEnum, name: MonStgElt, label: MonStgElt, order: 
    IntegerRing(), GLZConj: IntegerRing(), matgens: SeqEnum, cusps: SeqEnum, c2:
    SeqEnum, c3: SeqEnum, gc: SeqEnum, projections: SeqEnum, special_name: 
    SeqEnum, special_name_html: SeqEnum, direct_subgroups: SeqEnum, 
    direct_supergroups: SeqEnum, length: IntegerRing(), treename: SeqEnum, 
    treesupergroups: SeqEnum> | generators := [ PowerSequence(IntegerRing()) |
        [ IntegerRing() | 2, 2, 1, 2, 2, 1, 2, 2, -1, -2, -2, -2, -2, -2, -2, 1,
        -2, -2, -2, -2, -2, -2, -2, -2, -2, -2, -2, -2, -2, -2, -2, -2, -2, -2, 
        -2, -2, -2, -2, -2, -2, -2, -2, -2, -2, -2, -2, -2, -2, -2, -2, -2, -2, 
        -2, -2, -2, -2, -2, -2, -1, 2, 2, 1, 2, 2, 1, 2, 2, -1, -2, -2, -2, -2, 
        -2, -2, 1, -2, -2, -2, -2, -2, -2, -2, -2, -2, -2, -2, -2, -2, -2, -2, 
        -2, -2, -2, -2, -2, -2, -2, -2, -2, -2, -2, -2, -2, -2, -2, -2, -2, -2, 
        -2, -2, -2, -2, -2, -2, -2, -2, -2, -1, 2, 2, 1, 2, 2, 1, 2, 2, -1, -2, 
        -2, -2, -2, -2, -2, 1, -2, -2, -2, -2, -2, -2, -2, -2, -2, -2, -2, -2, 
        -2, -2, -2, -2, -2, -2, -2, -2, -2, -2, -2, -2, -2, -2, -2, -2, -2, -2, 
        -2, -2, -2, -2, -2, -2, -2, -2, -2, -2, -2, -2, -1, 2, 2, 1, 2, 2, 1, 2,
        2, -1, -2, -2, -2, -2, -2, -2, 1, -2, -2, -2, -2, -2, -2, -2, -2, -2, 
        -2, -2, -2, -2, -2, -2, -2, -2, -2, -2, -2, -2, -2, -2, -2, -2, -2, -2, 
        -2, -2, -2, -2, -2, -2, -2, -2, -2, -2, -2, -2, -2, -2, -2, -1, 2, 2, 1,
        2, 2, 1, 2, 2, -1, -2, -2, -2, -2, -2, -2, 1, -2, -2, -2, -2, -2, -2, 
        -2, -2, -2, -2, -2, -2, -2, -2, -2, -2, -2, -2, -2, -2, -2, -2, -2, -2, 
        -2, -2, -2, -2, -2, -2, -2, -2, -2, -2, -2, -2, -2, -2, -2, -2, -2, -2, 
        -1, 2, 2, 1, 2, 2, 1, 2, 2, -1, -2, -2, -2, -2, -2, -2, 1, -2, -2, -2, 
        -2, -2, -2, -2, -2, -2, -2, -2, -2, -2, -2, -2, -2, -2, -2, -2, -2, -2, 
        -2, -2, -2, -2, -2, -2, -2, -2, -2, -2, -2, -2, -2, -2, -2, -2, -2, -2, 
        -2, -2, -2, -1, 2, 2, 1, 2, 2, 1, 2, 2, -1, -2, -2, -2, -2, -2, -2, 1, 
        -2, -2, -2, -2, -2, -2, -2, -2, -2, -2, -2, -2, -2, -2, -2, -2, -2, -2, 
        -2, -2, -2, -2, -2, -2, -2, -2, -2, -2, -2, -2, -2, -2, -2, -2, -2, -2, 
        -2, -2, -2, -2, -2, -2, -1, 2, 2, 1, 2, 2, 1, 2, 2, -1, -2, -2, -2, -2, 
        -2, -2, 1, -2, -2, -2, -2, -2, -2, -2, -2, -2, -2, -2, -2, -2, -2, -2, 
        -2, -2, -2, -2, -2, -2, -2, -2, -2, -2, -2, -2, -2, -2, -2, -2, -2, -2, 
        -2, -2, -2, -2, -2, -2, -2, -2, -2, -1, 2, 2, 1, 2, 2, 1, 2, 2, -1, -2, 
        -2, -2, -2, -2, -2, 1, -2, -2, -2, -2, -2, -2, -2, -2, -2, -2, -2, -2, 
        -2, -2, -2, -2, -2, -2, -2, -2, -2, -2, -2, -2, -2, -2, -2, -2, -2, -2, 
        -2, -2, -2, -2, -2, -2, -2, -2, -2, -2, -2, -2, -1, 2, 2, 1, 2, 2, 1, 2,
        2, -1, -2, -2, -2, -2, -2, -2, 1, -2, -2, -2, -2, -2, -2, -2, -2, -2, 
        -2, -2, -2, -2, -2, -2, -2, -2, -2, -2, -2, -2, -2, -2, -2, -2, -2, -2, 
        -2, -2, -2, -2, -2, -2, -2, -2, -2, -2, -2, -2, -2, -2, -2, -1, 2, 2, 1,
        2, 2, 1, 2, 2, -1, -2, -2, -2, -2, -2, -2, 1, -2, -2, -2, -2, -2, -2, 
        -2, -2, -2, -2, -2, -2, -2, -2, -1, 2, 2, 2, 2, 2, 2, 2, 2, 1, 2, 2, 2, 
        2, 2, 2, 2, 2 ],
        [ IntegerRing() | 1, 2, 2, 2, 2, 2, 2, 2, 2, 2, 2, 2, 2, 2, 2, 2, 2, 2, 
        2, -1 ],
        [ IntegerRing() | 1, 2, 2, 2, 2, 2, 2, 2, 2, 2, 2, 2, 2, 2, 2, 2, 2, 2, 
        2, 2, 2, 2, 2, 2, 2, 2, 2, 1, 1, 2, 1 ],
        [ IntegerRing() | 2, 2, 1, 2, 2, 1, 2, 2, -1, -2, -2, -2, -2, -2, -2, 1,
        -2, -2, -2, -2, -2, -2, -2, -2, -2, -2, -2, -2, -2, -2, -2, -2, -2, -2, 
        -2, -2, -2, -2, -2, -2, -2, -2, -2, -2, -2, -2, -2, -2, -2, -2, -2, -2, 
        -2, -2, -2, -2, -2, -2, -1, 2, 2, 1, 2, 2, 1, 2, 2, -1, -2, -2, -2, -2, 
        -2, -2, 1, -2, -2, -2, -2, -2, -2, -2, -2, -2, -2, -2, -2, -2, -2, -2, 
        -2, -2, -2, -2, -2, -2, -2, -2, -2, -2, -2, -2, -2, -2, -2, -2, -2, -2, 
        -2, -2, -2, -2, -2, -2, -2, -2, -2, -1, 2, 2, 1, 2, 2, 1, 2, 2, -1, -2, 
        -2, -2, -2, -2, -2, 1, -2, -2, -2, -2, -2, -2, -2, -2, -2, -2, -2, -2, 
        -2, -2, -2, -2, -2, -2, -2, -2, -2, -2, -2, -2, -2, -2, -2, -2, -2, -2, 
        -2, -2, -2, -2, -2, -2, -2, -2, -2, -2, -2, -2, -1, 2, 2, 1, 2, 2, 1, 2,
        2, -1, -2, -2, -2, -2, -2, -2, 1, -2, -2, -2, -2, -2, -2, -2, -2, -2, 
        -2, -2, -2, -2, -2, -2, -2, -2, -2, -2, -2, -2, -2, -2, -2, -2, -2, -2, 
        -2, -2, -2, -2, -2, -2, -2, -2, -2, -2, -2, -2, -2, -2, -2, -1, 2, 2, 1,
        2, 2, 1, 2, 2, -1, -2, -2, -2, -2, -2, -2, 1, -2, -2, -2, -2, -2, -2, 
        -2, -2, -2, -2, -2, -2, -2, -2, -2, -2, -2, -2, -2, -2, -2, -2, -2, -2, 
        -2, -2, -2, -2, -2, -2, -2, -2, -2, -2, -2, -2, -2, -2, -2, -2, -2, -2, 
        -1, 2, 2, 1, 2, 2, 1, 2, 2, -1, -2, -2, -2, -2, -2, -2, 1, -2, -2, -2, 
        -2, -2, -2, -2, -2, -2, -2, -2, -2, -2, -2, -2, -2, -2, -2, -2, -2, -2, 
        -2, -2, -2, -2, -2, -2, -2, -2, -2, -2, -2, -2, -2, -2, -2, -2, -2, -2, 
        -2, -2, -2, -1, 2, 2, 1, 2, 2, 1, 2, 2, -1, -2, -2, -2, -2, -2, -2, 1, 
        -2, -2, -2, -2, -2, -2, -2, -2, -2, -2, -2, -2, -2, -2, -2, -2, -2, -2, 
        -2, -2, -2, -2, -2, -2, -2, -2, -2, -2, -2, -2, -2, -2, -2, -2, -2, -2, 
        -2, -2, -2, -2, -2, -2, -1, 2, 2, 1, 2, 2, 1, 2, 2, -1, -2, -2, -2, -2, 
        -2, -2, 1, -2, -2, -2, -2, -2, -2, -2, -2, -2, -2, -2, -2, -2, -2, -2, 
        -2, -2, -2, -2, -2, -2, -2, -2, -2, -2, -2, -2, -2, -2, -2, -2, -2, -2, 
        -2, -2, -2, -2, -2, -2, -2, -2, -2, -1, 2, 2, 1, 2, 2, 1, 2, 2, -1, -2, 
        -2, -2, -2, -2, -2, 1, -2, -2, -2, -2, -2, -2, -2, -2, -2, -2, -2, -2, 
        -2, -2, -2, -2, -2, -2, -2, -2, -2, -2, -2, -2, -2, -2, -2, -2, -2, -2, 
        -2, -2, -2, -2, -2, -2, -2, -2, -2, -2, -2, -2, -1, 2, 2, 1, 2, 2, 1, 2,
        2, -1, -2, -2, -2, -2, -2, -2, 1, -2, -2, -2, -2, -2, -2, -2, -2, -2, 
        -2, -2, -2, -2, -2, -2, -2, -2, -2, -2, -2, -2, -2, -2, -2, -2, -2, -2, 
        -2, -2, -2, -2, -2, -2, -2, -2, -2, -2, -2, -2, -2, -2, -2, -1, 2, 2, 1,
        2, 2, 1, 2, 2, -1, -2, -2, -2, -2, -2, -2, 1, -2, -2, -2, -2, -2, -2, 
        -2, -2, -2, -2, -2, -2, -2, -2, -2, -2, -2, -2, -2, -2, -2, -2, -2, -2, 
        -2, -2, -2, -2, -2, -2, -2, -2, -2, -2, -2, -2, -2, -2, -2, -2, -2, -2, 
        -1, 2, 2, 1, 2, 2, 1, 2, 2, -1, -2, -2, -2, -2, -2, -2, 1, -2, -2, -2, 
        -2, -2, -2, -2, -2, -2, -2, -2, -2, -2, -2, -2, -2, -2, -2, -2, -2, -2, 
        -2, -2, -2, -2, -2, -2, -2, -2, -2, -2, -2, -2, -2, -2, -2, -1 ],
        [ IntegerRing() | 2, 2, 1, 2, 2, 1, 2, 2, -1, -2, -2, -2, -2, -2, -2, 1,
        -2, -2, -2, -2, -2, -2, -2, -2, -2, -2, -2, -2, -2, -2, -2, -2, -2, -2, 
        -2, -2, -2, -2, -2, -2, -2, -2, -2, -2, -2, -2, -2, -2, -2, -2, -2, -2, 
        -2, -2, -2, -2, -2, -2, -1, 2, 2, 1, 2, 2, 1, 2, 2, -1, -2, -2, -2, -2, 
        -2, -2, 1, -2, -2, -2, -2, -2, -2, -2, -2, -2, -2, -2, -2, -2, -2, -2, 
        -2, -2, -2, -2, -2, -2, -2, -2, -2, -2, -2, -2, -2, -2, -2, -2, -2, -2, 
        -2, -2, -2, -2, -2, -2, -2, -2, -2, -1, 2, 2, 1, 2, 2, 1, 2, 2, -1, -2, 
        -2, -2, -2, -2, -2, 1, -2, -2, -2, -2, -2, -2, -2, -2, -2, -2, -2, -2, 
        -2, -2, -2, -2, -2, -2, -2, -2, -2, -2, -2, -2, -2, -2, -2, -2, -2, -2, 
        -2, -2, -2, -2, -2, -2, -2, -2, -2, -2, -2, -2, -1, 2, 2, 1, 2, 2, 1, 2,
        2, -1, -2, -2, -2, -2, -2, -2, 1, -2, -2, -2, -2, -2, -2, -2, -2, -2, 
        -2, -2, -2, -2, -2, -2, -2, -2, -2, -2, -2, -2, -2, -2, -2, -2, -2, -2, 
        -2, -2, -2, -2, -2, -2, -2, -2, -2, -2, -2, -2, -2, -2, -2, -1, 2, 2, 1,
        2, 2, 1, 2, 2, -1, -2, -2, -2, -2, -2, -2, 1, -2, -2, -2, -2, -2, -2, 
        -2, -2, -2, -2, -2, -2, -2, -2, -2, -2, -2, -2, -2, -2, -2, -2, -2, -2, 
        -2, -2, -2, -2, -2, -2, -2, -2, -2, -2, -2, -2, -2, -2, -2, -2, -2, -2, 
        -1, 2, 2, 1, 2, 2, 1, 2, 2, -1, -2, -2, -2, -2, -2, -2, 1, -2, -2, -2, 
        -2, -2, -2, -2, -2, -2, -2, -2, -2, -2, -2, -2, -2, -2, -2, -2, -2, -2, 
        -2, -2, -2, -2, -2, -2, -2, -2, -2, -2, -2, -2, -2, -2, -2, -2, -2, -2, 
        -2, -2, -2, 1 ],
        [ IntegerRing() | 2, 2, 1, 2, 2, 1, 2, 2, -1, -2, -2, -2, -2, -2, -2, 1,
        -2, -2, -2, -2, -2, -2, -2, -2, -2, -2, -2, -2, -2, -2, -2, -2, -2, -2, 
        -2, -2, -2, -2, -2, -2, -2, -2, -2, -2, -2, -2, -2, -2, -2, -2, -2, -2, 
        -2, -2, -2, -2, -2, -2, -1, 2, 2, 1, 2, 2, 1, 2, 2, -1, -2, -2, -2, -2, 
        -2, -2, 1, -2, -2, -2, -2, -2, -2, -2, -2, -2, -2, -2, -2, -2, -2, -2, 
        -2, -2, -2, -2, -2, -2, -2, -2, -2, -2, -2, -2, -2, -2, -2, -2, -2, -2, 
        -2, -2, -2, -2, -2, -2, -2, -2, -2, -1, 2, 2, 1, 2, 2, 1, 2, 2, -1, -2, 
        -2, -2, -2, -2, -2, 1, -2, -2, -2, -2, -2, -2, -2, -2, -2, -2, -2, -2, 
        -2, -2, -2, -2, -2, -2, -2, -2, -2, -2, -2, -2, -2, -2, -2, -2, -2, -2, 
        -2, -2, -2, -2, -2, -2, -2, -2, -2, -2, -2, -2, -1, 2, 2, 1, 2, 2, 1, 2,
        2, -1, -2, -2, -2, -2, -2, -2, 1, -2, -2, -2, -2, -2, -2, -2, -2, -2, 
        -2, -2, -2, -2, -2, -2, -2, -2, -2, -2, -2, -2, -2, -2, -2, -2, -2, -2, 
        -2, -2, -2, -2, -2, -2, -2, -2, -2, -2, -2, -2, -2, -2, -2, -1, 2, 2, 1,
        2, 2, 1, 2, 2, -1, -2, -2, -2, -2, -2, -2, 1, -2, -2, -2, -2, -2, -2, 
        -2, -2, -2, -2, -2, -2, -2, -2, -2, -2, -2, -2, -2, -2, -2, -2, -2, -2, 
        -2, -2, -2, -2, -2, -2, -2, -2, -2, -2, -2, -2, -2, -2, -2, -2, -2, -2, 
        -1, 2, 2, 1, 2, 2, 1, 2, 2, -1, -2, -2, -2, -2, -2, -2, 1, -2, -2, -2, 
        -2, -2, -2, -2, -2, -2, -2, -2, -2, -2, -2, -2, -2, -2, -2, -2, -2, -2, 
        -2, -2, -2, -2, -2, -2, -2, -2, -2, -2, -2, -2, -2, -2, -2, -2, -2, -2, 
        -2, -2, -2, -1, 2, 2, 1, 2, 2, 1, 2, 2, -1, -2, -2, -2, -2, -2, -2, 1, 
        -2, -2, -2, -2, -2, -2, -2, -2, -2, -2, -2, -2, -2, -2, -2, -2, -2, -2, 
        -2, -2, -2, -2, -2, -2, -2, -2, -2, -2, -2, -2, -2, -2, -2, -2, -2, -2, 
        -2, -2, -2, -2, -2, -2, -1, 2, 2, 1, 2, 2, 1, 2, 2, -1, -2, -2, -2, -2, 
        -2, -2, 1, -2, -2, -2, -2, -2, -2, -2, -2, -2, -2, -2, -2, -2, -2, -2, 
        -2, -2, -2, -2, -2, -2, -2, -2, -2, -2, -2, -2, -2, -2, -2, -2, -2, -2, 
        -2, -2, -2, -2, -2, -2, -2, -2, -2, -1, 2, 2, 1, 2, 2, 1, 2, 2, -1, -2, 
        -2, -2, -2, -2, -2, 1, -2, -2, -2, -2, -2, -2, -2, -2, -2, -2, -2, -2, 
        -2, -2, -2, -2, -2, -2, -2, -2, -2, -2, -2, -2, -2, -2, -2, -2, -2, -2, 
        -2, -2, -2, -2, -2, -2, -2, -2, -2, -2, -2, -2, -1, 2, 2, 1, 2, 2, 1, 2,
        2, -1, -2, -2, -2, -2, -2, -2, 1, -2, -2, -2, -2, -2, -2, -2, -2, -2, 
        -2, -2, -2, -2, -2, -2, -2, -2, -2, -2, -2, -2, -2, -2, -2, -2, -2, -2, 
        -2, -2, -2, -2, -2, -2, -2, -2, -2, -2, -2, -2, -2, -2, -2, -1, 2, 2, 1,
        2, 2, 1, 2, 2, -1, -2, -2, -2, -2, -2, -2, 1, -2, -2, -2, -2, -2, -2, 
        -2, -2, -2, -2, -2, -2, -2, -2, -2, -2, -2, -2, -2, -2, -2, -2, -1, 2, 
        2, 2, 2, 2, 2, 2, 2, 1, 2, 2, 2, 2, 2, 2, 2, 2 ],
        [ IntegerRing() | 2, 2, 1, 2, 2, 1, 2, 2, -1, -2, -2, -2, -2, -2, -2, 1,
        -2, -2, -2, -2, -2, -2, -2, -2, -2, -2, -2, -2, -2, -2, -2, -2, -2, -2, 
        -2, -2, -2, -2, -2, -2, -2, -2, -2, -2, -2, -2, -2, -2, -2, -2, -2, -2, 
        -2, -2, -2, -2, -2, -2, -1, 2, 2, 1, 2, 2, 1, 2, 2, -1, -2, -2, -2, -2, 
        -2, -2, 1, -2, -2, -2, -2, -2, -2, -2, -2, -2, -2, -2, -2, -2, -2, -2, 
        -2, -2, -2, -2, -2, -2, -2, -2, -2, -2, -2, -2, -2, -2, -2, -2, -2, -2, 
        -2, -2, -2, -2, -2, -2, -2, -2, -2, -1, 2, 2, 1, 2, 2, 1, 2, 2, -1, -2, 
        -2, -2, -2, -2, -2, 1, -2, -2, -2, -2, -2, -2, -2, -2, -2, -2, -2, -2, 
        -2, -2, -2, -2, -2, -2, -2, -2, -2, -2, -2, -2, -2, -2, -2, -2, -2, -2, 
        -2, -2, -2, -2, -2, -2, -2, -2, -2, -2, -2, -2, -1, 2, 2, 1, 2, 2, 1, 2,
        2, -1, -2, -2, -2, -2, -2, -2, 1, -2, -2, -2, -2, -2, -2, -2, -2, -2, 
        -2, -2, -2, -2, -2, -2, -2, -2, -2, -2, -2, -2, -2, -2, -2, -2, -2, -2, 
        -2, -2, -2, -2, -2, -2, -2, -2, -2, -2, -2, -2, -2, -2, -2, -1, 2, 2, 1,
        2, 2, 1, 2, 2, -1, -2, -2, -2, -2, -2, -2, 1, -2, -2, -2, -2, -2, -2, 
        -2, -2, -2, -2, -2, -2, -2, -2, -2, -2, -2, -2, -2, -2, -2, -2, -2, -2, 
        -2, -2, -2, -2, -2, -2, -2, -2, -2, -2, -2, -2, -2, -2, -2, -2, -2, -2, 
        -1, 2, 2, 1, 2, 2, 1, 2, 2, -1, -2, -2, -2, -2, -2, -2, 1, -2, -2, -2, 
        -2, -2, -2, -2, -2, -2, -2, -2, -2, -2, -2, -2, -2, -2, -2, -2, -2, -2, 
        -2, -2, -2, -2, -2, -2, -2, -2, -2, -2, -2, -2, -2, -2, -2, -2, -2, -2, 
        -2, -2, -2, -1, 2, 2, 1, 2, 2, 1, 2, 2, -1, -2, -2, -2, -2, -2, -2, 1, 
        -2, -2, -2, -2, -2, -2, -2, -2, -2, -2, -2, -2, -2, -2, -2, -2, -2, -2, 
        -2, -2, -2, -2, -2, -2, -2, -2, -2, -2, -2, -2, -2, -2, -2, -2, -2, -2, 
        -2, -2, -2, -2, -2, -2, -1, 2, 2, 1, 2, 2, 1, 2, 2, -1, -2, -2, -2, -2, 
        -2, -2, 1, -2, -2, -2, -2, -2, -2, -2, -2, -2, -2, -2, -2, -2, -2, -2, 
        -2, -2, -2, -2, -2, -2, -2, -2, -2, -2, -2, -2, -2, -2, -2, -2, -2, -2, 
        -2, -2, -2, -2, -2, -2, -2, -2, -2, -1, 2, 2, 1, 2, 2, 1, 2, 2, -1, -2, 
        -2, -2, -2, -2, -2, 1, -2, -2, -2, -2, -2, -2, -2, -2, -2, -2, -2, -2, 
        -2, -2, -2, -2, -2, -2, -2, -2, -2, -2, -2, -2, -2, -2, -2, -2, -2, -2, 
        -2, -2, -2, -2, -2, -2, -2, -2, -2, -2, -2, -2, -1, 2, 2, 1, 2, 2, 1, 2,
        2, -1, -2, -2, -2, -2, -2, -2, 1, -2, -2, -2, -2, -2, -2, -2, -2, -2, 
        -2, -2, -2, -2, -2, -2, -2, -2, -2, -2, -2, -2, -2, -2, -2, -2, -2, -2, 
        -2, -2, -2, -2, -2, -2, -2, -2, -2, -2, -2, -2, -2, -2, -2, -1, 2, 2, 1,
        2, 2, 1, 2, 2, -1, -2, -2, -2, -2, -2, -2, 1, -2, -2, -2, -2, -2, -2, 
        -2, -2, -2, -2, -2, -2, -2, -2, -2, -2, -2, -2, -2, -2, -2, -2, -2, -2, 
        -2, -2, -2, -2, -2, -2, -2, -2, -2, -2, -2, -2, -2, -2, -2, -2, -2, -2, 
        -1, 2, 2, 1, 2, 2, 1, 2, 2, -1, -2, -2, -2, -2, -2, -2, 1, -2, -2, -2, 
        -2, -2, -2, -2, -2, -2, -2, -2, -2, -2, -2, -2, -2, -2, -2, -2, -2, -2, 
        -2, -2, -2, -1 ]
    ], level := 54, genus := 2, index := 108, contains_minus_one := true, 
    subgroups := [ IntegerRing() | 1580, 1692, 2451, 2873, 4455, 4457 ], 
    supergroups := [ IntegerRing() | 108, 116 ], name := "54B2", label := "B", 
    order := 972, GLZConj := 1, matgens := [ PowerSequence(IntegerRing(54)) |
        [ IntegerRing(54) | 1, 0, 27, 1 ],
        [ IntegerRing(54) | 1, 0, 36, 1 ],
        [ IntegerRing(54) | 7, 18, 42, 31 ],
        [ IntegerRing(54) | 7, 18, 46, 49 ],
        [ IntegerRing(54) | 35, 0, 0, 17 ],
        [ IntegerRing(54) | 37, 0, 36, 19 ],
        [ IntegerRing(54) | 37, 0, 48, 19 ]
    ], cusps := [ IntegerRing() | 1, 1, 1, 1, 1, 1, 2, 2, 2, 2, 2, 2, 3, 6, 27, 
    54 ], c2 := [ IntegerRing() | 2, 2, 2, 2, 2, 2, 2, 2, 2, 2, 2, 2, 2, 2, 2, 
    2, 2, 2, 2, 2, 2, 2, 2, 2, 2, 2, 2, 2, 2, 2, 2, 2, 2, 2, 2, 2, 2, 2, 2, 2, 
    2, 2, 2, 2, 2, 2, 2, 2, 2, 2, 2, 2, 2, 2 ], c3 := [ IntegerRing() | 3, 3, 3,
    3, 3, 3, 3, 3, 3, 3, 3, 3, 3, 3, 3, 3, 3, 3, 3, 3, 3, 3, 3, 3, 3, 3, 3, 3, 
    3, 3, 3, 3, 3, 3, 3, 3 ], gc := [ IntegerRing() | 1, 1, 1, 1, 1, 1, 2, 2, 2,
    2, 2, 2, 6, 6, 6 ], special_name := [], special_name_html := [], 
    direct_subgroups := [ IntegerRing() | 1580, 1692, 2451, 2873, 4455, 4457 ], 
    direct_supergroups := [ IntegerRing() | 108, 116 ], length := 36, treename 
    := [ PowerSequence(IntegerRing()) |
        [ IntegerRing() | 324, 2, 3, 9, 6 ],
        [ IntegerRing() | 324, 2, 3, 15, 5 ],
        [ IntegerRing() | 324, 2, 3, 15, 7 ],
        [ IntegerRing() | 324, 2, 3, 15, 9 ],
        [ IntegerRing() | 432, 2, 5, 2, 6 ],
        [ IntegerRing() | 432, 2, 5, 15, 9 ],
        [ IntegerRing() | 432, 2, 5, 15, 10 ],
        [ IntegerRing() | 432, 2, 5, 15, 11 ],
        [ IntegerRing() | 486, 2, 2, 5, 5 ],
        [ IntegerRing() | 486, 2, 2, 14, 6 ],
        [ IntegerRing() | 486, 2, 2, 14, 10 ],
        [ IntegerRing() | 486, 2, 2, 14, 11 ],
        [ IntegerRing() | 540, 4, 6, 9, 9 ],
        [ IntegerRing() | 540, 4, 6, 18, 8 ],
        [ IntegerRing() | 540, 4, 6, 18, 10 ],
        [ IntegerRing() | 540, 4, 6, 18, 14 ]
    ], treesupergroups := [ PowerSequence(IntegerRing()) |
        [ IntegerRing() | 324, 2, 3, 9 ],
        [ IntegerRing() | 324, 2, 3, 15 ],
        [ IntegerRing() | 324, 2, 3, 15 ],
        [ IntegerRing() | 324, 2, 3, 15 ],
        [ IntegerRing() | 432, 2, 5, 2 ],
        [ IntegerRing() | 432, 2, 5, 15 ],
        [ IntegerRing() | 432, 2, 5, 15 ],
        [ IntegerRing() | 432, 2, 5, 15 ],
        [ IntegerRing() | 486, 2, 2, 5 ],
        [ IntegerRing() | 486, 2, 2, 14 ],
        [ IntegerRing() | 486, 2, 2, 14 ],
        [ IntegerRing() | 486, 2, 2, 14 ],
        [ IntegerRing() | 540, 4, 6, 9 ],
        [ IntegerRing() | 540, 4, 6, 18 ],
        [ IntegerRing() | 540, 4, 6, 18 ],
        [ IntegerRing() | 540, 4, 6, 18 ]
    ]>
]
;

