// list of all congruence groups with genus  22
// with  256 <= level < 264
//
// by c cummins and s pauli
// load "csg22-lev248.dat";
import "csg22-lev248.dat" : L22_248;
L22_256 := L22_248 cat 
[ PowerStructure(Rec) |
    rec<recformat<generators: SeqEnum, level: IntegerRing(), genus: 
    IntegerRing(), index: IntegerRing(), contains_minus_one: BoolElt, subgroups:
    SeqEnum, supergroups: SeqEnum, name: MonStgElt, label: MonStgElt, order: 
    IntegerRing(), GLZConj: IntegerRing(), matgens: SeqEnum, cusps: SeqEnum, c2:
    SeqEnum, c3: SeqEnum, gc: SeqEnum, projections: SeqEnum, special_name: 
    SeqEnum, special_name_html: SeqEnum, direct_subgroups: SeqEnum, 
    direct_supergroups: SeqEnum, length: IntegerRing(), treename: SeqEnum, 
    treesupergroups: SeqEnum> | generators := [ PowerSequence(IntegerRing()) |
        [ IntegerRing() | -1, 2, 2, 2, 2, 2, 2, 2, 2, 2, 2, 2, 2, 2, 2, 2, 2, 2,
        2, 2, 2, 2, 2, 2, 2, 2, 2, 2, 2, 2, 2, 2, 2, 2, 2, 2, 2, 2, 2, 2, 2, 2, 
        2, -1, -2, -2, 1, -2, -2, -1, -2, -2, -1, -2, -2, 1, -2, -2, -1, -2, -2,
        -1, -2, -2, 1, -2, -2, -1, -2, -2, -1, -2, -2, 1, -2, -2, -1, -2, -2, 
        -1, -2, -2, 1, -2, -2, -1, -2, -2, -1, -2, -2, 1, -2, -2, -1, -2, -2, 
        -1, -2, -2, 1, -2, -2, -1, -2, -2, -1, -2, -2, 1, -2, -2, -1, -2, -2, 
        -1, -2, -2, 1, -2, -2, -1, -2, -2, -1, -2, -2, 1, -2, -2, -1, -2, -2, 
        -1, -2, -2, 1, -2, -2, -1, -2, -2, -1, -2, -2, 1, -2, -2, -1, -2, -2, 
        -1, -2, -2, 1, -2, -2, -1, -2, -2, -1, -2, -2, 1, -2, -2, -1, -2, -2, 
        -1, -2, -2, 1, -2, -2, -1, -2, -2, -1, -2, -2, 1, -2, -2, -1, -2, -2, 
        -1, -2, -2, 1, -2, -2, -1, -2, -2, -1, -2, -2, 1, -2, -2, -1, -2, -2, 
        -1, -2, -2, 1, -2, -2, -1, -2, -2, -1, -2, -2, 1, -2, -2, -1, -2, -2, 
        -1, -2, -2, 1, -2, -2, -1, -2, -2, -1, -2, -2, 1, -2, -2, -1, -2, -2, 
        -1, -2, -2, 1, -2, -2, -1, -2, -2, -1, -2, -2, 1, -2, -2, -1, -2, -2, 
        -1, -2, -2, 1, -2, -2, -1, -2, -2, -1, -2, -2, 1, -2, -2, -1, -2, -2, 
        -1, -2, -2, 1, -2, -2, -1, -2, -2, -1, -2, -2, 1, -2, -2, -1, -2, -2, 
        -1, -2, -2, 1, -2, -2, -1, -2, -2, -1, -2, -2, 1, -2, -2, -1, -2, -2, 
        -1, -2, -2, 1, -2, -2, -1, -2, -2, -1, -2, -2, 1, -2, -2, -1, -2, -2, 
        -1, -2, -2, 1, -2, -2, -1, -2, -2, -1, -2, -2, 1, -2, -2, -1, -2, -2, 
        -2, -2, -2, -2, -2, -2, -2, -2, -2, -2, -2, -2, -2, -2, -2, -2, -2, -2, 
        -2, -2, -2, -2, -2, -2, -2, -2, -2, -2, -2, -2, -2, -2, -2, -2, -2, -2, 
        -2, -2, -2, -2, -2, -2, -2, -2, -2, -2, -2, -2, -2, -2, -2, -2, -2, -2, 
        -2, -2, -2, -2, -2, -2, -2, -2, -2, -2, -2, -2, -2, -2, -2, -2, -2, -2, 
        -2, -2, -2, -2, -2, -2, -2, -2, -2, -2, -2, -2, -2, -2, -2, -2, -2, -2, 
        -2, -2, -2, -2, -2, -2, -2, -2, -2, -2, -2, -2, -2, -2, -2, -2, -2, -2, 
        -2, -2, -2, -2, -2, -2, -2, -2, -2, -2, -2, -2, -2, -2, -2, -2, -2, -2, 
        -2, -2, -2, -2, -2, -2, -2, -2, -2, -2, -2, -2, -2, -2, -2, -2, -2, -2, 
        -2, -2, -2, -2, -2, -2, -2, -2, -2, -2, -2, -2, -2, -2, -2, -2, -2, -2, 
        -2, -2, -2, -2, -2, -2, -2, -2, -2, -2, -2, -2, -2, -2, -2, -2, -2, -2, 
        -2, -2, -2, -2, -2, -2, -2, -2, -2, -2, -2, -2, -2, -2, -2, -2, -2, -2, 
        -2, -2, -2, -2, -2, -2, -2, -2, -2, -2, -2, -2, -2, -2, -2, -2, -2, -2, 
        -1, -2, -2, 1, -2, -2, -1, -1, -2, -2, 1, -2, -2, -1, -1, -2, -2, 1, -2,
        -2, -1, -2, -2, -2, -2, -1, -2, -2, 1, -2, -2, -1, -2, -2, -2, -2, 1 ],
        [ IntegerRing() | -1, 2, 2, 2, 2, 2, 2, 2, 2, 2, 2, 2, 2, 2, 2, 2, 2, 2,
        2, 2, 2, 2, 2, 2, 2, 2, 2, 2, 2, 2, 2, 2, 2, 2, 2, 2, 2, 2, 2, 2, 2, 2, 
        2, -1, -2, -2, 1, -2, -2, -1, -2, -2, -1, -2, -2, 1, -2, -2, -1, -2, -2,
        -1, -2, -2, 1, -2, -2, -1, -2, -2, -1, -2, -2, 1, -2, -2, -1, -2, -2, 
        -1, -2, -2, 1, -2, -2, -1, -2, -2, -1, -2, -2, 1, -2, -2, -1, -2, -2, 
        -1, -2, -2, 1, -2, -2, -1, -2, -2, -1, -2, -2, 1, -2, -2, -1, -2, -2, 
        -1, -2, -2, 1, -2, -2, -1, -2, -2, -1, -2, -2, 1, -2, -2, -1, -2, -2, 
        -1, -2, -2, 1, -2, -2, -1, -2, -2, -1, -2, -2, 1, -2, -2, -1, -2, -2, 
        -1, -2, -2, 1, -2, -2, -1, -2, -2, -1, -2, -2, 1, -2, -2, -1, -2, -2, 
        -1, -2, -2, 1, -2, -2, -1, -2, -2, -1, -2, -2, 1, -2, -2, -1, -2, -2, 
        -1, -2, -2, 1, -2, -2, -1, -2, -2, -1, -2, -2, 1, -2, -2, -1, -2, -2, 
        -1, -2, -2, 1, -2, -2, -1, -2, -2, -1, -2, -2, 1, -2, -2, -1, -2, -2, 
        -1, -2, -2, 1, -2, -2, -1, -2, -2, -1, -2, -2, 1, -2, -2, -1, -2, -2, 
        -1, -2, -2, 1, -2, -2, -1, -2, -2, -1, -2, -2, 1, -2, -2, -1, -2, -2, 
        -1, -2, -2, 1, -2, -2, -1, -2, -2, -1, -2, -2, 1, -2, -2, -1, -2, -2, 
        -1, -2, -2, 1, -2, -2, -1, -2, -2, -1, -2, -2, 1, -2, -2, -1, -2, -2, 
        -1, -2, -2, 1, -2, -2, -1, -2, -2, -1, -2, -2, 1, -2, -2, -1, -2, -2, 
        -1, -2, -2, 1, -2, -2, -1, -2, -2, -1, -2, -2, 1, -2, -2, -1, -2, -2, 
        -1, -2, -2, 1, -2, -2, -1, -2, -2, -1, -2, -2, 1, -2, -2, -1, -2, -2, 
        -2, -2, -2, -2, -2, -2, -2, -2, -2, -2, -2, -2, -2, -2, -2, -2, -2, -2, 
        -2, -2, -2, -2, -2, -2, -2, -2, -2, -2, -2, -2, -2, -2, -2, -2, -2, -2, 
        -2, -2, -2, -2, -2, -2, -2, -2, -2, -2, -2, -2, -2, -2, -2, -2, -2, -2, 
        -2, -2, -2, -2, -2, -2, -2, -2, -2, -2, -2, -2, -2, -2, -2, -2, -2, -2, 
        -2, -2, -2, -2, -2, -2, -2, -2, -2, -2, -2, -2, -2, -2, -2, -2, -2, -2, 
        -2, -2, -2, -2, -2, -2, -2, -2, -2, -2, -2, -2, -2, -2, -2, -2, -2, -2, 
        -2, -2, -2, -2, -2, -2, -2, -2, -2, -2, -2, -2, -2, -2, -2, -2, -2, -2, 
        -2, -2, -2, -2, -2, -2, -2, -2, -2, -2, -2, -2, -2, -2, -2, -2, -2, -2, 
        -2, -2, -2, -2, -2, -2, -2, -2, -2, -2, -1, -2, -2, 1, -2, -2, -1, -1, 
        -2, -2, 1, -2, -2, -1, -1, -2, -2, 1, -2, -2, -1, -1, -2, -2, 1, -2, -2,
        -1, -2, -2, -2, -2, 1 ],
        [ IntegerRing() | -1, 2, 2, 2, 2, 2, 2, 2, 2, 2, 2, 2, 2, 2, 2, 2, 2, 2,
        2, 2, 2, 2, 2, 2, 2, 2, 2, 2, 2, 2, 2, 2, 2, 2, 2, 2, 2, 2, 2, 2, 2, 2, 
        2, -1, -2, -2, 1, -2, -2, -1, -2, -2, -1, -2, -2, 1, -2, -2, -1, -2, -2,
        -1, -2, -2, 1, -2, -2, -1, -2, -2, -1, -2, -2, 1, -2, -2, -1, -2, -2, 
        -1, -2, -2, 1, -2, -2, -1, -2, -2, -1, -2, -2, 1, -2, -2, -1, -2, -2, 
        -1, -2, -2, 1, -2, -2, -1, -2, -2, -1, -2, -2, 1, -2, -2, -1, -2, -2, 
        -1, -2, -2, 1, -2, -2, -1, -2, -2, -1, -2, -2, 1, -2, -2, -1, -2, -2, 
        -1, -2, -2, 1, -2, -2, -1, -2, -2, -1, -2, -2, 1, -2, -2, -1, -2, -2, 
        -1, -2, -2, 1, -2, -2, -1, -2, -2, -1, -2, -2, 1, -2, -2, -1, -2, -2, 
        -1, -2, -2, 1, -2, -2, -1, -2, -2, -1, -2, -2, 1, -2, -2, -1, -2, -2, 
        -1, -2, -2, 1, -2, -2, -1, -2, -2, -1, -2, -2, 1, -2, -2, -1, -2, -2, 
        -1, -2, -2, 1, -2, -2, -1, -2, -2, -1, -2, -2, 1, -2, -2, -1, -2, -2, 
        -1, -2, -2, 1, -2, -2, -1, -2, -2, -1, -2, -2, 1, -2, -2, -1, -2, -2, 
        -1, -2, -2, 1, -2, -2, -1, -2, -2, -1, -2, -2, 1, -2, -2, -1, -2, -2, 
        -1, -2, -2, 1, -2, -2, -1, -2, -2, -1, -2, -2, 1, -2, -2, -1, -2, -2, 
        -1, -2, -2, 1, -2, -2, -1, -2, -2, -1, -2, -2, 1, -2, -2, -1, -2, -2, 
        -1, -2, -2, 1, -2, -2, -1, -2, -2, -1, -2, -2, 1, -2, -2, -1, -2, -2, 
        -1, -2, -2, 1, -2, -2, -1, -2, -2, -1, -2, -2, 1, -2, -2, -1, -2, -2, 
        -1, -2, -2, 1, -2, -2, -1, -2, -2, -1, -2, -2, 1, -2, -2, -1, -2, -2, 
        -1, -2, -2, 1, -2, -2, -1, -2, -2, -1, -2, -2, 1, -2, -2, -1, -2, -2, 
        -1, -2, -2, 1, -2, -2, -1, -2, -2, -1, -2, -2, 1, -2, -2, -1, -2, -2, 
        -1, -2, -2, 1, -2, -2, -1, -2, -2, -1, -2, -2, 1, -2, -2, -1, -2, -2, 
        -1, -2, -2, 1, -2, -2, -1, -2, -2, -1, -2, -2, 1, -2, -2, -1, -2, -2, 
        -1, -2, -2, 1, -2, -2, -1, -2, -2, -1, -2, -2, 1, -2, -2, -1, -2, -2, 
        -1, -2, -2, 1, -2, -2, -1, -2, -2, -1, -2, -2, 1, -2, -2, -1, -2, -2, 
        -1, -2, -2, 1, -2, -2, -1, -2, -2, -1, -2, -2, 1, -2, -2, -1, -2, -2, 
        -1, -2, -2, 1, -2, -2, -1, -2, -2, -1, -2, -2, 1, -2, -2, -1, -2, -2, 
        -1, -2, -2, 1, -2, -2, -1, -2, -2, -1, -2, -2, 1, -2, -2, -1, -2, -2, 
        -1, -2, -2, 1, -2, -2, -1, -2, -2, -1, -2, -2, 1, -2, -2, -1, -2, -2, 
        -1, -2, -2, 1, -2, -2, -1, -2, -2, -1, -2, -2, 1, -2, -2, -1, -2, -2, 
        -1, -2, -2, 1, -2, -2, -1, -2, -2, -1, -2, -2, 1, -2, -2, -1, -2, -2, 
        -2, -2, -2, -2, -2, -2, -2, -2, -2, -2, -2, -2, -2, -2, -2, -2, -2, -2, 
        -2, -2, -2, -2, -2, -2, -2, -2, -2, -2, -2, -2, -2, -2, -2, -2, -2, -2, 
        -2, -2, -2, -2, -2, -2, -2, -2, -2, -2, -2, -2, -2, -2, -2, -2, -2, -2, 
        -2, -2, -2, -2, -2, -2, -2, -2, -2, -2, -2, -2, -2, -2, -2, -2, -2, -2, 
        -2, -2, -2, -2, -2, -2, -2, -2, -2, -2, -2, -2, -2, -2, -2, -2, -2, -2, 
        -2, -2, -2, -2, -2, -2, -2, -2, -2, -2, -2, -2, -2, -2, -2, -2, -2, -2, 
        -2, -2, -2, -2, -2, -2, -2, -2, -2, -2, -2, -2, -2, -2, -2, -2, -2, -2, 
        -2, -2, -2, -2, -2, -2, -2, -2, -2, -2, -2, -2, -2, -2, -2, -2, -2, -2, 
        -2, -2, -2, -2, -2, -2, -2, -2, -2, -2, -2, -2, -2, -2, -2, -2, -2, -2, 
        -2, -2, -2, -2, -2, -2, -2, -2, -2, -2, -2, -2, -2, -2, -2, -2, -2, -2, 
        -2, -2, -2, -2, -2, -2, -2, -2, -2, -2, -2, -2, -2, -2, -2, -2, -2, -2, 
        -2, -2, -2, -2, -2, -2, -2, -2, -2, -2, -2, -2, -2, -2, -2, -2, 1, -2, 
        -2 ],
        [ IntegerRing() | -1, 2, 2, 2, 2, 2, 2, 2, 2, 2, 2, 2, 2, 2, 2, 2, 2, 2,
        2, 2, 2, 2, 2, 2, 2, 2, 2, 2, 2, 2, 2, 2, 2, 2, 2, 2, 2, 2, 2, 2, 2, 2, 
        2, -1, -2, -2, 1, -2, -2, -1, -2, -2, -2, -2, -2, -2, -2, -2, -2, -2, 
        -2, -2, -2, -2, -2, -2, -2, -2, -2, -2, -2, -2, -2, -2, -2, -2, -2, -2, 
        -2, -2, -2, -2, -2, -2, -2, -2, -2, -2, -2, -2, -2, -2, -2, -2, 1, -2, 
        -2, -2 ],
        [ IntegerRing() | -1, 2, 2, 2, 2, 2, 2, 2, 2, 2, 2, 2, 2, 2, 2, 2, 2, 2,
        2, 2, 2, 2, 2, 2, 2, 2, 2, 2, 2, 2, 2, 2, 2, 2, 2, 2, 2, 2, 2, 2, 2, 2, 
        2, -1, -2, -2, 1, -2, -2, -1, -2, -2, -1, -2, -2, 1, -2, -2, -1, -2, -2,
        -1, -2, -2, 1, -2, -2, -1, -2, -2, -1, -2, -2, 1, -2, -2, -1, -2, -2, 
        -1, -2, -2, 1, -2, -2, -1, -2, -2, -1, -2, -2, 1, -2, -2, -1, -2, -2, 
        -1, -2, -2, 1, -2, -2, -1, -2, -2, -1, -2, -2, 1, -2, -2, -1, -2, -2, 
        -1, -2, -2, 1, -2, -2, -1, -2, -2, -1, -2, -2, 1, -2, -2, -1, -2, -2, 
        -1, -2, -2, 1, -2, -2, -1, -2, -2, -1, -2, -2, 1, -2, -2, -1, -2, -2, 
        -1, -2, -2, 1, -2, -2, -1, -2, -2, -1, -2, -2, 1, -2, -2, -1, -2, -2, 
        -1, -2, -2, 1, -2, -2, -1, -2, -2, -1, -2, -2, 1, -2, -2, -1, -2, -2, 
        -1, -2, -2, 1, -2, -2, -1, -2, -2, -1, -2, -2, 1, -2, -2, -1, -2, -2, 
        -1, -2, -2, 1, -2, -2, -1, -2, -2, -1, -2, -2, 1, -2, -2, -1, -2, -2, 
        -1, -2, -2, 1, -2, -2, -1, -2, -2, -1, -2, -2, 1, -2, -2, -1, -2, -2, 
        -1, -2, -2, 1, -2, -2, -1, -2, -2, -1, -2, -2, 1, -2, -2, -1, -2, -2, 
        -1, -2, -2, 1, -2, -2, -1, -2, -2, -1, -2, -2, 1, -2, -2, -1, -2, -2, 
        -1, -2, -2, 1, -2, -2, -1, -2, -2, -1, -2, -2, 1, -2, -2, -1, -2, -2, 
        -1, -2, -2, 1, -2, -2, -1, -2, -2, -1, -2, -2, 1, -2, -2, -1, -2, -2, 
        -1, -2, -2, 1, -2, -2, -1, -2, -2, -1, -2, -2, 1, -2, -2, -1, -2, -2, 
        -1, -2, -2, 1, -2, -2, -1, -2, -2, -1, -2, -2, 1, -2, -2, -1, -2, -2, 
        -1, -2, -2, 1, -2, -2, -1, -2, -2, -1, -2, -2, 1, -2, -2, -1, -2, -2, 
        -1, -2, -2, 1, -2, -2, -1, -2, -2, -1, -2, -2, 1, -2, -2, -1, -2, -2, 
        -1, -2, -2, 1, -2, -2, -1, -2, -2, -1, -2, -2, 1, -2, -2, -1, -2, -2, 
        -1, -2, -2, 1, -2, -2, -1, -2, -2, -1, -2, -2, 1, -2, -2, -1, -2, -2, 
        -1, -2, -2, 1, -2, -2, -1, -2, -2, -1, -2, -2, 1, -2, -2, -1, -2, -2, 
        -1, -2, -2, 1, -2, -2, -1, -2, -2, -1, -2, -2, 1, -2, -2, -1, -2, -2, 
        -1, -2, -2, 1, -2, -2, -1, -2, -2, -1, -2, -2, 1, -2, -2, -1, -2, -2, 
        -1, -2, -2, 1, -2, -2, -1, -2, -2, -1, -2, -2, 1, -2, -2, -1, -2, -2, 
        -1, -2, -2, 1, -2, -2, -1, -2, -2, -1, -2, -2, 1, -2, -2, -1, -2, -2, 
        -1, -2, -2, 1, -2, -2, -1, -2, -2, -1, -2, -2, 1, -2, -2, -1, -2, -2, 
        -1, -2, -2, 1, -2, -2, -1, -2, -2, -1, -2, -2, 1, -2, -2, -1, -2, -2, 
        -1, -2, -2, 1, -2, -2, -1, -2, -2, -1, -2, -2, 1, -2, -2, -1, -2, -2, 
        -1, -2, -2, 1, -2, -2, -1, -2, -2, -1, -2, -2, 1, -2, -2, -1, -2, -2, 
        -1, -2, -2, 1, -2, -2, -1, -2, -2, -1, -2, -2, 1, -2, -2, -1, -2, -2, 
        -1, -2, -2, 1, -2, -2, -1, -2, -2, -1, -2, -2, 1, -2, -2, -1, -2, -2, 
        -1, -2, -2, 1, -2, -2, -1, -2, -2, -1, -2, -2, 1, -2, -2, -1, -2, -2, 
        -1, -2, -2, 1, -2, -2, -1, -2, -2, -2, -2, -2, -2, -2, -2, -2, -2, -2, 
        -2, -2, -2, -2, -2, -2, -2, -2, -2, -2, -2, -2, -2, -2, -2, -2, -2, -2, 
        -2, -2, -2, -2, -2, -2, -2, -2, -2, -2, -2, -2, -2, -2, -2, -2, -2, -2, 
        -2, -2, -2, -2, -2, -2, -2, -2, -2, -2, -2, -2, -2, -2, -2, -2, -2, -2, 
        -2, -2, -2, -2, -2, -2, -2, -2, -2, -2, -2, -2, -2, -2, -2, -2, -2, -2, 
        -2, -2, -2, -2, -2, -2, -2, -2, -2, -2, -2, -2, -2, -2, -2, -2, -2, -2, 
        -2, -2, -2, -2, -2, -2, -2, -2, -2, -2, -2, -2, -2, -2, -2, -2, -2, -2, 
        -2, -2, -2, -2, -2, -2, -2, -2, -2, -2, -2, -2, -2, -2, -2, -2, -2, -2, 
        -2, -2, -2, -2, -2, -2, -2, -1, -2, -2, 1, -2, -2, -1, -2, -2, -2, -2, 
        -2, -2, -1, -2, -2, 1, -2, -2, 1 ],
        [ IntegerRing() | -1, 2, 2, 2, 2, 2, 2, 2, 2, 2, 2, 2, 2, 2, 2, 2, 2, 2,
        2, 2, 2, 2, 2, 2, 2, 2, 2, 2, 2, 2, 2, 2, 2, 2, 2, 2, 2, 2, 2, 2, 2, 2, 
        2, -1, -2, -2, 1, -2, -2, -1, -2, -2, -1, -2, -2, 1, -2, -2, -1, -2, -2,
        -1, -2, -2, 1, -2, -2, -1, -2, -2, -1, -2, -2, 1, -2, -2, -1, -2, -2, 
        -1, -2, -2, 1, -2, -2, -1, -2, -2, -1, -2, -2, 1, -2, -2, -1, -2, -2, 
        -1, -2, -2, 1, -2, -2, -1, -2, -2, -1, -2, -2, 1, -2, -2, -1, -2, -2, 
        -1, -2, -2, 1, -2, -2, -1, -2, -2, -1, -2, -2, 1, -2, -2, -1, -2, -2, 
        -1, -2, -2, 1, -2, -2, -1, -2, -2, -1, -2, -2, 1, -2, -2, -1, -2, -2, 
        -1, -2, -2, 1, -2, -2, -1, -2, -2, -1, -2, -2, 1, -2, -2, -1, -2, -2, 
        -1, -2, -2, 1, -2, -2, -1, -2, -2, -1, -2, -2, 1, -2, -2, -1, -2, -2, 
        -1, -2, -2, 1, -2, -2, -1, -2, -2, -1, -2, -2, 1, -2, -2, -1, -2, -2, 
        -1, -2, -2, 1, -2, -2, -1, -2, -2, -1, -2, -2, 1, -2, -2, -1, -2, -2, 
        -1, -2, -2, 1, -2, -2, -1, -2, -2, -1, -2, -2, 1, -2, -2, -1, -2, -2, 
        -1, -2, -2, 1, -2, -2, -1, -2, -2, -1, -2, -2, 1, -2, -2, -1, -2, -2, 
        -1, -2, -2, 1, -2, -2, -1, -2, -2, -1, -2, -2, 1, -2, -2, -1, -2, -2, 
        -1, -2, -2, 1, -2, -2, -1, -2, -2, -1, -2, -2, 1, -2, -2, -1, -2, -2, 
        -1, -2, -2, 1, -2, -2, -1, -2, -2, -1, -2, -2, 1, -2, -2, -1, -2, -2, 
        -1, -2, -2, 1, -2, -2, -1, -2, -2, -1, -2, -2, 1, -2, -2, -1, -2, -2, 
        -1, -2, -2, 1, -2, -2, -1, -2, -2, -1, -2, -2, 1, -2, -2, -1, -2, -2, 
        -1, -2, -2, 1, -2, -2, -1, -2, -2, -1, -2, -2, 1, -2, -2, -1, -2, -2, 
        -1, -2, -2, 1, -2, -2, -1, -2, -2, -1, -2, -2, 1, -2, -2, -1, -2, -2, 
        -1, -2, -2, 1, -2, -2, -1, -2, -2, -1, -2, -2, 1, -2, -2, -1, -2, -2, 
        -1, -2, -2, 1, -2, -2, -1, -2, -2, -1, -2, -2, 1, -2, -2, -1, -2, -2, 
        -1, -2, -2, 1, -2, -2, -1, -2, -2, -1, -2, -2, 1, -2, -2, -1, -2, -2, 
        -1, -2, -2, 1, -2, -2, -1, -2, -2, -1, -2, -2, 1, -2, -2, -1, -2, -2, 
        -1, -2, -2, 1, -2, -2, -1, -2, -2, -1, -2, -2, 1, -2, -2, -1, -2, -2, 
        -1, -2, -2, 1, -2, -2, -1, -2, -2, -1, -2, -2, 1, -2, -2, -1, -2, -2, 
        -1, -2, -2, 1, -2, -2, -1, -2, -2, -1, -2, -2, 1, -2, -2, -1, -2, -2, 
        -1, -2, -2, 1, -2, -2, -1, -2, -2, -1, -2, -2, 1, -2, -2, -1, -2, -2, 
        -1, -2, -2, 1, -2, -2, -1, -2, -2, -1, -2, -2, 1, -2, -2, -1, -2, -2, 
        -1, -2, -2, 1, -2, -2, -1, -2, -2, -1, -2, -2, 1, -2, -2, -1, -2, -2, 
        -1, -2, -2, 1, -2, -2, -1, -2, -2, -1, -2, -2, 1, -2, -2, -1, -2, -2, 
        -1, -2, -2, 1, -2, -2, -1, -2, -2, -1, -2, -2, 1, -2, -2, -1, -2, -2, 
        -1, -2, -2, 1, -2, -2, -1, -2, -2, -1, -2, -2, 1, -2, -2, -1, -2, -2, 
        -1, -2, -2, 1, -2, -2, -1, -2, -2, -1, -2, -2, 1, -2, -2, -1, -2, -2, 
        -1, -2, -2, 1, -2, -2, -1, -2, -2, -1, -2, -2, 1, -2, -2, -1, -2, -2, 
        -1, -2, -2, 1, -2, -2, -1, -2, -2, -2, -2, -2, -2, -2, -2, -2, -2, -2, 
        -2, -2, -2, -2, -2, -2, -2, -2, -2, -2, -2, -2, -2, -2, -2, -2, -2, -2, 
        -2, -2, -2, -2, -2, -2, -2, -2, -2, -2, -2, -2, -2, -2, -2, -2, -2, -2, 
        -2, -2, -2, -2, -2, -2, -2, -2, -2, -2, -2, -2, -2, -2, -2, -2, -2, -2, 
        -2, -2, -2, -2, -2, -2, -2, -2, -2, -2, -2, -2, -2, -2, -2, -2, -2, -2, 
        -2, -2, -2, -2, -2, -2, -2, -2, -2, -2, -2, -2, -2, -2, -2, -2, -2, -2, 
        -2, -2, -2, -2, -2, -2, -2, -2, -2, -2, -2, -2, -2, -2, -2, -2, -2, -2, 
        -2, -2, -2, -2, -2, -2, -2, -2, -2, -2, -2, -2, -2, -2, -2, -2, -2, -2, 
        -2, -2, -2, -2, -2, -2, -2, -2, -2, -2, -2, -2, -2, -2, -2, -2, -2, -2, 
        -2, -2, -2, -2, -2, -2, -2, -2, -2, -2, -2, -2, -2, -2, -2, -2, -2, -2, 
        -2, -2, -2, -2, -2, -2, -2, -2, -2, -2, -2, -2, -2, -2, -2, -2, -2, -2, 
        -2, -2, -2, -2, -2, -2, -2, -2, -2, -2, -2, -2, -2, -2, -2, -2, -2, -2, 
        -2, -2, -2, -2, -2, -2, -2, -2, -2, -2, -2, -2, -2, -2, -2, -2, -2, -2, 
        -2, -2, -2, -2, -2, -2, -2, -2, -2, -2, -2, -2, -2, -2, -2, -2, -2, -2, 
        -2, -2, -2, -2, -2, -2, -2, -2, -2, -2, -2, -2, -2, -1, -2, -2, 1, -2, 
        -2, -1, -1, -2, -2, 1, -2, -2, -1, -1, -2, -2, 1, -2, -2, -1, -1, -2, 
        -2, 1, -2, -2, -1, -1, -2, -2, 1, -2, -2 ],
        [ IntegerRing() | -1, 2, 2, 2, 2, 2, 2, 2, 2, 2, 2, 2, 2, 2, 2, 2, 2, 2,
        2, 2, 2, 2, 2, 2, 2, 2, 2, 2, 2, 2, 2, 2, 2, 2, 2, 2, 2, 2, 2, 2, 2, 2, 
        2, -1, -2, -2, 1, -2, -2, -1, -2, -2, -1, -2, -2, 1, -2, -2, -1, -2, -2,
        -1, -2, -2, 1, -2, -2, -1, -2, -2, -1, -2, -2, 1, -2, -2, -1, -2, -2, 
        -1, -2, -2, 1, -2, -2, -1, -2, -2, -1, -2, -2, 1, -2, -2, -1, -2, -2, 
        -1, -2, -2, 1, -2, -2, -1, -2, -2, -1, -2, -2, 1, -2, -2, -1, -2, -2, 
        -1, -2, -2, 1, -2, -2, -1, -2, -2, -1, -2, -2, 1, -2, -2, -1, -2, -2, 
        -1, -2, -2, 1, -2, -2, -1, -2, -2, -2, -2, -2, -2, -2, -2, -2, -2, -2, 
        -2, -2, -2, -2, -2, -2, -2, -2, -2, -2, -2, -2, -2, -2, -2, -2, -2, -2, 
        -2, -2, -2, -2, -2, -2, -2, -2, -2, -2, -2, -2, -2, -2, -2, -2, -2, -2, 
        -2, -1, -2, -2, 1, -2, -2, -1, -1, -2, -2, 1, -2, -2, -1, -2, -2, -2, 
        -2, -2, -2, -2, -2, -2, -2, -1, -2, -2, 1, -2, -2, -2, -2, -2, -2 ],
        [ IntegerRing() | -1, 2, 2, 2, 2, 2, 2, 2, 2, 2, 2, 2, 2, 2, 2, 2, 2, 2,
        2, 2, 2, 2, 2, 2, 2, 2, 2, 2, 2, 2, 2, 2, 2, 2, 2, 2, 2, 2, 2, 2, 2, 2, 
        2, -1, -2, -2, 1, -2, -2, -1, -2, -2, -1, -2, -2, 1, -2, -2, -1, -2, -2,
        -1, -2, -2, 1, -2, -2, -1, -2, -2, -1, -2, -2, 1, -2, -2, -1, -2, -2, 
        -1, -2, -2, 1, -2, -2, -1, -2, -2, -1, -2, -2, 1, -2, -2, -1, -2, -2, 
        -1, -2, -2, 1, -2, -2, -1, -2, -2, -1, -2, -2, 1, -2, -2, -1, -2, -2, 
        -1, -2, -2, 1, -2, -2, -1, -2, -2, -1, -2, -2, 1, -2, -2, -1, -2, -2, 
        -1, -2, -2, 1, -2, -2, -1, -2, -2, -1, -2, -2, 1, -2, -2, -1, -2, -2, 
        -1, -2, -2, 1, -2, -2, -1, -2, -2, -1, -2, -2, 1, -2, -2, -1, -2, -2, 
        -1, -2, -2, 1, -2, -2, -1, -2, -2, -1, -2, -2, 1, -2, -2, -1, -2, -2, 
        -1, -2, -2, 1, -2, -2, -1, -2, -2, -1, -2, -2, 1, -2, -2, -1, -2, -2, 
        -1, -2, -2, 1, -2, -2, -1, -2, -2, -1, -2, -2, 1, -2, -2, -1, -2, -2, 
        -1, -2, -2, 1, -2, -2, -1, -2, -2, -1, -2, -2, 1, -2, -2, -1, -2, -2, 
        -1, -2, -2, 1, -2, -2, -1, -2, -2, -1, -2, -2, 1, -2, -2, -1, -2, -2, 
        -1, -2, -2, 1, -2, -2, -1, -2, -2, -1, -2, -2, 1, -2, -2, -1, -2, -2, 
        -1, -2, -2, 1, -2, -2, -1, -2, -2, -1, -2, -2, 1, -2, -2, -1, -2, -2, 
        -1, -2, -2, 1, -2, -2, -1, -2, -2, -1, -2, -2, 1, -2, -2, -1, -2, -2, 
        -1, -2, -2, 1, -2, -2, -1, -2, -2, -1, -2, -2, 1, -2, -2, -1, -2, -2, 
        -1, -2, -2, 1, -2, -2, -1, -2, -2, -1, -2, -2, 1, -2, -2, -1, -2, -2, 
        -1, -2, -2, 1, -2, -2, -1, -2, -2, -1, -2, -2, 1, -2, -2, -1, -2, -2, 
        -1, -2, -2, 1, -2, -2, -1, -2, -2, -1, -2, -2, 1, -2, -2, -1, -2, -2, 
        -1, -2, -2, 1, -2, -2, -1, -2, -2, -1, -2, -2, 1, -2, -2, -1, -2, -2, 
        -1, -2, -2, 1, -2, -2, -1, -2, -2, -1, -2, -2, 1, -2, -2, -1, -2, -2, 
        -1, -2, -2, 1, -2, -2, -1, -2, -2, -1, -2, -2, 1, -2, -2, -1, -2, -2, 
        -1, -2, -2, 1, -2, -2, -1, -2, -2, -1, -2, -2, 1, -2, -2, -1, -2, -2, 
        -1, -2, -2, 1, -2, -2, -1, -2, -2, -1, -2, -2, 1, -2, -2, -1, -2, -2, 
        -1, -2, -2, 1, -2, -2, -1, -2, -2, -1, -2, -2, 1, -2, -2, -1, -2, -2, 
        -1, -2, -2, 1, -2, -2, -1, -2, -2, -1, -2, -2, 1, -2, -2, -1, -2, -2, 
        -1, -2, -2, 1, -2, -2, -1, -2, -2, -1, -2, -2, 1, -2, -2, -1, -2, -2, 
        -1, -2, -2, 1, -2, -2, -1, -2, -2, -1, -2, -2, 1, -2, -2, -1, -2, -2, 
        -1, -2, -2, 1, -2, -2, -1, -2, -2, -1, -2, -2, 1, -2, -2, -1, -2, -2, 
        -1, -2, -2, 1, -2, -2, -1, -2, -2, -1, -2, -2, 1, -2, -2, -1, -2, -2, 
        -1, -2, -2, 1, -2, -2, -1, -2, -2, -1, -2, -2, 1, -2, -2, -1, -2, -2, 
        -1, -2, -2, 1, -2, -2, -1, -2, -2, -1, -2, -2, 1, -2, -2, -1, -2, -2, 
        -1, -2, -2, 1, -2, -2, -1, -2, -2, -1, -2, -2, 1, -2, -2, -1, -2, -2, 
        -1, -2, -2, 1, -2, -2, -1, -2, -2, -2, -2, -2, -2, -2, -2, -2, -2, -2, 
        -2, -2, -2, -2, -2, -2, -2, -2, -2, -2, -2, -2, -2, -2, -2, -2, -2, -2, 
        -2, -2, -2, -2, -2, -2, -2, -2, -2, -2, -2, -2, -2, -2, -2, -2, -2, -2, 
        -2, -2, -2, -2, -2, -2, -2, -2, -2, -2, -2, -2, -2, -2, -2, -2, -2, -2, 
        -2, -2, -2, -2, -2, -2, -2, -2, -2, -2, -2, -2, -2, -2, -2, -2, -2, -2, 
        -2, -2, -2, -2, -2, -2, -2, -2, -2, -2, -2, -2, -2, -2, -2, -2, -2, -2, 
        -2, -2, -2, -2, -2, -2, -2, -2, -2, -2, -2, -2, -2, -2, -2, -2, -2, -2, 
        -2, -2, -2, -2, -2, -2, -2, -2, -2, -2, -2, -2, -2, -2, -2, -2, -2, -2, 
        -2, -2, -2, -2, -2, -2, -2, -2, -2, -2, -2, -2, -2, -2, -2, -2, -2, -2, 
        -2, -2, -2, -2, -2, -2, -2, -2, -2, -2, -2, -2, -2, -2, -2, -2, -2, -2, 
        -2, -2, -2, -2, -2, -2, -2, -2, -2, -2, -2, -2, -2, -2, -2, -2, -2, -2, 
        -2, -2, -2, -2, -2, -2, -2, -2, -2, -2, -2, -2, -2, -2, -2, -2, -2, -2, 
        -2, -2, -2, -2, -2, -2, -2, -2, -2, -2, -2, -1, -2, -2, 1, -2, -2, -1, 
        -1, -2, -2, 1, -2, -2, -1, -2, -2, -2, -2, -2, -2, -2, -2, -2, -2, -1, 
        -2, -2, 1, -2, -2, 1, 1 ]
    ], level := 258, genus := 22, index := 264, contains_minus_one := true, 
    subgroups := [], supergroups := [ IntegerRing() | 2, 5, 122, 1302, 2905 ], 
    name := "258A22", label := "A", order := 43344, GLZConj := 1, matgens := [ 
        PowerSequence(IntegerRing(258)) |
        [ IntegerRing(258) | 1, 172, 172, 173 ],
        [ IntegerRing(258) | 85, 86, 86, 257 ],
        [ IntegerRing(258) | 87, 172, 86, 87 ],
        [ IntegerRing(258) | 115, 150, 108, 13 ],
        [ IntegerRing(258) | 130, 129, 129, 1 ],
        [ IntegerRing(258) | 145, 210, 174, 115 ],
        [ IntegerRing(258) | 173, 0, 0, 173 ],
        [ IntegerRing(258) | 187, 240, 12, 43 ]
    ], cusps := [ IntegerRing() | 6, 258 ], c2 := [ IntegerRing() | 2, 2, 2, 2, 
    2, 2, 2, 2, 2, 2, 2, 2, 2, 2, 2, 2, 2, 2, 2, 2, 2, 2, 2, 2, 2, 2, 2, 2, 2, 
    2, 2, 2, 2, 2, 2, 2, 2, 2, 2, 2, 2, 2, 2, 2, 2, 2, 2, 2, 2, 2, 2, 2, 2, 2, 
    2, 2, 2, 2, 2, 2, 2, 2, 2, 2, 2, 2, 2, 2, 2, 2, 2, 2, 2, 2, 2, 2, 2, 2, 2, 
    2, 2, 2, 2, 2, 2, 2, 2, 2, 2, 2, 2, 2, 2, 2, 2, 2, 2, 2, 2, 2, 2, 2, 2, 2, 
    2, 2, 2, 2, 2, 2, 2, 2, 2, 2, 2, 2, 2, 2, 2, 2, 2, 2, 2, 2, 2, 2, 2, 2, 2, 
    2, 2, 2 ], c3 := [ IntegerRing() | 3, 3, 3, 3, 3, 3, 3, 3, 3, 3, 3, 3, 3, 3,
    3, 3, 3, 3, 3, 3, 3, 3, 3, 3, 3, 3, 3, 3, 3, 3, 3, 3, 3, 3, 3, 3, 3, 3, 3, 
    3, 3, 3, 3, 3, 3, 3, 3, 3, 3, 3, 3, 3, 3, 3, 3, 3, 3, 3, 3, 3, 3, 3, 3, 3, 
    3, 3, 3, 3, 3, 3, 3, 3, 3, 3, 3, 3, 3, 3, 3, 3, 3, 3, 3, 3, 3, 3, 3, 3 ], gc
    := [ IntegerRing() | 1, 1, 42 ], special_name := [], special_name_html := 
    [], direct_subgroups := [], direct_supergroups := [ IntegerRing() | 122, 
    1302, 2905 ], length := 44, treename := [ PowerSequence(IntegerRing()) |
        [ IntegerRing() | 516, 4, 5, 19 ],
        [ IntegerRing() | 516, 4, 12, 15 ]
    ], treesupergroups := [ PowerSequence(IntegerRing()) |
        [ IntegerRing() | 516, 4, 5 ],
        [ IntegerRing() | 516, 4, 12 ],
        [ IntegerRing() | 300, 6, 8 ],
        [ IntegerRing() | 300, 8 ],
        [ IntegerRing() | 300, 6 ]
    ]>,
    rec<recformat<generators: SeqEnum, level: IntegerRing(), genus: 
    IntegerRing(), index: IntegerRing(), contains_minus_one: BoolElt, subgroups:
    SeqEnum, supergroups: SeqEnum, name: MonStgElt, label: MonStgElt, order: 
    IntegerRing(), GLZConj: IntegerRing(), matgens: SeqEnum, cusps: SeqEnum, c2:
    SeqEnum, c3: SeqEnum, gc: SeqEnum, projections: SeqEnum, special_name: 
    SeqEnum, special_name_html: SeqEnum, direct_subgroups: SeqEnum, 
    direct_supergroups: SeqEnum, length: IntegerRing(), treename: SeqEnum, 
    treesupergroups: SeqEnum> | generators := [ PowerSequence(IntegerRing()) |
        [ IntegerRing() | -1, 2, 2, 2, 2, 2, 2, 2, 2, 2, 2, 2, 2, 2, 2, 2, 2, 2,
        2, 2, 2, 2, 2, 2, 2, 2, 2, 2, 2, 2, 2, 2, 2, 2, 2, 2, 2, 2, 2, 2, 2, 2, 
        2, -1, -2, -2, 1, -2, -2, -1, -2, -2, -1, -2, -2, 1, -2, -2, -1, -2, -2,
        -1, -2, -2, 1, -2, -2, -1, -2, -2, -1, -2, -2, 1, -2, -2, -1, -2, -2, 
        -1, -2, -2, 1, -2, -2, -1, -2, -2, -1, -2, -2, 1, -2, -2, -1, -2, -2, 
        -1, -2, -2, 1, -2, -2, -1, -2, -2, -1, -2, -2, 1, -2, -2, -1, -2, -2, 
        -1, -2, -2, 1, -2, -2, -1, -2, -2, -1, -2, -2, 1, -2, -2, -1, -2, -2, 
        -1, -2, -2, 1, -2, -2, -1, -2, -2, -1, -2, -2, 1, -2, -2, -1, -2, -2, 
        -1, -2, -2, 1, -2, -2, -1, -2, -2, -1, -2, -2, 1, -2, -2, -1, -2, -2, 
        -1, -2, -2, 1, -2, -2, -1, -2, -2, -1, -2, -2, 1, -2, -2, -1, -2, -2, 
        -1, -2, -2, 1, -2, -2, -1, -2, -2, -1, -2, -2, 1, -2, -2, -1, -2, -2, 
        -1, -2, -2, 1, -2, -2, -1, -2, -2, -1, -2, -2, 1, -2, -2, -1, -2, -2, 
        -1, -2, -2, 1, -2, -2, -1, -2, -2, -1, -2, -2, 1, -2, -2, -1, -2, -2, 
        -1, -2, -2, 1, -2, -2, -1, -2, -2, -1, -2, -2, 1, -2, -2, -1, -2, -2, 
        -1, -2, -2, 1, -2, -2, -1, -2, -2, -1, -2, -2, 1, -2, -2, -1, -2, -2, 
        -1, -2, -2, 1, -2, -2, -1, -2, -2, -1, -2, -2, 1, -2, -2, -1, -2, -2, 
        -1, -2, -2, 1, -2, -2, -1, -2, -2, -1, -2, -2, 1, -2, -2, -1, -2, -2, 
        -1, -2, -2, 1, -2, -2, -1, -2, -2, -1, -2, -2, 1, -2, -2, -1, -2, -2, 
        -1, -2, -2, 1, -2, -2, -1, -2, -2, -1, -2, -2, 1, -2, -2, -1, -2, -2, 
        -2, -2, -2, -2, -2, -2, -2, -2, -2, -2, -2, -2, -2, -2, -2, -2, -2, -2, 
        -2, -2, -2, -2, -2, -2, -2, -2, -2, -2, -2, -2, -2, -2, -2, -2, -2, -2, 
        -2, -2, -2, -2, -2, -2, -2, -2, -2, -2, -2, -2, -2, -2, -2, -2, -2, -2, 
        -2, -2, -2, -2, -2, -2, -2, -2, -2, -2, -2, -2, -2, -2, -2, -2, -2, -2, 
        -2, -2, -2, -2, -2, -2, -2, -2, -2, -2, -2, -2, -2, -2, -2, -2, -2, -2, 
        -2, -2, -2, -2, -2, -2, -2, -2, -2, -2, -2, -2, -2, -2, -2, -2, -2, -2, 
        -2, -2, -2, -2, -2, -2, -2, -2, -2, -2, -2, -2, -2, -2, -2, -2, -2, -2, 
        -2, -2, -2, -2, -2, -2, -2, -2, -2, -2, -2, -2, -2, -2, -2, -2, -2, -2, 
        -2, -2, -2, -2, -2, -2, -2, -2, -2, -2, -2, -2, -2, -2, -2, -2, -2, -2, 
        -2, -2, -2, -2, -2, -2, -2, -2, -2, -2, -2, -2, -2, -2, -2, -2, -2, -2, 
        -2, -2, -2, -2, -2, -2, -2, -2, -2, -2, -2, -2, -2, -2, -2, -2, -2, -2, 
        -2, -2, -2, -2, -2, -2, -2, -2, -2, -2, -2, -2, -2, -2, -2, -2, -2, -2, 
        -1, -2, -2, 1, -2, -2, -1, -1, -2, -2, 1, -2, -2, -1, -1, -2, -2, 1, -2,
        -2, -1, -2, -2, -2, -2, -1, -2, -2, 1, -2, -2, -1, -2, -2, -2, -2, 1 ],
        [ IntegerRing() | -1, 2, 2, 2, 2, 2, 2, 2, 2, 2, 2, 2, 2, 2, 2, 2, 2, 2,
        2, 2, 2, 2, 2, 2, 2, 2, 2, 2, 2, 2, 2, 2, 2, 2, 2, 2, 2, 2, 2, 2, 2, 2, 
        2, -1, -2, -2, 1, -2, -2, -1, -2, -2, -1, -2, -2, 1, -2, -2, -1, -2, -2,
        -1, -2, -2, 1, -2, -2, -1, -2, -2, -1, -2, -2, 1, -2, -2, -1, -2, -2, 
        -1, -2, -2, 1, -2, -2, -1, -2, -2, -1, -2, -2, 1, -2, -2, -1, -2, -2, 
        -1, -2, -2, 1, -2, -2, -1, -2, -2, -1, -2, -2, 1, -2, -2, -1, -2, -2, 
        -1, -2, -2, 1, -2, -2, -1, -2, -2, -1, -2, -2, 1, -2, -2, -1, -2, -2, 
        -1, -2, -2, 1, -2, -2, -1, -2, -2, -1, -2, -2, 1, -2, -2, -1, -2, -2, 
        -1, -2, -2, 1, -2, -2, -1, -2, -2, -1, -2, -2, 1, -2, -2, -1, -2, -2, 
        -1, -2, -2, 1, -2, -2, -1, -2, -2, -1, -2, -2, 1, -2, -2, -1, -2, -2, 
        -1, -2, -2, 1, -2, -2, -1, -2, -2, -1, -2, -2, 1, -2, -2, -1, -2, -2, 
        -1, -2, -2, 1, -2, -2, -1, -2, -2, -1, -2, -2, 1, -2, -2, -1, -2, -2, 
        -1, -2, -2, 1, -2, -2, -1, -2, -2, -1, -2, -2, 1, -2, -2, -1, -2, -2, 
        -1, -2, -2, 1, -2, -2, -1, -2, -2, -1, -2, -2, 1, -2, -2, -1, -2, -2, 
        -1, -2, -2, 1, -2, -2, -1, -2, -2, -1, -2, -2, 1, -2, -2, -1, -2, -2, 
        -1, -2, -2, 1, -2, -2, -1, -2, -2, -1, -2, -2, 1, -2, -2, -1, -2, -2, 
        -1, -2, -2, 1, -2, -2, -1, -2, -2, -1, -2, -2, 1, -2, -2, -1, -2, -2, 
        -1, -2, -2, 1, -2, -2, -1, -2, -2, -1, -2, -2, 1, -2, -2, -1, -2, -2, 
        -1, -2, -2, 1, -2, -2, -1, -2, -2, -1, -2, -2, 1, -2, -2, -1, -2, -2, 
        -2, -2, -2, -2, -2, -2, -2, -2, -2, -2, -2, -2, -2, -2, -2, -2, -2, -2, 
        -2, -2, -2, -2, -2, -2, -2, -2, -2, -2, -2, -2, -2, -2, -2, -2, -2, -2, 
        -2, -2, -2, -2, -2, -2, -2, -2, -2, -2, -2, -2, -2, -2, -2, -2, -2, -2, 
        -2, -2, -2, -2, -2, -2, -2, -2, -2, -2, -2, -2, -2, -2, -2, -2, -2, -2, 
        -2, -2, -2, -2, -2, -2, -2, -2, -2, -2, -2, -2, -2, -2, -2, -2, -2, -2, 
        -2, -2, -2, -2, -2, -2, -2, -2, -2, -2, -2, -2, -2, -2, -2, -2, -2, -2, 
        -2, -2, -2, -2, -2, -2, -2, -2, -2, -2, -2, -2, -2, -2, -2, -2, -2, -2, 
        -2, -2, -2, -2, -2, -2, -2, -2, -2, -2, -2, -2, -2, -2, -2, -2, -2, -2, 
        -2, -2, -2, -2, -2, -2, -2, -2, -2, -2, -1, -2, -2, 1, -2, -2, -1, -1, 
        -2, -2, 1, -2, -2, -1, -1, -2, -2, 1, -2, -2, -1, -1, -2, -2, 1, -2, -2,
        -1, -2, -2, -2, -2, 1 ],
        [ IntegerRing() | -1, 2, 2, 2, 2, 2, 2, 2, 2, 2, 2, 2, 2, 2, 2, 2, 2, 2,
        2, 2, 2, 2, 2, 2, 2, 2, 2, 2, 2, 2, 2, 2, 2, 2, 2, 2, 2, 2, 2, 2, 2, 2, 
        2, -1, -2, -2, 1, -2, -2, -1, -2, -2, -1, -2, -2, 1, -2, -2, -1, -2, -2,
        -1, -2, -2, 1, -2, -2, -1, -2, -2, -1, -2, -2, 1, -2, -2, -1, -2, -2, 
        -1, -2, -2, 1, -2, -2, -1, -2, -2, -1, -2, -2, 1, -2, -2, -1, -2, -2, 
        -1, -2, -2, 1, -2, -2, -1, -2, -2, -1, -2, -2, 1, -2, -2, -1, -2, -2, 
        -1, -2, -2, 1, -2, -2, -1, -2, -2, -1, -2, -2, 1, -2, -2, -1, -2, -2, 
        -1, -2, -2, 1, -2, -2, -1, -2, -2, -1, -2, -2, 1, -2, -2, -1, -2, -2, 
        -1, -2, -2, 1, -2, -2, -1, -2, -2, -1, -2, -2, 1, -2, -2, -1, -2, -2, 
        -1, -2, -2, 1, -2, -2, -1, -2, -2, -1, -2, -2, 1, -2, -2, -1, -2, -2, 
        -1, -2, -2, 1, -2, -2, -1, -2, -2, -1, -2, -2, 1, -2, -2, -1, -2, -2, 
        -1, -2, -2, 1, -2, -2, -1, -2, -2, -1, -2, -2, 1, -2, -2, -1, -2, -2, 
        -1, -2, -2, 1, -2, -2, -1, -2, -2, -1, -2, -2, 1, -2, -2, -1, -2, -2, 
        -1, -2, -2, 1, -2, -2, -1, -2, -2, -1, -2, -2, 1, -2, -2, -1, -2, -2, 
        -1, -2, -2, 1, -2, -2, -1, -2, -2, -1, -2, -2, 1, -2, -2, -1, -2, -2, 
        -1, -2, -2, 1, -2, -2, -1, -2, -2, -1, -2, -2, 1, -2, -2, -1, -2, -2, 
        -1, -2, -2, 1, -2, -2, -1, -2, -2, -1, -2, -2, 1, -2, -2, -1, -2, -2, 
        -1, -2, -2, 1, -2, -2, -1, -2, -2, -1, -2, -2, 1, -2, -2, -1, -2, -2, 
        -1, -2, -2, 1, -2, -2, -1, -2, -2, -1, -2, -2, 1, -2, -2, -1, -2, -2, 
        -1, -2, -2, 1, -2, -2, -1, -2, -2, -1, -2, -2, 1, -2, -2, -1, -2, -2, 
        -1, -2, -2, 1, -2, -2, -1, -2, -2, -1, -2, -2, 1, -2, -2, -1, -2, -2, 
        -1, -2, -2, 1, -2, -2, -1, -2, -2, -1, -2, -2, 1, -2, -2, -1, -2, -2, 
        -1, -2, -2, 1, -2, -2, -1, -2, -2, -1, -2, -2, 1, -2, -2, -1, -2, -2, 
        -1, -2, -2, 1, -2, -2, -1, -2, -2, -1, -2, -2, 1, -2, -2, -1, -2, -2, 
        -1, -2, -2, 1, -2, -2, -1, -2, -2, -1, -2, -2, 1, -2, -2, -1, -2, -2, 
        -1, -2, -2, 1, -2, -2, -1, -2, -2, -1, -2, -2, 1, -2, -2, -1, -2, -2, 
        -1, -2, -2, 1, -2, -2, -1, -2, -2, -1, -2, -2, 1, -2, -2, -1, -2, -2, 
        -1, -2, -2, 1, -2, -2, -1, -2, -2, -1, -2, -2, 1, -2, -2, -1, -2, -2, 
        -1, -2, -2, 1, -2, -2, -1, -2, -2, -1, -2, -2, 1, -2, -2, -1, -2, -2, 
        -1, -2, -2, 1, -2, -2, -1, -2, -2, -1, -2, -2, 1, -2, -2, -1, -2, -2, 
        -1, -2, -2, 1, -2, -2, -1, -2, -2, -1, -2, -2, 1, -2, -2, -1, -2, -2, 
        -2, -2, -2, -2, -2, -2, -2, -2, -2, -2, -2, -2, -2, -2, -2, -2, -2, -2, 
        -2, -2, -2, -2, -2, -2, -2, -2, -2, -2, -2, -2, -2, -2, -2, -2, -2, -2, 
        -2, -2, -2, -2, -2, -2, -2, -2, -2, -2, -2, -2, -2, -2, -2, -2, -2, -2, 
        -2, -2, -2, -2, -2, -2, -2, -2, -2, -2, -2, -2, -2, -2, -2, -2, -2, -2, 
        -2, -2, -2, -2, -2, -2, -2, -2, -2, -2, -2, -2, -2, -2, -2, -2, -2, -2, 
        -2, -2, -2, -2, -2, -2, -2, -2, -2, -2, -2, -2, -2, -2, -2, -2, -2, -2, 
        -2, -2, -2, -2, -2, -2, -2, -2, -2, -2, -2, -2, -2, -2, -2, -2, -2, -2, 
        -2, -2, -2, -2, -2, -2, -2, -2, -2, -2, -2, -2, -2, -2, -2, -2, -2, -2, 
        -2, -2, -2, -2, -2, -2, -2, -2, -2, -2, -2, -2, -2, -2, -2, -2, -2, -2, 
        -2, -2, -2, -2, -2, -2, -2, -2, -2, -2, -2, -2, -2, -2, -2, -2, -2, -2, 
        -2, -2, -2, -2, -2, -2, -2, -2, -2, -2, -2, -2, -2, -2, -2, -2, -2, -2, 
        -2, -2, -2, -2, -2, -2, -2, -2, -2, -2, -2, -2, -2, -2, -2, -2, 1, -2, 
        -2 ],
        [ IntegerRing() | -1, 2, 2, 2, 2, 2, 2, 2, 2, 2, 2, 2, 2, 2, 2, 2, 2, 2,
        2, 2, 2, 2, 2, 2, 2, 2, 2, 2, 2, 2, 2, 2, 2, 2, 2, 2, 2, 2, 2, 2, 2, 2, 
        2, -1, -2, -2, 1, -2, -2, -1, -2, -2, -2, -2, -2, -2, -2, -2, -2, -2, 
        -2, -2, -2, -2, -2, -2, -2, -2, -2, -2, -2, -2, -2, -2, -2, -2, -2, -2, 
        -2, -2, -2, -2, -2, -2, -2, -2, -2, -2, -2, -2, -2, -2, -2, -2, 1, -2, 
        -2, -2 ],
        [ IntegerRing() | -1, 2, 2, 2, 2, 2, 2, 2, 2, 2, 2, 2, 2, 2, 2, 2, 2, 2,
        2, 2, 2, 2, 2, 2, 2, 2, 2, 2, 2, 2, 2, 2, 2, 2, 2, 2, 2, 2, 2, 2, 2, 2, 
        2, -1, -2, -2, 1, -2, -2, -1, -2, -2, -1, -2, -2, 1, -2, -2, -1, -2, -2,
        -1, -2, -2, 1, -2, -2, -1, -2, -2, -1, -2, -2, 1, -2, -2, -1, -2, -2, 
        -1, -2, -2, 1, -2, -2, -1, -2, -2, -1, -2, -2, 1, -2, -2, -1, -2, -2, 
        -1, -2, -2, 1, -2, -2, -1, -2, -2, -1, -2, -2, 1, -2, -2, -1, -2, -2, 
        -1, -2, -2, 1, -2, -2, -1, -2, -2, -1, -2, -2, 1, -2, -2, -1, -2, -2, 
        -1, -2, -2, 1, -2, -2, -1, -2, -2, -1, -2, -2, 1, -2, -2, -1, -2, -2, 
        -1, -2, -2, 1, -2, -2, -1, -2, -2, -1, -2, -2, 1, -2, -2, -1, -2, -2, 
        -1, -2, -2, 1, -2, -2, -1, -2, -2, -1, -2, -2, 1, -2, -2, -1, -2, -2, 
        -1, -2, -2, 1, -2, -2, -1, -2, -2, -1, -2, -2, 1, -2, -2, -1, -2, -2, 
        -1, -2, -2, 1, -2, -2, -1, -2, -2, -1, -2, -2, 1, -2, -2, -1, -2, -2, 
        -1, -2, -2, 1, -2, -2, -1, -2, -2, -1, -2, -2, 1, -2, -2, -1, -2, -2, 
        -1, -2, -2, 1, -2, -2, -1, -2, -2, -1, -2, -2, 1, -2, -2, -1, -2, -2, 
        -1, -2, -2, 1, -2, -2, -1, -2, -2, -1, -2, -2, 1, -2, -2, -1, -2, -2, 
        -1, -2, -2, 1, -2, -2, -1, -2, -2, -1, -2, -2, 1, -2, -2, -1, -2, -2, 
        -1, -2, -2, 1, -2, -2, -1, -2, -2, -1, -2, -2, 1, -2, -2, -1, -2, -2, 
        -1, -2, -2, 1, -2, -2, -1, -2, -2, -1, -2, -2, 1, -2, -2, -1, -2, -2, 
        -1, -2, -2, 1, -2, -2, -1, -2, -2, -1, -2, -2, 1, -2, -2, -1, -2, -2, 
        -1, -2, -2, 1, -2, -2, -1, -2, -2, -1, -2, -2, 1, -2, -2, -1, -2, -2, 
        -1, -2, -2, 1, -2, -2, -1, -2, -2, -1, -2, -2, 1, -2, -2, -1, -2, -2, 
        -1, -2, -2, 1, -2, -2, -1, -2, -2, -1, -2, -2, 1, -2, -2, -1, -2, -2, 
        -1, -2, -2, 1, -2, -2, -1, -2, -2, -1, -2, -2, 1, -2, -2, -1, -2, -2, 
        -1, -2, -2, 1, -2, -2, -1, -2, -2, -1, -2, -2, 1, -2, -2, -1, -2, -2, 
        -1, -2, -2, 1, -2, -2, -1, -2, -2, -1, -2, -2, 1, -2, -2, -1, -2, -2, 
        -1, -2, -2, 1, -2, -2, -1, -2, -2, -1, -2, -2, 1, -2, -2, -1, -2, -2, 
        -1, -2, -2, 1, -2, -2, -1, -2, -2, -1, -2, -2, 1, -2, -2, -1, -2, -2, 
        -1, -2, -2, 1, -2, -2, -1, -2, -2, -1, -2, -2, 1, -2, -2, -1, -2, -2, 
        -1, -2, -2, 1, -2, -2, -1, -2, -2, -1, -2, -2, 1, -2, -2, -1, -2, -2, 
        -1, -2, -2, 1, -2, -2, -1, -2, -2, -1, -2, -2, 1, -2, -2, -1, -2, -2, 
        -1, -2, -2, 1, -2, -2, -1, -2, -2, -1, -2, -2, 1, -2, -2, -1, -2, -2, 
        -1, -2, -2, 1, -2, -2, -1, -2, -2, -1, -2, -2, 1, -2, -2, -1, -2, -2, 
        -1, -2, -2, 1, -2, -2, -1, -2, -2, -1, -2, -2, 1, -2, -2, -1, -2, -2, 
        -1, -2, -2, 1, -2, -2, -1, -2, -2, -1, -2, -2, 1, -2, -2, -1, -2, -2, 
        -1, -2, -2, 1, -2, -2, -1, -2, -2, -1, -2, -2, 1, -2, -2, -1, -2, -2, 
        -1, -2, -2, 1, -2, -2, -1, -2, -2, -1, -2, -2, 1, -2, -2, -1, -2, -2, 
        -1, -2, -2, 1, -2, -2, -1, -2, -2, -1, -2, -2, 1, -2, -2, -1, -2, -2, 
        -1, -2, -2, 1, -2, -2, -1, -2, -2, -1, -2, -2, 1, -2, -2, -1, -2, -2, 
        -1, -2, -2, 1, -2, -2, -1, -2, -2, -1, -2, -2, 1, -2, -2, -1, -2, -2, 
        -1, -2, -2, 1, -2, -2, -1, -2, -2, -1, -2, -2, 1, -2, -2, -1, -2, -2, 
        -2, -2, -2, -2, -2, -2, -2, -2, -2, -2, -2, -2, -2, -2, -2, -2, -2, -2, 
        -2, -2, -2, -2, -2, -2, -2, -2, -2, -2, -2, -2, -2, -2, -2, -2, -2, -2, 
        -2, -2, -2, -2, -2, -2, -2, -2, -2, -2, -2, -2, -2, -2, -2, -2, -2, -2, 
        -2, -2, -2, -2, -2, -2, -2, -2, -2, -2, -2, -2, -2, -2, -2, -2, -2, -2, 
        -2, -2, -2, -2, -2, -2, -2, -2, -2, -2, -2, -2, -2, -2, -2, -2, -2, -2, 
        -2, -2, -2, -2, -2, -2, -2, -2, -2, -2, -2, -2, -2, -2, -2, -2, -2, -2, 
        -2, -2, -2, -2, -2, -2, -2, -2, -2, -2, -2, -2, -2, -2, -2, -2, -2, -2, 
        -2, -2, -2, -2, -2, -2, -2, -2, -2, -2, -2, -2, -2, -2, -2, -2, -2, -2, 
        -2, -2, -2, -2, -2, -2, -2, -2, -2, -2, -2, -2, -2, -2, -2, -2, -2, -2, 
        -2, -2, -2, -2, -2, -2, -2, -2, -2, -2, -2, -2, -2, -2, -2, -2, -2, -2, 
        -2, -2, -2, -2, -2, -2, -2, -2, -2, -2, -2, -2, -2, -2, -2, -2, -2, -2, 
        -2, -2, -2, -2, -2, -2, -2, -2, -2, -2, -2, -2, -2, -2, -2, -2, -2, -2, 
        -2, -2, -2, -2, -2, -2, -2, -2, -2, -2, -2, -2, -2, -2, -2, -2, -2, -2, 
        -2, -2, -2, -2, -2, -2, -2, -2, -2, -2, -1, -2, -2, 1, -2, -2, -1, -2, 
        -2, -1, -2, -2, 1, -2, -2, -1, -2, -2, -2, -2, -2, -2, 1, -2, -2, 1, 2, 
        1 ],
        [ IntegerRing() | -1, 2, 2, 2, 2, 2, 2, 2, 2, 2, 2, 2, 2, 2, 2, 2, 2, 2,
        2, 2, 2, 2, 2, 2, 2, 2, 2, 2, 2, 2, 2, 2, 2, 2, 2, 2, 2, 2, 2, 2, 2, 2, 
        2, -1, -2, -2, 1, -2, -2, -1, -2, -2, -1, -2, -2, 1, -2, -2, -1, -2, -2,
        -1, -2, -2, 1, -2, -2, -1, -2, -2, -1, -2, -2, 1, -2, -2, -1, -2, -2, 
        -1, -2, -2, 1, -2, -2, -1, -2, -2, -1, -2, -2, 1, -2, -2, -1, -2, -2, 
        -1, -2, -2, 1, -2, -2, -1, -2, -2, -1, -2, -2, 1, -2, -2, -1, -2, -2, 
        -1, -2, -2, 1, -2, -2, -1, -2, -2, -1, -2, -2, 1, -2, -2, -1, -2, -2, 
        -1, -2, -2, 1, -2, -2, -1, -2, -2, -1, -2, -2, 1, -2, -2, -1, -2, -2, 
        -1, -2, -2, 1, -2, -2, -1, -2, -2, -1, -2, -2, 1, -2, -2, -1, -2, -2, 
        -1, -2, -2, 1, -2, -2, -1, -2, -2, -1, -2, -2, 1, -2, -2, -1, -2, -2, 
        -1, -2, -2, 1, -2, -2, -1, -2, -2, -1, -2, -2, 1, -2, -2, -1, -2, -2, 
        -1, -2, -2, 1, -2, -2, -1, -2, -2, -1, -2, -2, 1, -2, -2, -1, -2, -2, 
        -1, -2, -2, 1, -2, -2, -1, -2, -2, -1, -2, -2, 1, -2, -2, -1, -2, -2, 
        -1, -2, -2, 1, -2, -2, -1, -2, -2, -1, -2, -2, 1, -2, -2, -1, -2, -2, 
        -1, -2, -2, 1, -2, -2, -1, -2, -2, -1, -2, -2, 1, -2, -2, -1, -2, -2, 
        -1, -2, -2, 1, -2, -2, -1, -2, -2, -1, -2, -2, 1, -2, -2, -1, -2, -2, 
        -1, -2, -2, 1, -2, -2, -1, -2, -2, -1, -2, -2, 1, -2, -2, -1, -2, -2, 
        -1, -2, -2, 1, -2, -2, -1, -2, -2, -1, -2, -2, 1, -2, -2, -1, -2, -2, 
        -1, -2, -2, 1, -2, -2, -1, -2, -2, -1, -2, -2, 1, -2, -2, -1, -2, -2, 
        -1, -2, -2, 1, -2, -2, -1, -2, -2, -1, -2, -2, 1, -2, -2, -1, -2, -2, 
        -1, -2, -2, 1, -2, -2, -1, -2, -2, -1, -2, -2, 1, -2, -2, -1, -2, -2, 
        -1, -2, -2, 1, -2, -2, -1, -2, -2, -1, -2, -2, 1, -2, -2, -1, -2, -2, 
        -1, -2, -2, 1, -2, -2, -1, -2, -2, -1, -2, -2, 1, -2, -2, -1, -2, -2, 
        -1, -2, -2, 1, -2, -2, -1, -2, -2, -1, -2, -2, 1, -2, -2, -1, -2, -2, 
        -1, -2, -2, 1, -2, -2, -1, -2, -2, -1, -2, -2, 1, -2, -2, -1, -2, -2, 
        -1, -2, -2, 1, -2, -2, -1, -2, -2, -1, -2, -2, 1, -2, -2, -1, -2, -2, 
        -1, -2, -2, 1, -2, -2, -1, -2, -2, -1, -2, -2, 1, -2, -2, -1, -2, -2, 
        -1, -2, -2, 1, -2, -2, -1, -2, -2, -1, -2, -2, 1, -2, -2, -1, -2, -2, 
        -1, -2, -2, 1, -2, -2, -1, -2, -2, -1, -2, -2, 1, -2, -2, -1, -2, -2, 
        -1, -2, -2, 1, -2, -2, -1, -2, -2, -1, -2, -2, 1, -2, -2, -1, -2, -2, 
        -1, -2, -2, 1, -2, -2, -1, -2, -2, -1, -2, -2, 1, -2, -2, -1, -2, -2, 
        -1, -2, -2, 1, -2, -2, -1, -2, -2, -1, -2, -2, 1, -2, -2, -1, -2, -2, 
        -1, -2, -2, 1, -2, -2, -1, -2, -2, -1, -2, -2, 1, -2, -2, -1, -2, -2, 
        -1, -2, -2, 1, -2, -2, -1, -2, -2, -1, -2, -2, 1, -2, -2, -1, -2, -2, 
        -1, -2, -2, 1, -2, -2, -1, -2, -2, -1, -2, -2, 1, -2, -2, -1, -2, -2, 
        -1, -2, -2, 1, -2, -2, -1, -2, -2, -1, -2, -2, 1, -2, -2, -1, -2, -2, 
        -1, -2, -2, 1, -2, -2, -1, -2, -2, -2, -2, -2, -2, -2, -2, -2, -2, -2, 
        -2, -2, -2, -2, -2, -2, -2, -2, -2, -2, -2, -2, -2, -2, -2, -2, -2, -2, 
        -2, -2, -2, -2, -2, -2, -2, -2, -2, -2, -2, -2, -2, -2, -2, -2, -2, -2, 
        -2, -2, -2, -2, -2, -2, -2, -2, -2, -2, -2, -2, -2, -2, -2, -2, -2, -2, 
        -2, -2, -2, -2, -2, -2, -2, -2, -2, -2, -2, -2, -2, -2, -2, -2, -2, -2, 
        -2, -2, -2, -2, -2, -2, -2, -2, -2, -2, -2, -2, -2, -2, -2, -2, -2, -2, 
        -2, -2, -2, -2, -2, -2, -2, -2, -2, -2, -2, -2, -2, -2, -2, -2, -2, -2, 
        -2, -2, -2, -2, -2, -2, -2, -2, -2, -2, -2, -2, -2, -2, -2, -2, -2, -2, 
        -2, -2, -2, -2, -2, -2, -2, -2, -2, -2, -2, -2, -2, -2, -2, -2, -2, -2, 
        -2, -2, -2, -2, -2, -2, -2, -2, -2, -2, -2, -2, -2, -2, -2, -2, -2, -2, 
        -2, -2, -2, -2, -2, -2, -2, -2, -2, -2, -2, -2, -2, -2, -2, -2, -2, -2, 
        -2, -2, -2, -2, -2, -2, -2, -2, -2, -2, -2, -2, -2, -2, -2, -2, -2, -2, 
        -2, -2, -2, -2, -2, -2, -2, -2, -2, -2, -2, -2, -2, -2, -2, -2, -2, -2, 
        -2, -2, -2, -2, -2, -2, -2, -2, -2, -2, -2, -2, -2, -2, -2, -2, -2, -2, 
        -2, -2, -2, -2, -2, -2, -2, -2, -2, -2, -2, -2, -2, -1, -2, -2, 1, -2, 
        -2, -1, -1, -2, -2, 1, -2, -2, -1, -1, -2, -2, 1, -2, -2, -1, -1, -2, 
        -2, 1, -2, -2, -1, -1, -2, -2, 1, -2, -2 ],
        [ IntegerRing() | -1, 2, 2, 2, 2, 2, 2, 2, 2, 2, 2, 2, 2, 2, 2, 2, 2, 2,
        2, 2, 2, 2, 2, 2, 2, 2, 2, 2, 2, 2, 2, 2, 2, 2, 2, 2, 2, 2, 2, 2, 2, 2, 
        2, -1, -2, -2, 1, -2, -2, -1, -2, -2, -1, -2, -2, 1, -2, -2, -1, -2, -2,
        -1, -2, -2, 1, -2, -2, -1, -2, -2, -1, -2, -2, 1, -2, -2, -1, -2, -2, 
        -1, -2, -2, 1, -2, -2, -1, -2, -2, -1, -2, -2, 1, -2, -2, -1, -2, -2, 
        -1, -2, -2, 1, -2, -2, -1, -2, -2, -1, -2, -2, 1, -2, -2, -1, -2, -2, 
        -1, -2, -2, 1, -2, -2, -1, -2, -2, -1, -2, -2, 1, -2, -2, -1, -2, -2, 
        -1, -2, -2, 1, -2, -2, -1, -2, -2, -1, -2, -2, 1, -2, -2, -1, -2, -2, 
        -1, -2, -2, 1, -2, -2, -1, -2, -2, -1, -2, -2, 1, -2, -2, -1, -2, -2, 
        -1, -2, -2, 1, -2, -2, -1, -2, -2, -1, -2, -2, 1, -2, -2, -1, -2, -2, 
        -1, -2, -2, 1, -2, -2, -1, -2, -2, -1, -2, -2, 1, -2, -2, -1, -2, -2, 
        -1, -2, -2, 1, -2, -2, -1, -2, -2, -1, -2, -2, 1, -2, -2, -1, -2, -2, 
        -2, -2, -2, -2, -2, -2, -2, -2, -2, -2, -2, -2, -2, -2, -2, -2, -2, -2, 
        -2, -2, -2, -2, -2, -2, -2, -2, -2, -2, -2, -2, -2, -2, -2, -2, -2, -2, 
        -2, -2, -2, -2, -2, -2, -2, -2, -2, -2, -2, -2, -2, -2, -2, -2, -2, -2, 
        -2, -2, -2, -2, -2, -2, -2, -2, -2, -2, -2, -2, -2, -2, -2, -2, -2, -2, 
        -2, -2, -2, -2, -2, -2, -2, -2, -2, -2, -2, -2, -2, -2, -2, -2, -2, -2, 
        -2, -2, -2, -2, -2, -2, -2, -2, -2, -2, -2, -2, -2, -2, -2, -2, -2, -2, 
        -2, -2, -2, -2, -2, -2, -2, -2, -2, -2, -2, -2, -2, -2, -2, -2, -2, -2, 
        -2, -2, -2, -2, -2, -2, -2, -2, -2, -2, -2, -2, -2, -2, -1, -2, -2, 1, 
        -2, -2, -1, -2, -2, -1, -2, -2, 1, -2, -2, -1, -1, -2, -2, 1, -2, -2, 
        -1, -2, -2, -2, -2, -2, -2, 1, 2, 1 ],
        [ IntegerRing() | -1, 2, 2, 2, 2, 2, 2, 2, 2, 2, 2, 2, 2, 2, 2, 2, 2, 2,
        2, 2, 2, 2, 2, 2, 2, 2, 2, 2, 2, 2, 2, 2, 2, 2, 2, 2, 2, 2, 2, 2, 2, 2, 
        2, -1, -2, -2, 1, -2, -2, -1, -2, -2, -1, -2, -2, 1, -2, -2, -1, -2, -2,
        -1, -2, -2, 1, -2, -2, -1, -2, -2, -1, -2, -2, 1, -2, -2, -1, -2, -2, 
        -1, -2, -2, 1, -2, -2, -1, -2, -2, -1, -2, -2, 1, -2, -2, -1, -2, -2, 
        -1, -2, -2, 1, -2, -2, -1, -2, -2, -1, -2, -2, 1, -2, -2, -1, -2, -2, 
        -1, -2, -2, 1, -2, -2, -1, -2, -2, -1, -2, -2, 1, -2, -2, -1, -2, -2, 
        -1, -2, -2, 1, -2, -2, -1, -2, -2, -1, -2, -2, 1, -2, -2, -1, -2, -2, 
        -1, -2, -2, 1, -2, -2, -1, -2, -2, -1, -2, -2, 1, -2, -2, -1, -2, -2, 
        -1, -2, -2, 1, -2, -2, -1, -2, -2, -1, -2, -2, 1, -2, -2, -1, -2, -2, 
        -1, -2, -2, 1, -2, -2, -1, -2, -2, -1, -2, -2, 1, -2, -2, -1, -2, -2, 
        -1, -2, -2, 1, -2, -2, -1, -2, -2, -1, -2, -2, 1, -2, -2, -1, -2, -2, 
        -1, -2, -2, 1, -2, -2, -1, -2, -2, -1, -2, -2, 1, -2, -2, -1, -2, -2, 
        -1, -2, -2, 1, -2, -2, -1, -2, -2, -1, -2, -2, 1, -2, -2, -1, -2, -2, 
        -1, -2, -2, 1, -2, -2, -1, -2, -2, -1, -2, -2, 1, -2, -2, -1, -2, -2, 
        -1, -2, -2, 1, -2, -2, -1, -2, -2, -1, -2, -2, 1, -2, -2, -1, -2, -2, 
        -1, -2, -2, 1, -2, -2, -1, -2, -2, -1, -2, -2, 1, -2, -2, -1, -2, -2, 
        -1, -2, -2, 1, -2, -2, -1, -2, -2, -1, -2, -2, 1, -2, -2, -1, -2, -2, 
        -1, -2, -2, 1, -2, -2, -1, -2, -2, -1, -2, -2, 1, -2, -2, -1, -2, -2, 
        -1, -2, -2, 1, -2, -2, -1, -2, -2, -1, -2, -2, 1, -2, -2, -1, -2, -2, 
        -1, -2, -2, 1, -2, -2, -1, -2, -2, -1, -2, -2, 1, -2, -2, -1, -2, -2, 
        -1, -2, -2, 1, -2, -2, -1, -2, -2, -1, -2, -2, 1, -2, -2, -1, -2, -2, 
        -1, -2, -2, 1, -2, -2, -1, -2, -2, -1, -2, -2, 1, -2, -2, -1, -2, -2, 
        -1, -2, -2, 1, -2, -2, -1, -2, -2, -1, -2, -2, 1, -2, -2, -1, -2, -2, 
        -1, -2, -2, 1, -2, -2, -1, -2, -2, -1, -2, -2, 1, -2, -2, -1, -2, -2, 
        -1, -2, -2, 1, -2, -2, -1, -2, -2, -1, -2, -2, 1, -2, -2, -1, -2, -2, 
        -1, -2, -2, 1, -2, -2, -1, -2, -2, -1, -2, -2, 1, -2, -2, -1, -2, -2, 
        -1, -2, -2, 1, -2, -2, -1, -2, -2, -1, -2, -2, 1, -2, -2, -1, -2, -2, 
        -1, -2, -2, 1, -2, -2, -1, -2, -2, -1, -2, -2, 1, -2, -2, -1, -2, -2, 
        -1, -2, -2, 1, -2, -2, -1, -2, -2, -1, -2, -2, 1, -2, -2, -1, -2, -2, 
        -1, -2, -2, 1, -2, -2, -1, -2, -2, -1, -2, -2, 1, -2, -2, -1, -2, -2, 
        -1, -2, -2, 1, -2, -2, -1, -2, -2, -1, -2, -2, 1, -2, -2, -1, -2, -2, 
        -1, -2, -2, 1, -2, -2, -1, -2, -2, -1, -2, -2, 1, -2, -2, -1, -2, -2, 
        -1, -2, -2, 1, -2, -2, -1, -2, -2, -1, -2, -2, 1, -2, -2, -1, -2, -2, 
        -1, -2, -2, 1, -2, -2, -1, -2, -2, -1, -2, -2, 1, -2, -2, -1, -2, -2, 
        -1, -2, -2, 1, -2, -2, -1, -2, -2, -2, -2, -2, -2, -2, -2, -2, -2, -2, 
        -2, -2, -2, -2, -2, -2, -2, -2, -2, -2, -2, -2, -2, -2, -2, -2, -2, -2, 
        -2, -2, -2, -2, -2, -2, -2, -2, -2, -2, -2, -2, -2, -2, -2, -2, -2, -2, 
        -2, -2, -2, -2, -2, -2, -2, -2, -2, -2, -2, -2, -2, -2, -2, -2, -2, -2, 
        -2, -2, -2, -2, -2, -2, -2, -2, -2, -2, -2, -2, -2, -2, -2, -2, -2, -2, 
        -2, -2, -2, -2, -2, -2, -2, -2, -2, -2, -2, -2, -2, -2, -2, -2, -2, -2, 
        -2, -2, -2, -2, -2, -2, -2, -2, -2, -2, -2, -2, -2, -2, -2, -2, -2, -2, 
        -2, -2, -2, -2, -2, -2, -2, -2, -2, -2, -2, -2, -2, -2, -2, -2, -2, -2, 
        -2, -2, -2, -2, -2, -2, -2, -2, -2, -2, -2, -2, -2, -2, -2, -2, -2, -2, 
        -2, -2, -2, -2, -2, -2, -2, -2, -2, -2, -2, -2, -2, -2, -2, -2, -2, -2, 
        -2, -2, -2, -2, -2, -2, -2, -2, -2, -2, -2, -2, -2, -2, -2, -2, -2, -2, 
        -2, -2, -2, -2, -2, -2, -2, -2, -2, -2, -2, -2, -2, -2, -2, -2, -2, -2, 
        -2, -2, -2, -2, -2, -2, -2, -2, -2, -2, -2, -1, -2, -2, 1, -2, -2, -1, 
        -1, -2, -2, 1, -2, -2, -1, -2, -2, -2, -2, -2, -2, -2, -2, -2, -2, -1, 
        -2, -2, 1, -2, -2, 1, 1 ]
    ], level := 258, genus := 22, index := 264, contains_minus_one := true, 
    subgroups := [], supergroups := [ IntegerRing() | 5, 25, 2905 ], name := 
    "258B22", label := "B", order := 43344, GLZConj := 1, matgens := [ 
        PowerSequence(IntegerRing(258)) |
        [ IntegerRing(258) | 1, 172, 172, 173 ],
        [ IntegerRing(258) | 115, 150, 108, 13 ],
        [ IntegerRing(258) | 130, 129, 129, 1 ],
        [ IntegerRing(258) | 145, 210, 174, 115 ],
        [ IntegerRing(258) | 171, 86, 43, 171 ],
        [ IntegerRing(258) | 173, 0, 0, 173 ],
        [ IntegerRing(258) | 173, 172, 43, 1 ],
        [ IntegerRing(258) | 187, 240, 12, 43 ]
    ], cusps := [ IntegerRing() | 6, 258 ], c2 := [ IntegerRing() | 2, 2, 2, 2, 
    2, 2, 2, 2, 2, 2, 2, 2, 2, 2, 2, 2, 2, 2, 2, 2, 2, 2, 2, 2, 2, 2, 2, 2, 2, 
    2, 2, 2, 2, 2, 2, 2, 2, 2, 2, 2, 2, 2, 2, 2, 2, 2, 2, 2, 2, 2, 2, 2, 2, 2, 
    2, 2, 2, 2, 2, 2, 2, 2, 2, 2, 2, 2, 2, 2, 2, 2, 2, 2, 2, 2, 2, 2, 2, 2, 2, 
    2, 2, 2, 2, 2, 2, 2, 2, 2, 2, 2, 2, 2, 2, 2, 2, 2, 2, 2, 2, 2, 2, 2, 2, 2, 
    2, 2, 2, 2, 2, 2, 2, 2, 2, 2, 2, 2, 2, 2, 2, 2, 2, 2, 2, 2, 2, 2, 2, 2, 2, 
    2, 2, 2 ], c3 := [ IntegerRing() | 3, 3, 3, 3, 3, 3, 3, 3, 3, 3, 3, 3, 3, 3,
    3, 3, 3, 3, 3, 3, 3, 3, 3, 3, 3, 3, 3, 3, 3, 3, 3, 3, 3, 3, 3, 3, 3, 3, 3, 
    3, 3, 3, 3, 3, 3, 3, 3, 3, 3, 3, 3, 3, 3, 3, 3, 3, 3, 3, 3, 3, 3, 3, 3, 3, 
    3, 3, 3, 3, 3, 3, 3, 3, 3, 3, 3, 3, 3, 3, 3, 3, 3, 3, 3, 3, 3, 3, 3, 3 ], gc
    := [ IntegerRing() | 1, 1, 2, 2, 42, 84 ], special_name := [], 
    special_name_html := [], direct_subgroups := [], direct_supergroups := [ 
    IntegerRing() | 25, 2905 ], length := 132, treename := [ 
        PowerSequence(IntegerRing()) |
        [ IntegerRing() | 516, 4, 5, 7 ],
        [ IntegerRing() | 516, 4, 5, 8 ],
        [ IntegerRing() | 516, 4, 5, 16 ]
    ], treesupergroups := [ PowerSequence(IntegerRing()) |
        [ IntegerRing() | 516, 4, 5 ],
        [ IntegerRing() | 516, 4, 5 ],
        [ IntegerRing() | 516, 4, 5 ],
        [ IntegerRing() | 300, 6, 7 ],
        [ IntegerRing() | 300, 6 ]
    ]>,
    rec<recformat<generators: SeqEnum, level: IntegerRing(), genus: 
    IntegerRing(), index: IntegerRing(), contains_minus_one: BoolElt, subgroups:
    SeqEnum, supergroups: SeqEnum, name: MonStgElt, label: MonStgElt, order: 
    IntegerRing(), GLZConj: IntegerRing(), matgens: SeqEnum, cusps: SeqEnum, c2:
    SeqEnum, c3: SeqEnum, gc: SeqEnum, projections: SeqEnum, special_name: 
    SeqEnum, special_name_html: SeqEnum, direct_subgroups: SeqEnum, 
    direct_supergroups: SeqEnum, length: IntegerRing(), treename: SeqEnum, 
    treesupergroups: SeqEnum> | generators := [ PowerSequence(IntegerRing()) |
        [ IntegerRing() | 1, 1, 2, 1, 1, 2, 2, 2, 2, 2, 1, 2, 2, 1, 1, 2, 2, 2, 
        2, 2, 1, 2, 2, 2, 2, 1, 1, 1, 1, 1, 1, 2, 1, 1, 2, 2, 2, 1, 1, 1, 2, 1, 
        1, 2, 2, 2, 2, 2, 1, 2, 2, 1, 1, 2, 2, 2, 2, 2, 1, 2, 2, 2, 2, 1, 1, 1, 
        1, 1, 1, 2, 1, 1, -2, -2, -2, -2, -1, 2, 2, 2, 2, -1, 2, 2, 2, 2, 2, 2, 
        -1, -2, -2, -1, -2, -2, -1, 2, 2, 2, 2, 1, -2, -2, 1, 2, 2, 1, 2, 2, 1, 
        2, 2, 1, -2, -2, -1, 2, 2, -1, 2, -1, -2, -2, -2, -1, -1, -2, -1, -1, 
        -1, -1, -1, -1, -2, -2, -2, -2, -1, -2, -2, -2, -2, -2, -1, -1, -2, -2, 
        -1, -2, -2, -2, -2, -2, -1, -1, -2, -1, -2, -2, -2, -2, 1, -2, -2, -2, 
        -2, 1, 2, 2, 1, 2, 2, 2, 2, 1, -2, -2, 1, 2, 2, 2, 2, 1, -2, -2, -1, -1 
        ],
        [ IntegerRing() | 1, 1, 2, 1, 1, 2, 2, 2, 2, 2, 1, 2, 2, 1, 1, 2, 2, 2, 
        2, 2, 1, 2, 2, 2, 2, 1, 1, 1, 1, 1, 1, 2, 1, 1, 2, 2, 2, 1, 1, 1, 2, 1, 
        1, 2, 2, 2, 2, 2, 1, 2, 2, 1, 1, 2, 2, 2, 2, 2, 1, 2, 2, 2, 2, 1, 1, 1, 
        1, 1, 1, 2, 1, 1, -2, -2, -2, -2, -1, 2, 2, 2, 2, -1, 2, 2, 2, 2, 2, 2, 
        -1, -2, -2, -1, -2, -2, -1, 2, 2, 2, 2, 1, -2, -2, 1, 2, 2, 1, 2, 2, 1, 
        2, 2, 1, -2, -2, -1, 2, 2, -1, 2, -1, -2, -2, -2, -1, -1, -2, -1, -1, 
        -1, -1, -1, -1, -2, -2, -2, -2, -1, -2, -2, -2, -2, -2, -1, -1, -2, -2, 
        -1, -2, -2, -2, -2, -2, -1, -1, -2, -2, -2, 1, 2, 2, 1, 2, 2, 1, 2, 2, 
        1, -2, -2, -1, 2, 2, -1, 2, -1, -2, -2, -2, -1, -1, -2, -1, -1, -1, -1, 
        -1, -1, -2, -2, -2, -2, -1, -2, -2, -2, -2, -2, -1, -1, -2, -2, -1, -2, 
        -2, -2, -2, -2, -1, -1, -2, -2, -2, 1, 2, 2, 1, 2, 2, 1, 2, 2, 1, -2, 
        -2, -1, 2, 2, -1, 2, -1, -2, -2, -2, -1, -1, -2, -1, -1, -1, -1, -1, -1,
        -2, -2, -2, -2, -1, -2, -2, -2, -2, -2, -1, -1, -2, -2, -1, -2, -2, -2, 
        -2, -2, -1, -1, -2, -2, -2, 1, 2, 2, 1, 2, 2, 1, 2, 2, 1, -2, -2, -1, 2,
        2, -1, 2, -1, -2, -2, -2, -1, -1, -2, -1, -1, -1, -1, -1, -1, -2, -2, 
        -2, -2, -1, -2, -2, -2, -2, -2, -1, -1, -2, -2, -1, -2, -2, -2, -2, -2, 
        -1, -1, -2, -2, -2, 1, 2, 2, 1, 2, 2, 1, 2, 2, 1, -2, -2, -1, 2, 2, -1, 
        2, -1, -2, -2, -2, -1, -1, -2, -1, -1, -1, -1, -1, -1, -2, -2, -2, -2, 
        -1, -2, -2, -2, -2, -2, -1, -1, -2, -2, -1, -2, -2, -2, -2, -2, -1, -1, 
        -2, -2, -2, 1, 2, 2, 1, 2, 2, 1, 2, 2, 1, -2, -2, -1, 2, 2, -1, 2, -1, 
        -2, -2, -2, -1, -1, -2, -1, -1, -1, -1, -1, -1, -2, -2, -2, -2, -1, -2, 
        -2, -2, -2, -2, -1, -1, -2, -2, -1, -2, -2, -2, -2, -2, -1, -1, -2, -2, 
        -2, 1, 2, 2, 1, 2, 2, 1, 2, 2, 1, -2, -2, -1, 2, 2, -1, 2, -1, -2, -2, 
        -2, -1, -1, -2, -1, -1, -1, -1, -1, -1, -2, -2, -2, -2, -1, -2, -2, -2, 
        -2, -2, -1, -1, -2, -2, -1, -2, -2, -2, -2, -2, -1, -1, -2, -2, -2, 1, 
        2, 2, 1, 2, 2, 1, 2, 2, 1, -2, -2, -1, 2, 2, -1, 2, -1, -2, -2, -2, -1, 
        -1, -2, -1, -1, -1, -1, -1, -1, -2, -2, -2, -2, -1, -2, -2, -2, -2, -2, 
        -1, -1, -2, -2, -1, -2, -2, -2, -2, -2, -1, -1, -2, -2, -2, 1, 2, 2, 1, 
        2, 2, 1, 2, 2, 1, -2, -2, -1, 2, 2, -1, 2, -1, -2, -2, -2, -1, -1, -2, 
        -1, -1, -1, -1, -1, -1, -2, -2, -2, -2, -1, -2, -2, -2, -2, -2, -1, -1, 
        -2, -2, -1, -2, -2, -2, -2, -2, -1, -1, -2, -2, -2, 1, 2, 2, 1, 2, 2, 1,
        2, 2, 1, -2, -2, -1, 2, 2, -1, 2, -1, -2, -2, -2, -1, -1, -2, -1, -1, 
        -1, -1, -1, -1, -2, -2, -2, -2, -1, -2, -2, -2, -2, -2, -1, -1, -2, -2, 
        -1, -2, -2, -2, -2, -2, -1, -1, -2, -2, -2, 1, 2, 2, 1, 2, 2, 1, 2, 2, 
        1, -2, -2, -1, 2, 2, -1, 2, -1, -2, -2, -2, -1, -1, -2, -1, -1, -1, -1, 
        -1, -1, -2, -2, -2, -2, -1, -2, -2, -2, -2, -2, -1, -1, -2, -2, -1, -2, 
        -2, -2, -2, -2, -1, -1, -2, -2, -2, 1, 2, 2, 1, 2, 2, 1, 2, 2, 1, -2, 
        -2, -1, 2, 2, -1, 2, -1, -2, -2, -2, -1, -1, -2, -1, -1, -1, -1, -1, -1,
        -2, -2, -2, -2, -1, -2, -2, -2, -2, -2, -1, -1, -2, -2, -1, -2, -2, -2, 
        -2, -2, -1, -1, -2, -2, -2, 1, 2, 2, 1, 2, 2, 1, 2, 2, 1, -2, -2, -1, 2,
        2, -1, 2, -1, -2, -2, -2, -1, -1, -2, -1, -1, -1, -1, -1, -1, -2, -2, 
        -2, -2, -1, -2, -2, -2, -2, -2, -1, -1, -2, -2, -1, -2, -2, -2, -2, -2, 
        -1, -1, -2, -2, -2, 1, 2, 2, 1, 2, 2, 1, 2, 2, 1, -2, -2, -1, 2, 2, -1, 
        2, -1, -2, -2, -2, -1, -1, -2, -1, -1, -1, -1, -1, -1, -2, -2, -2, -2, 
        -1, -2, -2, -2, -2, -2, -1, -1, -2, -2, -1, -2, -2, -2, -2, -2, -1, -1, 
        -2, -2, -2, 1, 2, 2, 1, 2, 2, 1, 2, 2, 1, -2, -2, -1, 2, 2, -1, 2, -1, 
        -2, -2, -2, -1, -1, -2, -1, -1, -1, -1, -1, -1, -2, -2, -2, -2, -1, -2, 
        -2, -2, -2, -2, -1, -1, -2, -2, -1, -2, -2, -2, -2, -2, -1, -1, -2, -2, 
        -2, 1, 2, 2, 1, 2, 2, 1, 2, 2, 1, -2, -2, -1, 2, 2, -1, 2, -1, -2, -2, 
        -2, -1, -1, -2, -1, -1, -1, -1, -1, -1, -2, -2, -2, -2, -1, -2, -2, -2, 
        -2, -2, -1, -1, -2, -2, -1, -2, -2, -2, -2, -2, -1, -1, -2, -2, -2, 1, 
        2, 2, 1, 2, 2, 1, 2, 2, 1, -2, -2, -1, 2, 2, -1, 2, -1, -2, -2, -2, -1, 
        -1, -2, -1, -1, -1, -1, -1, -1, -2, -2, -2, -2, -1, -2, -2, -2, -2, -2, 
        -1, -1, -2, -2, -1, -2, -2, -2, -2, -2, -1, -1, -2, -2, -2, 1, 2, 2, 1, 
        2, 2, 1, 2, 2, 1, -2, -2, -1, 2, 2, -1, 2, -1, -2, -2, -2, -1, -1, -2, 
        -1, -1, -1, -1, -1, -1, -2, -2, -2, -2, -1, -2, -2, -2, -2, -2, -1, -1, 
        -2, -2, -1, -2, -2, -2, -2, -2, -1, -1, -2, -2, -2, 1, 2, 2, 1, 2, 2, 1,
        2, 2, 1, -2, -2, -1, 2, 2, -1, 2, -1, -2, -2, -2, -1, -1, -2, -1, -1, 
        -1, -1, -1, -1, -2, -2, -2, -2, -1, -2, -2, -2, -2, -2, -1, -1, -2, -2, 
        -1, -2, -2, -2, -2, -2, -1, -1, -2, -2, -2, 1, 2, 2, 1, 2, 2, 1, 2, 2, 
        1, -2, -2, -1, 2, 2, -1, 2, -1, -2, -2, -2, -1, -1, -2, -1, -1, -1, -1, 
        -1, -1, -2, -2, -2, -2, -1, -2, -2, -2, -2, -2, -1, -1, -2, -2, -1, -2, 
        -2, -2, -2, -2, -1, -1, -2, -2, -2, 1, 2, 2, 1, 2, 2, 1, 2, 2, 1, -2, 
        -2, -1, 2, 2, -1, 2, -1, -2, -2, -2, -1, -1, -2, -1, -1, -1, -1, -1, -1,
        -2, -2, -2, -2, -1, -2, -2, -2, -2, -2, -1, -1, -2, -2, -1, -2, -2, -2, 
        -2, -2, -1, -1, -2, -2, -2, 1, 2, 2, 1, 2, 2, 1, 2, 2, 1, -2, -2, -1, 2,
        2, -1, 2, -1, -2, -2, -2, -1, -1, -2, -1, -1, -1, -1, -1, -1, -2, -2, 
        -2, -2, -1, -2, -2, -2, -2, -2, -1, -1, -2, -2, -1, -2, -2, -2, -2, -2, 
        -1, -1, -2, -2, -2, 1, 2, 2, 1, 2, 2, 1, 2, 2, 1, -2, -2, -1, 2, 2, -1, 
        2, -1, -2, -2, -2, -1, -1, -2, -1, -1, -1, -1, -1, -1, -2, -2, -2, -2, 
        -1, -2, -2, -2, -2, -2, -1, -1, -2, -2, -1, -2, -2, -2, -2, -2, -1, -1, 
        2, 1, 2, 2, 2, 2, 2, 2, 2, 2, 2, 2, 2, 2, 2, 2, 1, 2, 2, -1 ],
        [ IntegerRing() | 1, 1, 2, 1, 1, 2, 2, 2, 2, 2, 1, 2, 2, 1, 1, 2, 2, 2, 
        2, 2, 1, 2, 2, 2, 2, 1, 1, 1, 1, 1, 1, 2, 1, 1, 2, 2, 2, 1, 1, 1, 2, 1, 
        1, 2, 2, 2, 2, 2, 1, 2, 2, 1, 1, 2, 2, 2, 2, 2, 1, 2, 2, 2, 2, 1, 1, 1, 
        1, 1, 1, 2, 1, 1, -2, -2, -2, -2, -1, 2, 2, 2, 2, -1, 2, 2, 2, 2, 2, 2, 
        -1, -2, -2, -1, -2, -2, -1, 2, 2, 2, 2, 1, -2, -2, 1, 2, 2, 1, 2, 2, 1, 
        2, 2, 1, -2, -2, -1, 2, 2, -1, 2, -1, -2, -2, -2, -1, -1, -2, -1, -1, 
        -1, -1, -1, -1, -2, -2, -2, -2, -1, -2, -2, -2, -2, -2, -1, -1, -2, -2, 
        -1, -2, -2, -2, -2, -2, -1, -1, -2, -2, -2, 1, 2, 2, 1, 2, 2, 1, 2, 2, 
        1, -2, -2, -1, 2, 2, -1, 2, -1, -2, -2, -2, -1, -1, -2, -1, -1, -1, -1, 
        -1, -1, -2, -2, -2, -2, -1, -2, -2, -2, -2, -2, -1, -1, -2, -2, -1, -2, 
        -2, -2, -2, -2, -1, -1, -2, -2, -2, 1, 2, 2, 1, 2, 2, 1, 2, 2, 1, -2, 
        -2, -1, 2, 2, -1, 2, -1, -2, -2, -2, -1, -1, -2, -1, -1, -1, -1, -1, -1,
        -2, -2, -2, -2, -1, -2, -2, -2, -2, -2, -1, -1, -2, -2, -1, -2, -2, -2, 
        -2, -2, -1, -1, -2, -2, -2, 1, 2, 2, 1, 2, 2, 1, 2, 2, 1, -2, -2, -1, 2,
        2, -1, 2, -1, -2, -2, -2, -1, -1, -2, -1, -1, -1, -1, -1, -1, -2, -2, 
        -2, -2, -1, -2, -2, -2, -2, -2, -1, -1, -2, -2, -1, -2, -2, -2, -2, -2, 
        -1, -1, -2, -2, -2, 1, 2, 2, 1, 2, 2, 1, 2, 2, 1, -2, -2, -1, 2, 2, -1, 
        2, -1, -2, -2, -2, -1, -1, -2, -1, -1, -1, -1, -1, -1, -2, -2, -2, -2, 
        -1, -2, -2, -2, -2, -2, -1, -1, -2, -2, -1, -2, -2, -2, -2, -2, -1, -1, 
        -2, -2, -2, 1, 2, 2, 1, 2, 2, 1, 2, 2, 1, -2, -2, -1, 2, 2, -1, 2, -1, 
        -2, -2, -2, -1, -1, -2, -1, -1, -1, -1, -1, -1, -2, -2, -2, -2, -1, -2, 
        -2, -2, -2, -2, -1, -1, -2, -2, -1, -2, -2, -2, -2, -2, -1, -1, -2, -2, 
        -2, 1, 2, 2, 1, 2, 2, 1, 2, 2, 1, -2, -2, -1, 2, 2, -1, 2, -1, -2, -2, 
        -2, -1, -1, -2, -1, -1, -1, -1, -1, -1, -2, -2, -2, -2, -1, -2, -2, -2, 
        -2, -2, -1, -1, -2, -2, -1, -2, -2, -2, -2, -2, -1, -1, -2, -2, -2, 1, 
        2, 2, 1, 2, 2, 1, 2, 2, 1, -2, -2, -1, 2, 2, -1, 2, -1, -2, -2, -2, -1, 
        -1, -2, -1, -1, -1, -1, -1, -1, -2, -2, -2, -2, -1, -2, -2, -2, -2, -2, 
        -1, -1, -2, -2, -1, -2, -2, -2, -2, -2, -1, -1, -2, -2, -2, 1, 2, 2, 1, 
        2, 2, 1, 2, 2, 1, -2, -2, -1, 2, 2, -1, 2, -1, -2, -2, -2, -1, -1, -2, 
        -1, -1, -1, -1, -1, -1, -2, -2, -2, -2, -1, -2, -2, -2, -2, -2, -1, -1, 
        -2, -2, -1, -2, -2, -2, -2, -2, -1, -1, -2, -1, 2, 2, 2, 2, 2, 2, 1, -2,
        -2, 1, 2, 2, 1, 2, 2, 1, 2, 2, 1, -2, -2, -1, 2, 2, -1, 2, -1, -2, -2, 
        -2, -1, -1, -2, -1, -1, -1, -1, -1, -1, -2, -2, -2, -2, -1, -2, -2, -2, 
        -2, -2, -1, -1, -2, -2, -1, -2, -2, -2, -2, -2, -1, -1, -2, -2, -2, 1, 
        2, 2, 1, 2, 2, 1, 2, 2, 1, -2, -2, -1, 2, 2, -1, 2, -1, -2, -2, -2, -1, 
        -1, -2, -1, -1, -1, -1, -1, -1, -2, -2, -2, -2, -1, -2, -2, -2, -2, -2, 
        -1, -1, -2, -2, -1, -2, -2, -2, -2, -2, -1, -1, -2, -2, -2, 1, 2, 2, 1, 
        2, 2, 1, 2, 2, 1, -2, -2, -1, 2, 2, -1, 2, -1, -2, -2, -2, -1, -1, -2, 
        -1, -1, -1, -1, -1, -1, -2, -2, -2, -2, -1, -2, -2, -2, -2, -2, -1, -1, 
        -2, -2, -1, -2, -2, -2, -2, -2, -1, -1, -2, -2, -2, 1, 2, 2, 1, 2, 2, 1,
        2, 2, 1, -2, -2, -1, 2, 2, -1, 2, -1, -2, -2, -2, -1, -1, -2, -1, -1, 
        -1, -1, -1, -1, -2, -2, -2, -2, -1, -2, -2, -2, -2, -2, -1, -1, -2, -2, 
        -1, -2, -2, -2, -2, -2, -1, -1, -2, -2, -2, 1, 2, 2, 1, 2, 2, 1, 2, 2, 
        1, -2, -2, -1, 2, 2, -1, 2, -1, -2, -2, -2, -1, -1, -2, -1, -1, -1, -1, 
        -1, -1, -2, -2, -2, -2, -1, -2, -2, -2, -2, -2, -1, -1, -2, -2, -1, -2, 
        -2, -2, -2, -2, -1, -1, -2, -2, -2, 1, 2, 2, 1, 2, 2, 1, 2, 2, 1, -2, 
        -2, -1, 2, 2, -1, 2, -1, -2, -2, -2, -1, -1, -2, -1, -1, -1, -1, -1, -1,
        -2, -2, -2, -2, -1, -2, -2, -2, -2, -2, -1, -1, -2, -2, -1, -2, -2, -2, 
        -2, -2, -1, -1, -2, -2, -2, 1, 2, 2, 1, 2, 2, 1, 2, 2, 1, -2, -2, -1, 2,
        2, -1, 2, -1, -2, -2, -2, -1, -1, -2, -1, -1, -1, -1, -1, -1, -2, -2, 
        -2, -2, -1, -2, -2, -2, -2, -2, -1, -1, -2, -2, -1, -2, -2, -2, -2, -2, 
        -1, -1, 2, 1, -2, -2, -2, -2, -2, -2, 1, -2, -2, -2, -2, -2, -2, -2, -2,
        -2, -2, 1, 2, 2, 2, 2, -1, -2, -2, -1, 2 ],
        [ IntegerRing() | 1, 1, 2, 1, 1, 2, 2, 2, 2, 2, 1, 2, 2, 1, 1, 2, 2, 2, 
        2, 2, 1, 2, 2, 2, 2, 1, 1, 1, 1, 1, 1, 2, 1, 1, 2, 2, 2, 1, 1, 1, 2, 1, 
        1, 2, 2, 2, 2, 2, 1, 2, 2, 1, 1, 2, 2, 2, 2, 2, 1, 2, 2, 2, 2, 1, 1, 1, 
        1, 1, 1, 2, 1, 1, -2, -2, -2, -2, -1, 2, 2, 2, 2, -1, 2, 2, 2, 2, 2, 2, 
        -1, -2, -2, -1, -2, -2, -1, 2, 2, 2, 2, 1, -2, -2, 1, 2, 2, 1, 2, 2, 1, 
        2, 2, 1, -2, -2, -1, 2, 2, -1, 2, -1, -2, -2, -2, -1, -1, -2, -1, -1, 
        -1, -1, -1, -1, -2, -2, -2, -2, -1, -2, -2, -2, -2, -2, -1, -1, -2, -2, 
        -1, -2, -2, -2, -2, -2, -1, -1, -2, -2, -2, 1, 2, 2, 1, 2, 2, 1, 2, 2, 
        1, -2, -2, -1, 2, 2, -1, 2, -1, -2, -2, -2, -1, -1, -2, -1, -1, -1, -1, 
        -1, -1, -2, -2, -2, -2, -1, -2, -2, -2, -2, -2, -1, -1, -2, -2, -1, -2, 
        -2, -2, -2, -2, -1, -1, -2, -2, -2, 1, 2, 2, 1, 2, 2, 1, 2, 2, 1, -2, 
        -2, -1, 2, 2, -1, 2, -1, -2, -2, -2, -1, -1, -2, -1, -1, -1, -1, -1, -1,
        -2, -2, -2, -2, -1, -2, -2, -2, -2, -2, -1, -1, -2, -2, -1, -2, -2, -2, 
        -2, -2, -1, -1, -2, -2, -2, 1, 2, 2, 1, 2, 2, 1, 2, 2, 1, -2, -2, -1, 2,
        2, -1, 2, -1, -2, -2, -2, -1, -1, -2, -1, -1, -1, -1, -1, -1, -2, -2, 
        -2, -2, -1, -2, -2, -2, -2, -2, -1, -1, -2, -2, -1, -2, -2, -2, -2, -2, 
        -1, -1, -2, -2, -2, 1, 2, 2, 1, 2, 2, 1, 2, 2, 1, -2, -2, -1, 2, 2, -1, 
        2, -1, -2, -2, -2, -1, -1, -2, -1, -1, -1, -1, -1, -1, -2, -2, -2, -2, 
        -1, -2, -2, -2, -2, -2, -1, -1, -2, -2, -1, -2, -2, -2, -2, -2, -1, -1, 
        -2, -2, -2, 1, 2, 2, 1, 2, 2, 1, 2, 2, 1, -2, -2, -1, 2, 2, -1, 2, -1, 
        -2, -2, -2, -1, -1, -2, -1, -1, -1, -1, -1, -1, -2, -2, -2, -2, -1, -2, 
        -2, -2, -2, -2, -1, -1, -2, -2, -1, -2, -2, -2, -2, -2, -1, -1, -2, -2, 
        -2, 1, -2, -2, 1, -2, -2, -2, -2, -2, -2, 1, -2, -2, 1, -2, -2, -1, -1 
        ],
        [ IntegerRing() | 1, 1 ]
    ], level := 262, genus := 22, index := 264, contains_minus_one := true, 
    subgroups := [], supergroups := [ IntegerRing() | 2, 2908 ], name := 
    "262A22", label := "A", order := 51090, GLZConj := 1, matgens := [ 
        PowerSequence(IntegerRing(262)) |
        [ IntegerRing(262) | 29, 220, 212, 217 ],
        [ IntegerRing(262) | 69, 66, 116, 73 ],
        [ IntegerRing(262) | 79, 158, 124, 185 ],
        [ IntegerRing(262) | 132, 131, 131, 1 ],
        [ IntegerRing(262) | 261, 0, 0, 261 ]
    ], cusps := [ IntegerRing() | 2, 262 ], c2 := [ IntegerRing() | 2, 2, 2, 2, 
    2, 2, 2, 2, 2, 2, 2, 2, 2, 2, 2, 2, 2, 2, 2, 2, 2, 2, 2, 2, 2, 2, 2, 2, 2, 
    2, 2, 2, 2, 2, 2, 2, 2, 2, 2, 2, 2, 2, 2, 2, 2, 2, 2, 2, 2, 2, 2, 2, 2, 2, 
    2, 2, 2, 2, 2, 2, 2, 2, 2, 2, 2, 2, 2, 2, 2, 2, 2, 2, 2, 2, 2, 2, 2, 2, 2, 
    2, 2, 2, 2, 2, 2, 2, 2, 2, 2, 2, 2, 2, 2, 2, 2, 2, 2, 2, 2, 2, 2, 2, 2, 2, 
    2, 2, 2, 2, 2, 2, 2, 2, 2, 2, 2, 2, 2, 2, 2, 2, 2, 2, 2, 2, 2, 2, 2, 2, 2, 
    2, 2, 2 ], c3 := [ IntegerRing() | 3, 3, 3, 3, 3, 3, 3, 3, 3, 3, 3, 3, 3, 3,
    3, 3, 3, 3, 3, 3, 3, 3, 3, 3, 3, 3, 3, 3, 3, 3, 3, 3, 3, 3, 3, 3, 3, 3, 3, 
    3, 3, 3, 3, 3, 3, 3, 3, 3, 3, 3, 3, 3, 3, 3, 3, 3, 3, 3, 3, 3, 3, 3, 3, 3, 
    3, 3, 3, 3, 3, 3, 3, 3, 3, 3, 3, 3, 3, 3, 3, 3, 3, 3, 3, 3, 3, 3, 3, 3 ], gc
    := [ IntegerRing() | 1, 1, 130 ], special_name := [], special_name_html := 
    [], direct_subgroups := [], direct_supergroups := [ IntegerRing() | 2, 2908 
    ], length := 132, treename := [ PowerSequence(IntegerRing()) |
        [ IntegerRing() | 524, 2, 8 ]
    ], treesupergroups := [ PowerSequence(IntegerRing()) |
        [ IntegerRing() | 524, 2 ],
        [ IntegerRing() | 300, 8 ]
    ]>,
    rec<recformat<generators: SeqEnum, level: IntegerRing(), genus: 
    IntegerRing(), index: IntegerRing(), contains_minus_one: BoolElt, subgroups:
    SeqEnum, supergroups: SeqEnum, name: MonStgElt, label: MonStgElt, order: 
    IntegerRing(), GLZConj: IntegerRing(), matgens: SeqEnum, cusps: SeqEnum, c2:
    SeqEnum, c3: SeqEnum, gc: SeqEnum, projections: SeqEnum, special_name: 
    SeqEnum, special_name_html: SeqEnum, direct_subgroups: SeqEnum, 
    direct_supergroups: SeqEnum, length: IntegerRing(), treename: SeqEnum, 
    treesupergroups: SeqEnum> | generators := [ PowerSequence(IntegerRing()) |
        [ IntegerRing() | 2, 2, 2, 2, 1, 2, 1, 1, 1, 1, 2, 2, 1, 2, 2, 1, 2, 2, 
        2, 1, 2, 1, 1, 1, 2, 2, 1, 2, 2, 1, 2, 2, 1, 2, 2, 1, 2, 2, 2, 1, 2, 1, 
        1, 1, -2, -1, 2, 2, 2, 2, 2, -1, 2, 2, 1, 2, 2, 1, 2, 2, 1, 2, 2, 1, 2, 
        2, 1, 2, 2, 1, 2, 2, 2, 1, 2, 2, 2, 1, -2, -1, 2, 2, 2, 2, 2, -1, 2, 1, 
        -2, -2, -2, -2, -2, 1, 2, -1, -2, -2, -2, -1, -2, -2, -2, -1, -2, -2, 
        -1, -2, -2, -1, -2, -2, -1, -2, -2, -1, -2, -2, -1, 2, 1, 2, 2, 1, 2, 2,
        1, 2, 2, 1, 2, 2, 1, 2, 2, 1, 2, 2, 2, 1, 2, 2, 2, 1, -2, -1, 2, 2, 2, 
        2, 2, -1, 2, 2, 2, 1, 2, 2, 1, 2, 2, 1, 2, 2, 1, 2, 2, 1, 2, 2, 1, 2, 2,
        2, 1, 2, 2, 2, 1, -2, -1, 2, 2, 2, 2, 2, -1, -2, -2, 1, 2, 2, 2, 1, -2, 
        -2, -2, -1, 2, 2, -1, -2, -2, -1, -2, -2, -1, -2, -2, -1, -2, -2, -2, 
        -1, -2, -2, -1, -2, -2, -1, -2, -2, -1, -2, -2, -1, -2, -2, -1, -2, -2, 
        -2, 1, -2, -2, -2, -2, -2, 1, 2, -1, -2, -2, -2, -1, -2, -2, -2, -1, -2,
        -2, -1, -2, -2, -1, -2, -2, -1, -2, -2, -1, -2, -2, -1, 2, 1, 2, 2, 1, 
        2, 2, 1, 2, 2, 1, 2, 2, 1, 2, 2, 1, 2, 2, 2, 1, 2, 2, 2, 1, -2, -1, 2, 
        2, 2, 2, 2, -1, 2, 2, 2, 1, 2, 2, 1, 2, 2, 1, 2, 2, 1, 2, 2, 1, 2, 2, 1,
        2, 2, 2, 1, 2, 2, 2, 1, -2, -1, 2, 2, 2, 2, 2, -1, -2, -2, 1, 2, 2, 2, 
        1, -2, -2, -2, -1, 2, 2, -1, -2, -2, -1, -2, -2, -1, -2, -2, -1, -2, -2,
        -2, -1, -2, -2, -1, -2, -2, -1, -2, -2, -1, -2, -2, -1, -2, -2, -1, -2, 
        -2, -2, 1, -2, -2, -2, -2, -2, 1, 2, -1, -2, -2, -2, -1, -2, -2, -2, -1,
        -2, -2, -1, -2, -2, -1, -2, -2, -1, -2, -2, -1, -2, -2, -1, 2, 1, 2, 2, 
        1, 2, 2, 1, 2, 2, 1, 2, 2, 1, 2, 2, 1, 2, 2, 2, 1, 2, 2, 2, 1, -2, -1, 
        2, 2, 2, 2, 2, -1, 2, 2, 2, 1, 2, 2, 1, 2, 2, 1, 2, 2, 1, 2, 2, 1, 2, 2,
        1, 2, 2, 2, 1, 2, 2, 2, 1, -2, -1, 2, 2, 2, 2, 2, -1, -2, -2, 1, 2, 2, 
        2, 1, -2, -2, -2, -1, 2, 2, -1, -2, -2, -1, -2, -2, -1, -2, -2, -1, -2, 
        -2, -2, -1, -2, -2, -1, -2, -2, -1, -2, -2, -1, -2, -2, -1, -2, -2, -1, 
        -2, -2, -2, 1, -2, -2, -2, -2, -2, 1, 2, -1, -2, -2, -2, -1, -2, -2, -2,
        -1, -2, -2, -1, -2, -2, -1, -2, -2, -1, -2, -2, -1, -2, -2, -1, 2, 1, 2,
        2, 1, 2, 2, 1, 2, 2, 1, 2, 2, 1, 2, 2, 1, 2, 2, 2, 1, 2, 2, 2, 1, -2, 
        -1, 2, 2, 2, 2, 2, -1, 2, 2, 2, 1, 2, 2, 1, 2, 2, 1, 2, 2, 1, 2, 2, 1, 
        2, 2, 1, 2, 2, 2, 1, 2, 2, 2, 1, -2, -1, 2, 2, 2, 2, 2, -1, -2, -2, 1, 
        2, 2, 2, 1, -2, -2, -2, -1, 2, 2, -1, -2, -2, -1, -2, -2, -1, -2, -2, 
        -1, -2, -2, -2, -1, -2, -2, -1, -2, -2, -1, -2, -2, -1, -2, -2, -1, -2, 
        -2, -1, -2, -2, -2, 1, -2, -2, -2, -2, -2, 1, 2, -1, -2, -2, -2, -1, -2,
        -2, -2, -1, -2, -2, -1, -2, -2, -1, -2, -2, -1, -2, -2, -1, -2, -2, -1, 
        2, 1, 2, 2, 1, 2, 2, 1, 2, 2, 1, 2, 2, 1, 2, 2, 1, 2, 2, 2, 1, 2, 2, 2, 
        1, -2, -1, 2, 2, 2, 2, 2, -1, 2, 2, 2, 1, 2, 2, 1, 2, 2, 1, 2, 2, 1, 2, 
        2, 1, 2, 2, 1, 2, 2, 2, 1, 2, 2, 2, 1, -2, -1, 2, 2, 2, 2, 2, -1, -2, 
        -2, 1, 2, 2, 2, 1, -2, -2, -2, -1, 2, 2, -1, -2, -2, -1, -2, -2, -1, -2,
        -2, -1, -2, -2, -2, -1, -2, -2, -1, -2, -2, -1, -2, -2, -1, -2, -2, -1, 
        -2, -2, -1, -2, -2, -2, 1, -2, -2, -2, -2, -2, 1, 2, -1, -2, -2, -2, -1,
        -2, -2, -2, -1, -2, -2, -1, -2, -2, -1, -2, -2, -1, -2, -2, -1, -2, -2, 
        -1, 2, 1, 2, 2, 1, 2, 2, 1, 2, 2, 1, 2, 2, 1, 2, 2, 1, 2, 2, 2, 1, 2, 2,
        2, 1, -2, -1, 2, 2, 2, 2, 2, -1, 2, 2, 2, 1, 2, 2, 1, 2, 2, 1, 2, 2, 1, 
        2, 2, 1, 2, 2, 1, 2, 2, 2, 1, 2, 2, 2, 1, -2, -1, 2, 2, 2, 2, 2, -1, -2,
        -2, 1, 2, 2, 2, 1, -2, -2, -2, -1, 2, 2, -1, -2, -2, -1, -2, -2, -1, -2,
        -2, -1, -2, -2, -2, -1, -2, -2, -1, -2, -2, -1, -2, -2, -1, -2, -2, -1, 
        -2, -2, -1, -2, -2, -2, 1, -2, -2, -2, -2, -2, 1, 2, -1, -2, -2, -2, -1,
        -2, -2, -2, -1, -2, -2, -1, -2, -2, -1, -2, -2, -1, -2, -2, -1, -2, -2, 
        -1, 2, 1, 2, 2, 1, 2, 2, 1, 2, 2, 1, 2, 2, 1, 2, 2, 1, 2, 2, 2, 1, 2, 2,
        2, 1, -2, -1, 2, 2, 2, 2, 2, -1, 2, 2, 2, 1, 2, 2, 1, 2, 2, 1, 2, 2, 1, 
        2, 2, 1, 2, 2, 1, 2, 2, 2, 1, 2, 2, 2, 1, -2, -1, 2, 2, 2, 2, 2, -1, -2,
        -2, 1, 2, 2, 2, 1, -2, -2, -2, -1, 2, 2, -1, -2, -2, -1, -2, -2, -1, -2,
        -2, -1, -2, -2, -2, -1, -2, -2, -1, -2, -2, -1, -2, -2, -1, -2, -2, -1, 
        -2, -2, -1, -2, -2, 1, -2, -2, -2, -2, -2, 1, 2, -1, -2, -2, -2, -1, -2,
        -2, -2, -1, -2, -2, -1, -2, -2, -1, -2, -2, -1, -2, -2, -1, -2, -2, -1, 
        -2, -2, -2, 1, 2, 2, 1, 2, 2, 1, 2, 2, 1, 2, 2, 1, 2, 2, 1, 2, 2, 1, 2, 
        2, 2, 1, 2, 2, 1, 2, 2, 1, 2, 2, 1, -2, -2, 1, 2, 2, 2, -1, -2, -2, -2, 
        -1, 2, 2, 1, -2, -2, -2, -2, -2, 1, 2, -1, -2, -2, -2, -1, -2, -2, -2, 
        -1, -2, -2, -1, -2, -2, -1, -2, -2, -1, -2, -2, -1, -2, -2, -1, -2, -2, 
        -2, 1, -2, -2, -2, -2, -2, 1, 2, -1, -2, -2, -2, -1, -2, -2, -2, -1, -2,
        -2, -1, -2, -2, -1, -2, -2, -1, -2, -2, -1, -2, -2, -1, -2, 1, 2, 2, 1, 
        2, 2, 1, 2, 2, 1, 2, 2, 1, 2, 2, 1, 2, 2, 2, 1, 2, 2, 2, 1, -2, -1, 2, 
        2, 2, 2, 2, -1, 2 ],
        [ IntegerRing() | 1, 1 ],
        [ IntegerRing() | 1, -2, -2, -2, -2, -2, 1, 2, -1, -2, -2, -2, -1, -2, 
        -2, -2, -1, -2, -2, -1, -2, -2, -1, -2, -2, -1, -2, -2, -1, -2, -2, -1, 
        2, 1, 2, 2, 1, 2, 2, 1, 2, 2, 1, 2, 2, 1, 2, 2, 1, 2, 2, 2, 1, 2, 2, 2, 
        1, -2, -1, 2, 2, 2, 2, 2, -1, 2, 2, 2, 1, 2, 2, 1, 2, 2, 1, 2, 2, 1, 2, 
        2, 1, 2, 2, 1, 2, 2, 2, 1, 2, 2, 2, 1, -2, -1, 2, 2, 2, 2, 2, -1, -2, 
        -2, 1, 2, 2, 2, 1, -2, -2, -2, -1, 2, 2, -1, -2, -2, -1, -2, -2, -1, -2,
        -2, -1, -2, -2, -2, -1, -2, -2, -1, -2, -2, -1, -2, -2, -1, -2, -2, -1, 
        -2, -2, -1, -2, -2, -2, 1, -2, -2, -2, -2, -2, 1, 2, -1, -2, -2, -2, -1,
        -2, -2, -2, -1, -2, -2, -1, -2, -2, -1, -2, -2, -1, -2, -2, -1, -2, -2, 
        -1, 2, 1, 2, 2, 1, 2, 2, 1, 2, 2, 1, 2, 2, 1, 2, 2, 1, 2, 2, 2, 1, 2, 2,
        2, 1, -2, -1, 2, 2, 2, 2, 2, -1, 2, 2, 2, 1, 2, 2, 1, 2, 2, 1, 2, 2, 1, 
        2, 2, 1, 2, 2, 1, 2, 2, 2, 1, 2, 2, 2, 1, -2, -1, 2, 2, 2, 2, 2, -1, -2,
        -2, 1, 2, 2, 2, 1, -2, -2, -2, -1, 2, 2, -1, -2, -2, -1, -2, -2, -1, -2,
        -2, -1, -2, -2, -2, -1, -2, -2, -1, -2, -2, -1, -2, -2, -1, -2, -2, -1, 
        -2, -2, -1, -2, -2, -2, 1, -2, -2, -2, -2, -2, 1, 2, -1, -2, -2, -2, -1,
        -2, -2, -2, -1, -2, -2, -1, -2, -2, -1, -2, -2, -1, -2, -2, -1, -2, -2, 
        -1, 2, 1, 2, 2, 1, 2, 2, 1, 2, 2, 1, 2, 2, 1, 2, 2, 1, 2, 2, 2, 1, 2, 2,
        2, 1, -2, -1, 2, 2, 2, 2, 2, -1, 2, 2, 2, 1, 2, 2, 1, 2, 2, 1, 2, 2, 1, 
        2, 2, 1, 2, 2, 1, 2, 2, 2, 1, 2, 2, 2, 1, -2, -1, 2, 2, 2, 2, 2, -1, -2,
        -2, 1, 2, 2, 2, 1, -2, -2, -2, -1, 2, 2, -1, -2, -2, -1, -2, -2, -1, -2,
        -2, -1, -2, -2, -2, -1, -2, -2, -1, -2, -2, -1, -2, -2, -1, -2, -2, -1, 
        -2, -2, -1, -2, -2, -2, 1, -2, -2, -2, -2, -2, 1, 2, -1, -2, -2, -2, -1,
        -2, -2, -2, -1, -2, -2, -1, -2, -2, -1, -2, -2, -1, -2, -2, -1, -2, -2, 
        -1, 2, 1, 2, 2, 1, 2, 2, 1, 2, 2, 1, 2, 2, 1, 2, 2, 1, 2, 2, 2, 1, 2, 2,
        2, 1, -2, -1, 2, 2, 2, 2, 2, -1, 2, 2, 2, 1, 2, 2, 1, 2, 2, 1, 2, 2, 1, 
        2, 2, 1, 2, 2, 1, 2, 2, 2, 1, 2, 2, 2, 1, -2, -1, 2, 2, 2, 2, 2, -1, -2,
        -2, 1, 2, 2, 2, 1, -2, -2, -2, -1, 2, 2, -1, -2, -2, -1, -2, -2, -1, -2,
        -2, -1, -2, -2, -2, -1, -2, -2, -1, -2, -2, -1, -2, -2, -1, -2, -2, -1, 
        -2, -2, -1, -2, -2, -2, 1, -2, -2, -2, -2, -2, 1, 2, -1, -2, -2, -2, -1,
        -2, -2, -2, -1, -2, -2, -1, -2, -2, -1, -2, -2, -1, -2, -2, -1, -2, -2, 
        -1, 2, 1, 2, 2, 1, 2, 2, 1, 2, 2, 1, 2, 2, 1, 2, 2, 1, 2, 2, 2, 1, 2, 2,
        2, 1, -2, -1, 2, 2, 2, 2, 2, -1, 2, 2, 2, 1, 2, 2, 1, 2, 2, 1, 2, 2, 1, 
        2, 2, 1, 2, 2, 1, 2, 2, 2, 1, 2, 2, 2, 1, -2, -1, 2, 2, 2, 2, 2, -1, -2,
        -2, 1, 2, 2, 2, 1, -2, -2, -2, -1, 2, 2, -1, -2, -2, -1, -2, -2, -1, -2,
        -2, -1, -2, -2, -2, -1, -2, -2, -1, -2, -2, -1, -2, -2, -1, -2, -2, -1, 
        -2, -2, -1, -2, -2, -2, -2, 1, -2, -2, -2, -2, -2, 1, 2, -1, -2, -2, -2,
        -1, -2, -2, -2, -1, -2, -2, -1, -2, -2, -1, -2, -2, -1, -2, -2, -1, -2, 
        -2, -1, -2, -2, 1, -2, -2, -2, -2, -2, 1, 2, -1, -1, -1, -2, -1, -2, -2,
        -2, -1, -2, -2, -1, -2, -2, -1, -2, -2, -1, -2, -2, -1, -1, -1, -2, -1, 
        -2, -2, -2, -1, -2, -2, -1, -2, -2, -1, -1, -1, -1, -2, -1, -2, 1, 2, 2,
        1, 2, 2, 1, 2, 2, 1, 2, 2, 1, 2, 2, 1, 2, 2, 2, 1, 2, 2, 2, 1, -2, -1, 
        2, 2, 2, 2, 2, -1, 2, 2, 2, 2, 1, 2, 1, 1, 1, 1, 2, 2, 1, 2, 2, 1, 2, 2,
        2, 1, 2, 1, 1, 1, 2, 2, 1, 2, 2, 1, 2, 2, 1, 2, 2, 1, 2, 2, 2, 1, 2, 1, 
        1, 1, -2, -1, 2, 2, 2, 2, 2, -1, 2, 2, 1, 2, 2, 1, 2, 2, 1, 2, 2, 1, 2, 
        2, 1, 2, 2, 1, 2, 2, 2, 1, 2, 2, 2, 1, -2, -1, 2, 2, 2, 2, 2, -1, 2, 2, 
        1, 2, 2, 2, 2, 2, 1, 2, 2, 1, 2, 2, 1, 2, 2, 1, 2, 2, 1, 2, 2, 1, 2, 2, 
        2, 1, 2, 2, 2, 1, -2, -1, 2, 2, 2, 2, 2, -1, 2, 2, 2, 1, 2, 2, 1, 2, 2, 
        1, 2, 2, 1, 2, 2, 1, 2, 2, 1, 2, 2, 2, 1, 2, 2, 2, 1, -2, -1, 2, 2, 2, 
        2, 2, -1, -2, -2, 1, 2, 2, 2, 1, -2, -2, -2, -1, 2, 2, -1, -2, -2, -1, 
        -2, -2, -1, -2, -2, -1, -2, -2, -2, -1, -2, -2, -1, -2, -2, -1, -2, -2, 
        -1, -2, -2, -1, -2, -2, -1, -2, -2, -2 ]
    ], level := 263, genus := 22, index := 264, contains_minus_one := true, 
    subgroups := [], supergroups := [ IntegerRing() | 1 ], name := "263A22", 
    label := "A", order := 68906, GLZConj := 1, matgens := [ 
        PowerSequence(IntegerRing(263)) |
        [ IntegerRing(263) | 85, 176, 199, 180 ],
        [ IntegerRing(263) | 192, 134, 189, 10 ],
        [ IntegerRing(263) | 262, 0, 0, 262 ]
    ], cusps := [ IntegerRing() | 1, 263 ], c2 := [ IntegerRing() | 2, 2, 2, 2, 
    2, 2, 2, 2, 2, 2, 2, 2, 2, 2, 2, 2, 2, 2, 2, 2, 2, 2, 2, 2, 2, 2, 2, 2, 2, 
    2, 2, 2, 2, 2, 2, 2, 2, 2, 2, 2, 2, 2, 2, 2, 2, 2, 2, 2, 2, 2, 2, 2, 2, 2, 
    2, 2, 2, 2, 2, 2, 2, 2, 2, 2, 2, 2, 2, 2, 2, 2, 2, 2, 2, 2, 2, 2, 2, 2, 2, 
    2, 2, 2, 2, 2, 2, 2, 2, 2, 2, 2, 2, 2, 2, 2, 2, 2, 2, 2, 2, 2, 2, 2, 2, 2, 
    2, 2, 2, 2, 2, 2, 2, 2, 2, 2, 2, 2, 2, 2, 2, 2, 2, 2, 2, 2, 2, 2, 2, 2, 2, 
    2, 2, 2 ], c3 := [ IntegerRing() | 3, 3, 3, 3, 3, 3, 3, 3, 3, 3, 3, 3, 3, 3,
    3, 3, 3, 3, 3, 3, 3, 3, 3, 3, 3, 3, 3, 3, 3, 3, 3, 3, 3, 3, 3, 3, 3, 3, 3, 
    3, 3, 3, 3, 3, 3, 3, 3, 3, 3, 3, 3, 3, 3, 3, 3, 3, 3, 3, 3, 3, 3, 3, 3, 3, 
    3, 3, 3, 3, 3, 3, 3, 3, 3, 3, 3, 3, 3, 3, 3, 3, 3, 3, 3, 3, 3, 3, 3, 3 ], gc
    := [ IntegerRing() | 1, 1, 262 ], special_name := [ Strings() | 
    "\overline\Gamma_0(263)" ], special_name_html := [ Strings() | 
    "&Gamma;<sub>0</sub>(263)" ], direct_subgroups := [], direct_supergroups := 
    [ IntegerRing() | 1 ], length := 264, treename := [ 
        PowerSequence(IntegerRing()) |
        [ IntegerRing() | 526, 2 ]
    ], treesupergroups := [ PowerSequence(IntegerRing()) |
        [ IntegerRing() | 0 ]
    ]>
]
;

