// list of all congruence groups with genus  22
// with  272 <= level < 280
//
// by c cummins and s pauli
// load "csg22-lev264.dat";
import "csg22-lev264.dat" : L22_264;
L22_272 := L22_264 cat 
[ PowerStructure(Rec) |
    rec<recformat<generators: SeqEnum, level: IntegerRing(), genus: 
    IntegerRing(), index: IntegerRing(), contains_minus_one: BoolElt, subgroups:
    SeqEnum, supergroups: SeqEnum, name: MonStgElt, label: MonStgElt, order: 
    IntegerRing(), GLZConj: IntegerRing(), matgens: SeqEnum, cusps: SeqEnum, c2:
    SeqEnum, c3: SeqEnum, gc: SeqEnum, projections: SeqEnum, special_name: 
    SeqEnum, special_name_html: SeqEnum, direct_subgroups: SeqEnum, 
    direct_supergroups: SeqEnum, length: IntegerRing(), treename: SeqEnum, 
    treesupergroups: SeqEnum> | generators := [ PowerSequence(IntegerRing()) |
        [ IntegerRing() | 2, 2, 2, 1, 2, 2, 1, 2, 1, 2, 1, 2, 1, 2, 2, 2, 1, 2, 
        2, 1, 2, 1, 2, 1, 1, 2, 1, 1, 1, 2, 1, 2, 1, 1, 2, 2, 2, 1, 2, 2, 1, 2, 
        1, 2, 1, 1, 2, 1, 2, 2, 1, 2, 2, 2, 1, 2, 2, 1, 2, 1, 2, 2, 2, 1, 2, 2, 
        1, 2, 1, 2, 1, 1, 2, 1, 2, 2, 1, 1, 2, 1, 1, 1, 1, 1, 2, 1, 2, 1, 1, 1, 
        1, 2, 1, 1, 1, 1, -2, -2, -2, -2, -2, -1, -2, -2, -2, -2, -2, -2, -2, 
        -2, 1, 2, 2, 2, 1, 2, 2, 1, 2, 1, 2, 1, 2, 1, 2, 2, 2, 1, 2, 2, 1, 2, 1,
        2, 1, 1, 2, 1, 2, 2, 2, 1, 2, 2, 2, 1, 2, 2, 1, 2, 1, 2, 2, 2, 1, 2, 2, 
        1, 2, 1, 2, 1, 1, 2, 1, 2, 2, 2, 1, 2, 2, 1, 2, 1, 2, 1, 2, 1, 2, 2, 2, 
        1, 2, 2, 1, 2, 1, 2, 1, 1, 2, 1, 1, 1, 2, 1, 2, 1, 2, 1, 1, 2, 1, 1, 1, 
        1, 1, 2, 1, 2, 1, 1, 2, 2, 2, 2, 2, 2, 2, 2, 2, 1, 2, 2, 2, 2, 2, -1, 
        -1, -1, -1, -2, -1, -1, -1, -1, -2, -1, -2, -1, -1, -1, -1, -1, -2, -1, 
        -1, -2, -2, -1, -2, -1, -1, -2, -1, -2, -1, -2, -2, -1, -2, -2, -2, -1, 
        -2, -1, -2, -2, -1, -2, -2, -2, -1, -2, -2, -1, -2, -1, -1, -2, -1, -2, 
        -1, -2, -2, -1, -2, -2, -2, -1, -1, -2, -1, -2, -1, -1, -1, -2, -1, -1, 
        -2, -1, -2, -1, -2, -2, -1, -2, -2, -2, -1, -2, -1, -2, -1, -2, -1, -2, 
        -2, -1, -2, -2, -1, -2, -1, 2, 2, 2, 2, -1, 2, 2, 2, 2, 1, 2, 2, 1, 2, 
        1, 2, 1, 2, 1, 2, 2, 2, 1, 2, 2, 1, 2, 1, 2, 1, 1, 2, 1, 1, 1, 2, 1, 2, 
        1, 1, 2, 2, 2, 1, 2, 2, 1, 2, 1, 2, 1, 1, 2, 1, 2, 2, 1, 2, 2, 2, 1, 2, 
        2, 1, 2, 1, 2, 2, 2, 1, 2, 2, 1, 2, 1, 2, 1, 1, 2, 1, 2, 2, 1, 1, 2, 1, 
        1, 1, 1, 1, 2, 1, 2, 1, 1, 1, 1, 2, 1, 1, 1, 1, -2, -2, -2, -2, -2, -1, 
        -2, -2, -2, -2, -2, -2, -2, -2, -2, -2, -2, 1, 2, 2, 2, 1, 2, 2, 1, 2, 
        1, 2, 1, 2, 1, 2, 2, 2, 1, 2, 2, 1, 2, 1, 2, 1, 1, 2, 1, 2, 2, 2, 1, 2, 
        2, 2, 1, 2, 2, 1, 2, 1, 2, 2, 2, 1, 2, 2, 1, 2, 1, 2, 1, 1, 2, 1, 2, 2, 
        2, 1, 2, 2, 1, 2, 1, 2, 1, 2, 1, 2, 2, 2, 1, 2, 2, 1, 2, 1, 2, 1, 1, 2, 
        1, 1, 1, 2, 1, 2, 1, 2, 1, 1, 2, 1, 1, 1, 1, 1, 2, 1, 2, 1, 1, 2, 2, 2, 
        2, 2, 2, 2, 2, 2, 1, 2, 2, 2, 2, 2, -1, -1, -1, -1, -2, -1, -1, -1, -1, 
        -2, -1, -2, -1, -1, -1, -1, -1, -2, -1, -1, -2, -2, -1, -2, -1, -1, -2, 
        -1, -2, -1, -2, -2, -1, -2, -2, -2, -1, -2, -1, -2, -2, -1, -2, -2, -2, 
        -1, -2, -2, -1, -2, -1, -1, -2, -1, -2, -1, -2, -2, -1, -2, -2, -2, -1, 
        -1, -2, -1, -2, -1, -1, -1, -2, -1, -1, -2, -1, -2, -1, -2, -2, -1, -2, 
        -2, -2, -1, -2, -1, -2, -1, -2, -1, -2, -2, -1, -2, -2, -1, -2, -1, 2, 
        2, 2, 2, -1, 2, 2, 2, 2, 1, 2, 2, 1, 2, 1, 2, 1, 2, 1, 2, 2, 2, 1, 2, 2,
        1, 2, 1, 2, 1, 1, 2, 1, 1, 1, 2, 1, 2, 1, 1, 2, 2, 2, 1, 2, 2, 1, 2, 1, 
        2, 1, 1, 2, 1, 2, 2, 1, 2, 2, 2, 1, 2, 2, 1, 2, 1, 2, 2, 2, 1, 2, 2, 1, 
        2, 1, 2, 1, 1, 2, 1, 2, 2, 1, 1, 2, 1, 1, 1, 1, 1, 2, 1, 2, 1, 1, 1, 1, 
        2, 1, 1, 1, 1, -2, -2, -2, -2, -2, -1, -2, -2, -2, -2, -2, -2, -2, -2, 
        -2, -2, 1, 2, 2, 2, 1, 2, 2, 1, 2, 1, 2, 1, 2, 1, 2, 2, 2, 1, 2, 2, 1, 
        2, 1, 2, 1, 1, 2, 1, 2, 2, 2, 1, 2, 2, 2, 1, 2, 2, 1, 2, 1, 2, 2, 2, 1, 
        2, 2, 1, 2, 1, 2, 1, 1, 2, 1, 2, 2, 2, 1, 2, 2, 1, 2, 1, 2, 1, 2, 1, 2, 
        2, 2, 1, 2, 2, 1, 2, 1, 2, 1, 1, 2, 1, 1, 1, 2, 1, 2, 1, 2, 1, 1, 2, 1, 
        1, 1, 1, 1, 2, 1, 2, 1, 1, 2, 2, 2, 2, 2, 2, 2, 2, 2, 1, 2, 2, 2, 2, 2, 
        -1, -1, -1, -1, -2, -1, -1, -1, -1, -2, -1, -2, -1, -1, -1, -1, -1, -2, 
        -1, -1, -2, -2, -1, -2, -1, -1, -2, -1, -2, -1, -2, -2, -1, -2, -2, -2, 
        -1, -2, -1, -2, -2, -1, -2, -2, -2, -1, -2, -2, -1, -2, -1, -1, -2, -1, 
        -2, -1, -2, -2, -1, -2, -2, -2, -1, -1, -2, -1, -2, -1, -1, -1, -2, -1, 
        -1, -2, -1, -2, -1, -2, -2, -1, -2, -2, -2, -1, -2, -1, -2, -1, -2, -1, 
        -2, -2, -1, -2, -2, -1, -2, -1, 2, 2, 2, 2, -1, 2, 2, 2, 2, 1, 2, 2, 1, 
        2, 1, 2, 1, 2, 1, 2, 2, 2, 1, 2, 2, 1, 2, 1, 2, 1, 1, 2, 1, 1, 1, 2, 1, 
        2, 1, 1, 2, 2, 2, 1, 2, 2, 1, 2, 1, 2, 1, 1, 2, 1, 2, 2, 1, 2, 2, 2, 1, 
        2, 2, 1, 2, 1, 2, 2, 2, 1, 2, 2, 1, 2, 1, 2, 1, 1, 2, 1, 2, 2, 1, 1, 2, 
        1, 1, 1, 1, 1, 2, 1, 2, 1, 1, 1, 1, 2, 1, 1, 1, 1, -2, -2, -2, -2, -2, 
        -1, -2, -2, -2, -2, -2, -2, -2, -2, -2, -2, -2, 1, 2, 2, 2, 1, 2, 2, 1, 
        2, 1, 2, 1, 2, 1, 2, 2, 2, 1, 2, 2, 1, 2, 1, 2, 1, 1, 2, 1, 2, 2, 2, 1, 
        2, 2, 2, 1, 2, 2, 1, 2, 1, 2, 2, 2, 1, 2, 2, 1, 2, 1, 2, 1, 1, 2, 1, 2, 
        2, 2, 1, 2, 2, 1, 2, 1, 2, 1, 2, 1, 2, 2, 2, 1, 2, 2, 1, 2, 1, 2, 1, 1, 
        2, 1, 1, 1, 2, 1, 2, 1, 2, 1, 1, 2, 1, 1, 1, 1, 1, 2, 1, 2, 1, 1, 2, 2, 
        2, 2, 2, 2, 2, 2, 2, 1, 2, 2, 2, 2, 2, -1, -1, -1, -1, -2, -1, -1, -1, 
        -1, -2, -1, -2, -1, -1, -1, -1, -1, -2, -1, -1, -2, -2, -1, -2, -1, -1, 
        -2, -1, -2, -1, -2, -2, -1, -2, -2, -2, -1, -2, -1, -2, -2, -1, -2, -2, 
        -2, -1, -2, -2, -1, -2, -1, -1, -2, -1, -2, -1, -2, -2, -1, -2, -2, -2, 
        -1, -1, -2, -1, -2, -1, -1, -1, -2, -1, -1, -2, -1, -2, -1, -2, -2, -1, 
        -2, -2, -2, -1, -2, -1, -2, -1, -2, -1, -2, -2, -1, -2, -2, -1, -2, -1, 
        2, 2, 2, 2, -1, 2, 2, 2, 2, 1, 2, 2, 1, 2, 1, 2, 1, 2, 1, 2, 2, 2, 1, 2,
        2, 1, 2, 1, 2, 1, 1, 2, 1, 1, 1, 2, 1, 2, 1, 1, 2, 2, 2, 1, 2, 2, 1, 2, 
        1, 2, 1, 1, 2, 1, 2, 2, 1, 2, 2, 2, 1, 2, 2, 1, 2, 1, 2, 2, 2, 1, 2, 2, 
        1, 2, 1, 2, 1, 1, 2, 1, 2, 2, 1, 1, 2, 1, 1, 1, 1, 1, 2, 1, 2, 1, 1, 1, 
        1, 2, 1, 1, 1, 1, -2, -2, -2, -2, -2, -1, -2, -2, -2, -2, -2, -2, -2, 
        -2, -2, -2, -2, -2, -2, 1, 2, 2, 1, 2, 2, 2, 1, 2, 2, 1, 2, 1, 2, 1, 2, 
        1, 2, 2, 2, 1, 2, 2, 1, 2, 1, 2, 1, 1, 2, 1, 1, 1, 2, 1, 2, 1, 1, 2, 2, 
        2, 1, 2, 2, 1, 2, 1, 2, 1, 1, 2, 1, 2, 2, 1, 2, 2, 2, 1, 2, 2, 1, 2, 1, 
        2, 2, 2, 1, 2, 2, 1, 2, 1, 2, 1, 1, 2, 1, 2, 2, 1, 1, 2, 1, 1, 1, 1, 1, 
        2, 1, 2, 1, 1, 1, 1, 2, 1, 1, 1, 1, -2, -2, -2, -2, -2, -1, -2, -2, -2, 
        -2, -2, -2, 1, 2, 2, 1, 2, 1, 2, 1, 2, 1, 2, 2, 2, 1, 2, 2, 1, 2, 1, 2, 
        1, 1, 2, 1, 1, 1, 2, 1, 2, 1, 1, 2, 2, 2, 1, 2, 2, 1, 2, 1, 2, 1, 1, 2, 
        1, 2, 2, 1, 2, 2, 2, 1, 2, 2, 1, 2, 1, 2, 2, 2, 1, 2, 2, 1, 2, 1, 2, 1, 
        1, 2, 1, 2, 2, 1, 1, 2, 1, 1, 1, 1, 1, 2, 1, 2, 1, 1, 1, 1, 2, 1, 1, 1, 
        1, -2, -2, -2, -2, -2, -1, -2, -2, -2, -2, -2, -2, -2, -2, -2 ],
        [ IntegerRing() | 1, 1 ],
        [ IntegerRing() | 2, 1, 2, 2, 2, 1, 2, 2, 1, 2, 1, 2, 1, 2, 1, 2, 2, 2, 
        1, 2, 2, 1, 2, 1, 2, 1, 1, 2, 1, 2, 2, 2, 1, 2, 2, 2, 1, 2, 2, 1, 2, 1, 
        2, 2, 2, 1, 2, 2, 1, 2, 1, 2, 1, 1, 2, 1, 2, 2, 2, 1, 2, 2, 1, 2, 1, 2, 
        1, 2, 1, 2, 2, 2, 1, 2, 2, 1, 2, 1, 2, 1, 1, 2, 1, 1, 1, 2, 1, 2, 1, 2, 
        1, 1, 2, 1, 1, 1, 1, 1, 2, 1, 2, 1, 1, 2, 2, 2, 2, 2, 2, 2, 2, 2, 1, 2, 
        2, 2, 2, 2, -1, -1, -1, -1, -2, -1, -1, -1, -1, -2, -1, -2, -1, -1, -1, 
        -1, -1, -2, -1, -1, -2, -2, -1, -2, -1, -1, -2, -1, -2, -1, -2, -2, -1, 
        -2, -2, -2, -1, -2, -1, -2, -2, -1, -2, -2, -2, -1, -2, -2, -1, -2, -1, 
        -1, -2, -1, -2, -1, -2, -2, -1, -2, -2, -2, -1, -1, -2, -1, -2, -1, -1, 
        -1, -2, -1, -1, -2, -1, -2, -1, -2, -2, -1, -2, -2, -2, -1, -2, -1, -2, 
        -1, -2, -1, -2, -2, -1, -2, -2, -1, -2, -1, 2, 2, 2, 2, -1, 2, 2, 2, 2, 
        1, 2, 2, 1, 2, 1, 2, 1, 2, 1, 2, 2, 2, 1, 2, 2, 1, 2, 1, 2, 1, 1, 2, 1, 
        1, 1, 2, 1, 2, 1, 1, 2, 2, 2, 1, 2, 2, 1, 2, 1, 2, 1, 1, 2, 1, 2, 2, 1, 
        2, 2, 2, 1, 2, 2, 1, 2, 1, 2, 2, 2, 1, 2, 2, 1, 2, 1, 2, 1, 1, 2, 1, 2, 
        2, 1, 1, 2, 1, 1, 1, 1, 1, 2, 1, 2, 1, 1, 1, 1, 2, 1, 1, 1, 1, -2, -2, 
        -2, -2, -2, -1, -2, -2, -2, 1, 2, 2, 2, 2, 2, -1, -1, -1, -1, -2, -1, 
        -1, -1, -1, -2, -1, -2, -1, -1, -1, -1, -1, -2, -1, -1, -2, -2, -1, -2, 
        -1, -1, -2, -1, -2, -1, -2, -2, -1, -2, -2, -2, -1, -2, -1, -2, -2, -1, 
        -2, -2, -2, -1, -2, -2, -1, -2, -1, -1, -2, -1, -2, -1, -2, -2, -1, -2, 
        -2, -2, -1, -1, -2, -1, -2, -1, -1, -1, -2, -1, -1, -2, -1, -2, -1, -2, 
        -2, -1, -2, -2, -2, -1, -2, -1, -2, -1, -2, -1, -2, -2, -1, 2, 2, 2, 2, 
        2, 2, 1, 2, 2, 2, 2, 2, -1, -1, -1, -1, -2, -1, -1, -1, -1, -2, -1, -2, 
        -1, -1, -1, -1, -1, -2, -1, -1, -2, -2, -1, -2, -1, -1, -2, -1, -2, -1, 
        -2, -2, -1, -2, -2, -2, -1, -2, -1, -2, -2, -1, -2, -2, -2, -1, -2, -2, 
        -1, -2, -1, -1, -2, -1, -2, -1, -2, -2, -1, -2, -2, -2, -1, -1, -2, -1, 
        -2, -1, -1, -1, -2, -1, -1, -2, -1, -2, -1, -2, -2, -1, -2, -2, -2, -1, 
        -2, -1, -2, -1, -2, -1, -2, -2, -1, 2, 2, 2, 2, 2, 2, 1, 2, 2, 2, 2, 2, 
        -1, -1, -1, -1, -2, -1, -1, -1, -1, -2, -1, -2, -1, -1, -1, -1, -1, -2, 
        -1, -1, -2, -2, -1, -2, -1, -1, -2, -1, -2, -1, -2, -2, -1, -2, -2, -2, 
        -1, -2, -1, -2, -2, -1, -2, -2, -2, -1, -2, -2, -1, -2, -1, -1, -2, -1, 
        -2, -1, -2, -2, -1, -2, -2, -2, -1, -1, -2, -1, -2, -1, -1, -1, -2, -1, 
        -1, -2, -1, -2, -1, -2, -2, -1, -2, -2, -2, -1, -2, -1, -2, -1, -2, -1, 
        -2, -2, -1, 2, 2, 2, 2, 2, 2, 1, 2, 2, 2, 2, 2, -1, -1, -1, -1, -2, -1, 
        -1, -1, -1, -2, -1, -2, -1, -1, -1, -1, -1, -2, -1, -1, -2, -2, -1, -2, 
        -1, -1, -2, -1, -2, -1, -2, -2, -1, -2, -2, -2, -1, -2, -1, -2, -2, -1, 
        -2, -2, -2, -1, -2, -2, -1, -2, -1, -1, -2, -1, -2, -1, -2, -2, -1, -2, 
        -2, -2, -1, -1, -2, -1, -2, -1, -1, -1, -2, -1, -1, -2, -1, -2, -1, -2, 
        -2, -1, -2, -2, -2, -1, -2, -1, -2, -1, -2, -1, -2, -2, -1, 2, 2, 1, 2, 
        2, 1, 2, 1, 2, 1, 2, 1, 2, 2, 2, 1, 2, 2, 1, 2, 1, 2, 1, 1, 2, 1, 1, 1, 
        2, 1, 2, 1, 1, 2, 2, 2, 1, 2, 2, 1, 2, 1, 2, 1, 1, 2, 1, 2, 2, 1, 2, 2, 
        2, 1, 2, 2, 1, 2, 1, 2, 2, 2, 1, 2, 2, 1, 2, 1, 2, 1, 1, 2, 1, 2, 2, 1, 
        1, 2, 1, 1, 1, 1, 1, 2, 1, 2, 1, 1, 1, 1, 2, 1, 1, 1, 1, -2, -2, -2, -2,
        -2, -1, -2, -2, -2, -2, -2, -2, 1, 2, 2, 1, 2, 1, 2, 1, 2, 1, 2, 2, 2, 
        1, 2, 2, 1, 2, 1, 2, 1, 1, 2, 1, 1, 1, 2, 1, 2, 1, 1, 2, 2, 2, 1, 2, 2, 
        1, 2, 1, 2, 1, 1, 2, 1, 2, 2, 1, 2, 2, 2, 1, 2, 2, 1, 2, 1, 2, 2, 2, 1, 
        2, 2, 1, 2, 1, 2, 1, 1, 2, 1, 2, 2, 1, 1, 2, 1, 1, 1, 1, 1, 2, 1, 2, 1, 
        1, 1, 1, 2, 1, 1, 1, 1, -2, -2, -2, -2, -2, -1, -2, -2, -2, -2, -2, -2, 
        1, 2, 2, 1, 2, 1, 2, 1, 2, 1, 2, 2, 2, 1, 2, 2, 1, 2, 1, 2, 1, 1, 2, 1, 
        1, 1, 2, 1, 2, 1, 1, 2, 2, 2, 1, 2, 2, 1, 2, 1, 2, 1, 1, 2, 1, 2, 2, 1, 
        2, 2, 2, 1, 2, 2, 1, 2, 1, 2, 2, 2, 1, 2, 2, 1, 2, 1, 2, 1, 1, 2, 1, 2, 
        2, 1, 1, 2, 1, 1, 1, 1, 1, 2, 1, 2, 1, 1, 1, 1, 2, 1, 1, 1, 1, -2, -2, 
        -2, -2, -2, -1, -2, -2, -2, -2, -2, -2, -2, -2, -2, 1, 2, 2, 2, 2, 2, 2,
        2, 2, 1, 2, 2, 2, 2, 2, -1, -1, -1, -1, -2, -1, -1, -1, -1, -2, -1, -2, 
        -1, -1, -1, -1, -1, -2, -1, -1, -2, -2, -1, -2, -1, -1, -2, -1, -2, -1, 
        -2, -2, -1, -2, -2, -2, -1, -2, -1, -2, -2, -1, -2, -2, -2, -1, -2, -2, 
        -1, -2, -1, -1, -2, -1, -2, -1, -2, -2, -1, -2, -2, -2, -1, -1, -2, -1, 
        -2, -1, -1, -1, -2, -1, -1, -2, -1, -2, -1, -2, -2, -1, -2, -2, -2, -1, 
        -2, -1, -2, -1, -2, -1, -2, -2, -1, 2, 2, 2, 2, 2, 2, 2, 2, 2, 1, 2, 2, 
        2, 2, 2, -1, -1, -1, -1, -2, -1, -1, -1, -1, -2, -1, -2, -1, -1, -1, -1,
        -1, -2, -1, -1, -2, -2, -1, -2, -1, -1, -2, -1, -2, -1, -2, -2, -1, -2, 
        -2, -2, -1, -2, -1, -2, -2, -1, -2, -2, -2, -1, -2, -2, -1, -2, -1, -1, 
        -2, -1, -2, -1, -2, -2, -1, -2, -2, -2, -1, -1, -2, -1, -2, -1, -1, -1, 
        -2, -1, -1, -2, -1, -2, -1, -2, -2, -1, -2, -2, -2, -1, -2, -1, -2, -1, 
        -2, -1, -2, -2, -1, -2, -2, -2, -2, 1, -2, -2, -2, -2, 1, 2, 1, 2, 2, 1,
        2, 2, 1, 2, 1, 2, 1, 2, 1, 2, 2, 2, 1, 2, 2, 1, 2, 1, 2, 1, 1, 2, 1, 1, 
        1, 2, 1, 2, 1, 1, 2, 2, 2, 1, 2, 2, 1, 2, 1, 2, 1, 1, 2, 1, 2, 2, 1, 2, 
        2, 2, 1, 2, 2, 1, 2, 1, 2, 2, 2, 1, 2, 2, 1, 2, 1, 2, 1, 1, 2, 1, 2, 2, 
        1, 1, 2, 1, 1, 1, 1, 1, 2, 1, 2, 1, 1, 1, 1, 2, 1, 1, 1, 1, -2, -2, -2, 
        -2, -2, -1, -2, -2, -2, -2, -2, -2, -2, -2, -2, -1, -1, -2, -1, -2, -1, 
        -1, -1, -1, -1, -2, -1, -1, -2, -1, -2, -1, -2, -1, -1, -1, -2, -1, -1, 
        -2, -1, -2, -1, -2, -2, -1, -2, -2, -2, -1, -2, -1, -2, -1, -2, -1, -2, 
        -2, -1, -2, -2, -2, -1, -2, -1, -1, -2, -1, -2, -1, -2, -2, -1, -2, -2, 
        -2, -1, -2, -1, -2, -2, -1, -2, -2, -2, -1, -2, -2, -2, -1, -2, -1, -1, 
        -2, -1, -2, -1, -2, -2, -1, -2, -2, -2, -1, -2, -1, -2, -1, -2, -1, -2, 
        -2, -1, -2, -2, -2, -1, -2 ]
    ], level := 277, genus := 22, index := 278, contains_minus_one := true, 
    subgroups := [], supergroups := [ IntegerRing() | 1 ], name := "277A22", 
    label := "A", order := 76452, GLZConj := 1, matgens := [ 
        PowerSequence(IntegerRing(277)) |
        [ IntegerRing(277) | 24, 144, 176, 75 ],
        [ IntegerRing(277) | 245, 161, 25, 30 ],
        [ IntegerRing(277) | 276, 0, 0, 276 ]
    ], cusps := [ IntegerRing() | 1, 277 ], c2 := [ IntegerRing() | 1, 1, 2, 2, 
    2, 2, 2, 2, 2, 2, 2, 2, 2, 2, 2, 2, 2, 2, 2, 2, 2, 2, 2, 2, 2, 2, 2, 2, 2, 
    2, 2, 2, 2, 2, 2, 2, 2, 2, 2, 2, 2, 2, 2, 2, 2, 2, 2, 2, 2, 2, 2, 2, 2, 2, 
    2, 2, 2, 2, 2, 2, 2, 2, 2, 2, 2, 2, 2, 2, 2, 2, 2, 2, 2, 2, 2, 2, 2, 2, 2, 
    2, 2, 2, 2, 2, 2, 2, 2, 2, 2, 2, 2, 2, 2, 2, 2, 2, 2, 2, 2, 2, 2, 2, 2, 2, 
    2, 2, 2, 2, 2, 2, 2, 2, 2, 2, 2, 2, 2, 2, 2, 2, 2, 2, 2, 2, 2, 2, 2, 2, 2, 
    2, 2, 2, 2, 2, 2, 2, 2, 2, 2, 2 ], c3 := [ IntegerRing() | 1, 1, 3, 3, 3, 3,
    3, 3, 3, 3, 3, 3, 3, 3, 3, 3, 3, 3, 3, 3, 3, 3, 3, 3, 3, 3, 3, 3, 3, 3, 3, 
    3, 3, 3, 3, 3, 3, 3, 3, 3, 3, 3, 3, 3, 3, 3, 3, 3, 3, 3, 3, 3, 3, 3, 3, 3, 
    3, 3, 3, 3, 3, 3, 3, 3, 3, 3, 3, 3, 3, 3, 3, 3, 3, 3, 3, 3, 3, 3, 3, 3, 3, 
    3, 3, 3, 3, 3, 3, 3, 3, 3, 3, 3, 3, 3 ], gc := [ IntegerRing() | 1, 1, 276 
    ], special_name := [ Strings() | "\overline\Gamma_0(277)" ], 
    special_name_html := [ Strings() | "&Gamma;<sub>0</sub>(277)" ], 
    direct_subgroups := [], direct_supergroups := [ IntegerRing() | 1 ], length 
    := 278, treename := [ PowerSequence(IntegerRing()) |
        [ IntegerRing() | 554, 4 ]
    ], treesupergroups := [ PowerSequence(IntegerRing()) |
        [ IntegerRing() | 0 ]
    ]>,
    rec<recformat<generators: SeqEnum, level: IntegerRing(), genus: 
    IntegerRing(), index: IntegerRing(), contains_minus_one: BoolElt, subgroups:
    SeqEnum, supergroups: SeqEnum, name: MonStgElt, label: MonStgElt, order: 
    IntegerRing(), GLZConj: IntegerRing(), matgens: SeqEnum, cusps: SeqEnum, c2:
    SeqEnum, c3: SeqEnum, gc: SeqEnum, projections: SeqEnum, special_name: 
    SeqEnum, special_name_html: SeqEnum, direct_subgroups: SeqEnum, 
    direct_supergroups: SeqEnum, length: IntegerRing(), treename: SeqEnum, 
    treesupergroups: SeqEnum> | generators := [ PowerSequence(IntegerRing()) |
        [ IntegerRing() | 2, 2, 2, 1, 1, 2, 2, 2, 2, 1, 2, 2, 1, 2, 1, 1, 2, 2, 
        1, 1, 2, 2, 1, 2, 2, 2, 1, 2, 2, 2, 1, 1, 2, 2, 2, 2, 2, 1, 2, 2, 2, 1, 
        1, 2, 2, 1, 2, 2, 2, 1, 2, 2, 2, 1, 1, 2, 2, 2, 2, 2, 1, 2, 1, 2, 2, 1, 
        1, 2, 2, 1, 2, 2, 2, 1, 2, 2, 2, 1, 1, 2, 2, 2, 2, 2, 1, 2, -1, -2, -1, 
        -2, -2, -2, -2, -2, -1, -1, -2, -2, -2, -1, -2, -2, -2, -1, -2, -2, -1, 
        -1, -2, -2, -1, -2, -1, -2, -2, -2, -2, -2, -1, -1, -2, -2, -2, -1, -2, 
        -2, -2, -1, -2, -2, -1, -1, -2, -2, -1, -1, -2, -1, -2, -2, -2, -2, -2, 
        -1, -1, -2, -2, -2, -1, -2, -2, -2, -1, -2, -2, -1, -1, -2, -2, -1, -2, 
        -1, -2, -2, -2, -2, -2, -1, -1, -2, -2, -2, -1, -2, -2, -2, -1, -2, -2, 
        -1, -1, -2, -2, -1, -1, -2, -1, -2, -2, -2, -2, -2, -1, -1, -2, -2, -2, 
        -1, -2, -2, -2, -1, -2, -2, -1, -1, -2, -2, -2, -2, 1, 2, 2, 1, 1, 2, 2,
        1, 2, 2, 2, 1, 2, 2, 2, 1, 1, 2, 2, 2, 2, 2, 1, 2, 1, 2, 2, 1, 1, 2, 2, 
        1, 2, 2, 2, 1, 2, 2, 2, 1, 1, 2, 2, 2, 2, 2, 1, 2, 1, 2, 2, 1, 1, 2, 2, 
        1, 2, 2, 2, 1, 2, 2, 2, 1, 1, 2, 2, 2, 2, 2, 1, 2, 1, 2, 2, 1, 1, 2, 2, 
        1, 2, 2, 2, 1, 2, 2, 2, 1, 1, 2, 2, 2, 2, 2, 1, 2, 1, 2, 2, 1, 1, 2, 2, 
        1, 2, 2, 2, 1, 2, 2, 2, 1, 1, 2, 2, 2, 2, 2, 1, 2, 1, 1, 2, 2, 1, 1, 2, 
        2, 1, 2, 2, 2, 1, 2, 2, 2, 1, 1, 2, 2, 2, 2, 2, 1, 2, 1, 2, 2, 1, 1, 2, 
        2, 1, 2, 2, 2, 1, 2, 2, 2, 1, 1, 2, 2, 2, 2, 2, 1, 2, 1, 1, 2, 2, 1, 1, 
        2, 2, 1, 2, 2, 2, 1, 2, 2, 2, 1, 1, 2, 2, 2, 2, 2, 1, 2 ],
        [ IntegerRing() | 1, 2, 2, 2, 2, 2, 2, 2, 2, 2, 2, 2, 2, 2, 2, 2, 2, 2, 
        2, 2, 2, 2, 2, 2, 2, -1, 2, 2, 1, 1, 2, 2, 2, -1, -2, -2, -2, -2, -2, 
        -1, -1, -2, -2, -2, -1, -2, -2, -2, -1, -2, -2, -1, -1, -2, -2, -1, -2, 
        -1, -2, -2, -2, -2, -2, -1, -1, -2, -2, -2, -1, -2, -2, -2, -1, -2, -2, 
        -1, -1, -2, -2, -1, 2, 2, 1, 1, 2, 2, 1, 2, 2, 2, 1, 2, 2, 2, 1, 1, 2, 
        2, 2, 2, 2, 1, 2, 2, 2, 1, 1, 2, 2, 1, 2, 2, 2, 1, 2, 2, 2, 1, 1, 2, 2, 
        2, 2, 2, 1, 2, -1, -2, -1, -2, -2, -2, -2, -2, -1, -1, -2, -2, -2, -1, 
        -2, -2, -2, -1, -2, -2, -1, -1, -2, -2, -1, 2, 2, 1, 1, 2, 2, 1, 2, 2, 
        2, 1, 2, 2, 2, 1, 1, 2, 2, 2, 2, 2, 1, 2, 1, 2, 2, 1, 1, 2, 2, 1, 2, 2, 
        2, 1, 2, 2, 2, 1, 1, 2, 2, 2, 2, 2, 1, 2, -1, -2, -1, -2, -2, -2, -2, 
        -2, -1, -1, -2, -2, -2, -1, -2, -2, -2, -1, -2, -2, -1, -1, -2, -2, 1, 
        2, 2, 1, 1, 2, 2, 1, 2, 2, 2, 1, 2, 2, 2, 1, 1, 2, 2, 2, 2, 2, 1, 2, 1, 
        -2, -1, -2, -2, -2, -2, -2, -1, -1, -2, -2, -2, -1, -2, -2, -2, -1, -2, 
        -2, -1, -1, -2, -2, 1, 2, 2, 1, 1, 2, 2, 1, 2, 2, 2, 1, 2, 2, 2, 1, 1, 
        2, 2, 2, 2, 2, 1, 2, 1, -2, -1, -2, -2, -2, -2, -2, -1, -1, -2, -2, -2, 
        -1, -2, -2, -2, -1, -2, -2, -1, -1, -2, -2, -1, -2, -1, -2, -2, -2, -2, 
        -2, -1, -1, -2, -2, -2, -1, -2, -2, -2, -1, -2, -2, -1, -1, -2, -2, -1, 
        -2, -1, -2, -2, -2, -2, -2, -1, -1, -2, -2, -2, -1, -2, -2, -2, -1, -2, 
        -2, -1, -1, -2, -2, -2, -1, -2, -2, -2, -2, -2, -1, -1, -2, -2, -2, -1, 
        -2, -2, -2, -1, -2, -2, -1, -1, -2, -2, -1, -2, -1, -2, -2, -2, -2, -2, 
        -1, -1, -2, -2, -2, -1, -2, -2, -2, -1, -2, -2, -1, -1, -2, -2, -1 ],
        [ IntegerRing() | 1, -2, -2, -2, -2, -2, -2, -2, -2, -2, -2, -2, -2, -2,
        -2, -2, -2, -2, -2, -2, -2, -2, -2, -2, -2, -2, -2, -2, -2, -2, -2, -2, 
        -2, -2, -2, -2, -2, -2, -2, -2, -2, -2, -2, -2, -2, -2, -2, -2, -2, -2, 
        -2, -2, -2, -2, -2, -2, -2, -2, -2, -1, -2, -1, -2, -2, -2, -2, -2, -1, 
        -1, -2, -2, -2, -1, -2, -2, -2, -1, -2, -2, -1, -1, -2, -2, 1, 2, 2, 1, 
        1, 2, 2, 1, 2, 2, 2, 1, 2, 2, 2, 1, 1, 2, 2, 2, 2, 2, 1, 2, 1, 2, 2, 1, 
        1, 2, 2, 1, 2, 2, 2, 1, 2, 2, 2, 1, 1, 2, 2, 2, 2, 2, 1, 2, 1, -2, -1, 
        -2, -2, -2, -2, -2, -1, -1, -2, -2, -2, -1, -2, -2, -2, -1, -2, -2, -1, 
        -1, -2, -2, -1, -2, -1, -2, -2, -2, -2, -2, -1, -1, -2, -2, -2, -1, -2, 
        -2, -2, -1, -2, -2, -1, -1, -2, -2, -2, -1, -2, -2, -2, -2, -2, -1, -1, 
        -2, -2, -2, -1, -2, -2, -2, -1, -2, -2, -1, -1, -2, -2, -1, -2, -1, -2, 
        -2, -2, -2, -2, -1, -1, -2, -2, -2, -1, -2, -2, -2, -1, -2, -2, -1, -1, 
        -2, -2, 1, 2, 2, 1, 1, 2, 2, 1, 2, 2, 2, 1, 2, 2, 2, 1, 1, 2, 2, 2, 2, 
        2, 1, 2 ],
        [ IntegerRing() | 2, 2, 2, 1, 1, 2, 2, 2, 2, 1, 2, 2, 1, 2, 1, 1, 2, 2, 
        1, 1, 2, 2, 1, 2, 2, 2, 1, 2, 2, 2, 1, 1, 2, 2, 2, 2, 2, 1, 2, 2, 2, 1, 
        1, 2, 2, 1, 2, 2, 2, 1, 2, 2, 2, 1, 1, 2, 2, 2, 2, 2, 1, 2, 1, 2, 2, 1, 
        1, 2, 2, 1, 2, 2, 2, 1, 2, 2, 2, 1, 1, 2, 2, 2, 2, 2, 1, 2, -1, -2, -1, 
        -2, -2, -2, -2, -2, -1, -1, -2, -2, -2, -1, -2, -2, -2, -1, -2, -2, -1, 
        -1, -2, -2, -1, -2, -1, -2, -2, -2, -2, -2, -1, -1, -2, -2, -2, -1, -2, 
        -2, -2, -1, -2, -2, -1, -1, -2, -2, -1, -1, -2, -1, -2, -2, -2, -2, -2, 
        -1, -1, -2, -2, -2, -1, -2, -2, -2, -1, -2, -2, -1, -1, -2, -2, -1, -2, 
        -1, -2, -2, -2, -2, -2, -1, -1, -2, -2, -2, -1, -2, -2, -2, -1, -2, -2, 
        -1, -1, -2, -2, -1, -1, -2, -1, -2, -2, -2, -2, -2, -1, -1, -2, -2, -2, 
        -1, -2, -2, -2, -1, -2, -2, -1, -1, -2, -2, -2, -2, -2, -2, -2, -2, -2, 
        -2, -2, -2, -2, -2, -2, -2, -2, -2, -2, -2, -2, -2, -2, -2, -2, -2, -2, 
        -2, -2, -2, -2, -2, -2, -2, -2, -2, -2, -2, -2, -2, -2, -2, -2, -2, -2, 
        -2, -2, -2, -2, -2, -2, -2, -2, -2, -2, -2, -2, -2, -2, -2, -2, -2, -2, 
        -2, -2, -2, -2, -2, -2, -2, -2, -2, 1, 1, 2, 2, 1, 2, 2, 2, 1, 2, 2, 2, 
        1, 1, 2, 2, 2, 2, 2, 1, 2, 1, -2, -1, -2, -2, -2, -2, -2, -1, -1, -2, 
        -2, -2, -1, -2, -2, -2, -1, -2, -2, -1, -1, -2, -2, -2, -1, -2, -2, -2, 
        -2, -2, -1, -1, -2, -2, -2, -1, -2, -2, -2, -1, -2, -2, -1, -1, -2, -2, 
        -1, -2, -1, -2, -2, -2, -2, -2, -1, -1, -2, -2, -2, -1, -2, -2, -2, -1, 
        -2, -2, -1, -1, -2, -2, 1, 2, 2, 1, 1, 2, 2, 1, 2, 2, 2, 1, 2, 2, 2, 1, 
        1, 2, 2, 2, 2, 2, 1, 2, 1, 2, 2, 1, 1, 2, 2, 1, 2, 2, 2, 1, 2, 2, 2, 1, 
        1, 2, 2, 2, 2, 2, 1, 2, 1, 1, 2, 2, 1, 1, 2, 2, 1, 2, 2, 2, 1, 2, 2, 2, 
        1, 1, 2, 2, 2, 2, 2, 1, 2, 2, 2, 1, 1, 2, 2, 1, 2, 2, 2, 1, 2, 2, 2, 1, 
        1, 2, 2, 2, 2, 2, 1, 2 ],
        [ IntegerRing() | -2, -1, -2, -2, -2, -2, -2, -1, -1, -2, -2, -2, -1, 
        -2, -2, -2, -1, -2, -2, -1, -1, -2, -2, 1, 2, 2, 1, 1, 2, 2, 1, 2, 2, 2,
        1, 2, 2, 2, 1, 1, 2, 2, 2, 2, 2, 1, 2, 1, 2, 2, 1, 1, 2, 2, 1, 2, 2, 2, 
        1, 2, 2, 2, 1, 1, 2, 2, 2, 2, 2, 1, 2, 1, -2, -1, -2, -2, -2, -2, -2, 
        -1, -1, -2, -2, -2, -1, -2, -2, -2, -1, -2, -2, -1, -1, -2, -2, -1, -2, 
        -1, -2, -2, -2, -2, -2, -1, -1, -2, -2, -2, -1, -2, -2, -2, -1, -2, -2, 
        -1, -1, -2, -2, -1, -2, -1, -2, -2, -2, -2, -2, -1, -1, -2, -2, -2, -1, 
        -2, -2, -2, -1, -2, -2, -1, -1, -2, -2, -1, -2, -1, -2, -2, -2, -2, -2, 
        -1, -1, -2, -2, -2, -1, -2, -2, -2, -1, -2, -2, -1, -1, -2, -2, -1, -2, 
        -1, -2, -2, -2, -2, -2, -1, -1, -2, -2, -2, -1, -2, -2, -2, -1, -2, -2, 
        -1, -1, -2 ]
    ], level := 278, genus := 22, index := 280, contains_minus_one := true, 
    subgroups := [], supergroups := [ IntegerRing() | 2, 2916 ], name := 
    "278A22", label := "A", order := 57546, GLZConj := 1, matgens := [ 
        PowerSequence(IntegerRing(278)) |
        [ IntegerRing(278) | 121, 48, 32, 15 ],
        [ IntegerRing(278) | 127, 122, 250, 273 ],
        [ IntegerRing(278) | 133, 32, 220, 147 ],
        [ IntegerRing(278) | 140, 139, 139, 1 ],
        [ IntegerRing(278) | 159, 170, 168, 45 ]
    ], cusps := [ IntegerRing() | 2, 278 ], c2 := [ IntegerRing() | 2, 2, 2, 2, 
    2, 2, 2, 2, 2, 2, 2, 2, 2, 2, 2, 2, 2, 2, 2, 2, 2, 2, 2, 2, 2, 2, 2, 2, 2, 
    2, 2, 2, 2, 2, 2, 2, 2, 2, 2, 2, 2, 2, 2, 2, 2, 2, 2, 2, 2, 2, 2, 2, 2, 2, 
    2, 2, 2, 2, 2, 2, 2, 2, 2, 2, 2, 2, 2, 2, 2, 2, 2, 2, 2, 2, 2, 2, 2, 2, 2, 
    2, 2, 2, 2, 2, 2, 2, 2, 2, 2, 2, 2, 2, 2, 2, 2, 2, 2, 2, 2, 2, 2, 2, 2, 2, 
    2, 2, 2, 2, 2, 2, 2, 2, 2, 2, 2, 2, 2, 2, 2, 2, 2, 2, 2, 2, 2, 2, 2, 2, 2, 
    2, 2, 2, 2, 2, 2, 2, 2, 2, 2, 2 ], c3 := [ IntegerRing() | 1, 1, 1, 1, 3, 3,
    3, 3, 3, 3, 3, 3, 3, 3, 3, 3, 3, 3, 3, 3, 3, 3, 3, 3, 3, 3, 3, 3, 3, 3, 3, 
    3, 3, 3, 3, 3, 3, 3, 3, 3, 3, 3, 3, 3, 3, 3, 3, 3, 3, 3, 3, 3, 3, 3, 3, 3, 
    3, 3, 3, 3, 3, 3, 3, 3, 3, 3, 3, 3, 3, 3, 3, 3, 3, 3, 3, 3, 3, 3, 3, 3, 3, 
    3, 3, 3, 3, 3, 3, 3, 3, 3, 3, 3, 3, 3, 3, 3 ], gc := [ IntegerRing() | 1, 1,
    138 ], special_name := [], special_name_html := [], direct_subgroups := [], 
    direct_supergroups := [ IntegerRing() | 2, 2916 ], length := 140, treename 
    := [ PowerSequence(IntegerRing()) |
        [ IntegerRing() | 556, 2, 8 ]
    ], treesupergroups := [ PowerSequence(IntegerRing()) |
        [ IntegerRing() | 556, 2 ],
        [ IntegerRing() | 300, 8 ]
    ]>
]
;

