// list of all congruence groups with genus  24
// with  80 <= level < 88
//
// by c cummins and s pauli
// load "csg24-lev72.dat";
import "csg24-lev72.dat" : L24_72;
L24_80 := L24_72 cat 
[ PowerStructure(Rec) |
    rec<recformat<generators: SeqEnum, level: IntegerRing(), genus: 
    IntegerRing(), index: IntegerRing(), contains_minus_one: BoolElt, subgroups:
    SeqEnum, supergroups: SeqEnum, name: MonStgElt, label: MonStgElt, order: 
    IntegerRing(), GLZConj: IntegerRing(), matgens: SeqEnum, cusps: SeqEnum, c2:
    SeqEnum, c3: SeqEnum, gc: SeqEnum, projections: SeqEnum, special_name: 
    SeqEnum, special_name_html: SeqEnum, direct_subgroups: SeqEnum, 
    direct_supergroups: SeqEnum, length: IntegerRing(), treename: SeqEnum, 
    treesupergroups: SeqEnum> | generators := [ PowerSequence(IntegerRing()) |
        [ IntegerRing() | -1, -1, 2, 2, 2, 2, 2, 2, 2, 2, 2, 2, 2, 2, 2, 2, 2, 
        2, 1, 2, 2, 2, 2, 2, 2, 2, 2, 2, 2, 2, 2, 2, 2, 2, 2, 2, 2, 2, 2, 2, 2, 
        2, 2, 2, 2, 2, 2, 2, 2, 2, 2, 2, 2, 2, 2, 2, 2, 2, 2, 2, 2, 2, 2, 2, 2, 
        2, 2, 2, 2, 2, 2, 2, 2, 2, 2, 2, 2, 2, 2, 2, 2, 2, 2, -1, 2, 2, 2, 2, 2,
        2, 2, 2, 2, 2, 2, 2, 2, 2, 2, 2, 1, 2, 2, 2, 2, 2, 2, 2, 2, 2, 2, 1, 1, 
        1, -2, -2, -2, -2, -2, -2, 1, -2, -2, 1, -2, -2, 1 ],
        [ IntegerRing() | -1, 2, 2, 2, 2, 2, 2, 2, 2, 2, 2, 2, 2, 2, 2, 2, 2, 2,
        2, 2, 2, 2, 2, 2, 2, 2, 2, 2, 2, 2, 2, 2, 2, -1, 2, 2, 2, 2, 2, 2, 2, 2,
        2, 2, 2, 2, 2, 2, 2, 2, 2, 2, 2, 2, 2, 2, 2, 2, 2, 2, 2, 2, 2, 2, 2, 2, 
        1, -2, -2, 1, -2, -2, -2, -2, 1, -2, -2, 1, -2, -2, -2, -2, -2, -2, -2, 
        -2 ],
        [ IntegerRing() | -1, -1, 2, 2, 2, 2, 2, 2, 2, 2, 2, 2, 2, 2, 2, 2, 2, 
        2, 2, 2, 2, 2, 2, 2, 2, 2, 2, 2, 2, 2, 2, 2, 2, 2, 2, 2, 2, 2, 2, 2, 2, 
        2, 2, 2, 2, 2, 2, 2, 2, 2, 1, 2, 2, 2, 2, 2, 2, 2, 2, 2, 2, 2, 2, 2, 2, 
        2, 2, 2, 2, 2, 2, 2, 2, 2, 2, 2, 2, 2, 2, 2, 2, 2, 2, 2, 2, 2, 2, 2, 2, 
        2, 2, 2, 2, 2, 2, 2, 2, 2, 2, 2, 2, 2, 2, 2, 2, 2, 2, 2, 2, 2, 2, 2, 2, 
        2, 2, -1, 2, 2, 2, 2, 2, 2, 2, 2, 2, 2, 2, 2, 2, 2, 2, 2, 2, 2, 2, 2, 2,
        2, 2, 2, 2, 2, 2, 2, 2, 2, 2, 2, 1, 2, 2, 2, 2, 2, 2, 2, 2, 2, 2, 2, 2, 
        2, 2, 2, 2, 2, 2, 2, 2, 2, 2, 2, 2, 2, 2, 1, 1, 1, -2, -2, -2, -2, 1, 
        -2, -2, 1, -2, -2, -2, -2 ],
        [ IntegerRing() | -1, -1, 2, 2, 2, 2, 2, 2, 2, 2, 2, 2, 2, 2, 2, 2, 2, 
        2, 2, 2, 2, 2, 2, 2, 2, 2, 2, 2, 2, 2, 2, 2, 2, 2, 1, 2, 2, 2, 2, 2, 2, 
        2, 2, 2, 2, 2, 2, 2, 2, 2, 2, -1, 2, 2, 2, 2, 2, 2, 2, 2, 2, 2, 2, 2, 2,
        2, 2, 2, 2, 2, 2, 2, 2, 2, 2, 2, 2, 2, 2, 2, 2, 2, 2, 2, 1, 2, 2, 2, 2, 
        2, 2, 2, 2, 2, 2, 2, 2, 2, 2, 2, 2, 1, 1, 1 ],
        [ IntegerRing() | -1, -1, 2, 2, 2, 2, 2, 2, 2, 2, 2, 2, 2, 2, 2, 2, 2, 
        2, 2, 2, 2, 2, 2, 2, 2, 2, 2, 2, 2, 2, 2, 2, 2, 2, 2, 2, 2, 2, 2, 2, 2, 
        2, 2, 2, 2, 2, 2, 2, 2, 2, 1, 2, 2, 2, 2, 2, 2, 2, 2, 2, 2, 2, 2, 2, 2, 
        2, 2, 2, 2, 2, 2, 2, 2, 2, 2, 2, 2, 2, 2, 2, 2, 2, 2, 2, 2, 2, 2, 2, 2, 
        2, 2, 1, -2, -2, -2, -2, -2, -2, -2, -2 ],
        [ IntegerRing() | -1, -1, 2, 2, 2, 2, 2, 2, 2, 2, 2, 2, 2, 2, 2, 2, 2, 
        2, 2, 2, 2, 2, 2, 2, 2, 2, 2, 2, 2, 2, 2, 2, 2, 2, 1, 2, 2, 2, 2, 2, 2, 
        2, 2, 2, 2, 2, 2, 2, 2, 2, 2, -1, 2, 2, 2, 2, 2, 2, 2, 2, 2, 2, 2, 2, 2,
        2, 2, 2, 2, 2, 2, 2, 2, 2, 2, 2, 2, 2, 2, 2, 2, 2, 2, 2, 1, 2, 2, 2, 2, 
        2, 2, 2, 2, 2, 2, 2, 2, 2, 2, 1, 1, 1, -2, -2, -2, -2, -2, -2, 1, -2, 
        -2, 1, -2, -2, -2, -2, -2, -2 ],
        [ IntegerRing() | -1, 2, 2, 2, 2, 2, 2, 2, 2, 2, 2, 2, 2, 2, 2, 2, 2, 2,
        2, 2, 2, 2, 2, 2, 2, 2, 2, 2, 2, 2, 2, 2, 2, 2, 2, 2, 2, 2, 2, 2, 2, 2, 
        2, 2, 2, 2, 2, 2, 2, 2, 2, 2, 2, 2, 2, 2, 2, 2, 2, 2, 2, 2, 2, 2, 2, -1,
        2, 2, 2, 2, 2, 2, 2, 2, 2, 2, 2, 2, 2, 2, 2, 2, 1, 1, -2, -2, 1, -2, -2,
        1, -2, -2, -2, -2 ],
        [ IntegerRing() | -1, -1, 2, 2, 2, 2, 2, 2, 2, 2, 2, 2, 2, 2, 2, 2, 2, 
        2, 1, 2, 2, 2, 2, 2, 2, 2, 2, 2, 2, 2, 2, 2, 2, 2, 2, 2, 2, 2, 2, 2, 2, 
        2, 2, 2, 2, 2, 2, 2, 2, 2, 2, 2, 2, 2, 2, 2, 2, 2, 2, 2, 2, 2, 2, 2, 2, 
        2, 2, -1, 2, 2, 2, 2, 2, 2, 2, 2, 2, 2, 2, 2, 2, 2, 2, 2, 2, 2, 2, 2, 2,
        2, 2, 2, 2, 2, 2, 2, 2, 2, 2, 2, 2, 2, 2, 2, 2, 2, 2, 2, 2, 2, 2, 2, 2, 
        2, 2, 2, 1, -2, -2, -2, -2, -2, -2, -2, -2, 1, -2, -2, 1, -2, -2, 1, -2,
        -2, -2, -2 ],
        [ IntegerRing() | -1, -1, 2, 2, 2, 2, 2, 2, 2, 2, 2, 2, 2, 2, 2, 2, 2, 
        2, 2, 2, 2, 2, 2, 2, 2, 2, 2, 2, 2, 2, 2, 2, 2, 2, 1, 2, 2, 2, 2, 2, 2, 
        2, 2, 2, 2, 2, 2, 2, 2, 2, 2, -1, 2, 2, 2, 2, 2, 2, 2, 2, 2, 2, 2, 2, 2,
        2, 2, 2, 2, 2, 2, 2, 2, 2, 2, 2, 2, 2, 2, 2, 2, 2, 2, 2, 1, 2, 2, 2, 2, 
        2, 2, 2, 2, 2, 2, 2, 2, 2, 2, 2, 2, 1 ],
        [ IntegerRing() | -1, -1, 2, 2, 2, 2, 2, 2, 2, 2, 2, 2, 2, 2, 2, 2, 2, 
        2, 2, 2, 2, 2, 2, 2, 2, 2, 2, 2, 2, 2, 2, 2, 2, 2, 2, 2, 2, 2, 2, 2, 2, 
        2, 2, 2, 2, 2, 2, 2, 2, 2, 1, 2, 2, 2, 2, 2, 2, 2, 2, 2, 2, 2, 2, 2, 2, 
        2, 2, 1, -2, -2, 1, -2, -2, 1, -2, -2, -2, -2 ]
    ], level := 80, genus := 24, index := 360, contains_minus_one := true, 
    subgroups := [], supergroups := [ IntegerRing() | 2408 ], name := "80A24", 
    label := "A", order := 1024, GLZConj := 1, matgens := [ 
        PowerSequence(IntegerRing(80)) |
        [ IntegerRing(80) | 1, 40, 40, 1 ],
        [ IntegerRing(80) | 3, 6, 30, 7 ],
        [ IntegerRing(80) | 19, 70, 70, 39 ],
        [ IntegerRing(80) | 21, 60, 60, 61 ],
        [ IntegerRing(80) | 31, 0, 0, 31 ],
        [ IntegerRing(80) | 32, 69, 35, 48 ],
        [ IntegerRing(80) | 41, 40, 40, 41 ],
        [ IntegerRing(80) | 49, 0, 0, 49 ],
        [ IntegerRing(80) | 51, 22, 14, 39 ],
        [ IntegerRing(80) | 71, 60, 60, 71 ]
    ], cusps := [ IntegerRing() | 40, 40, 40, 80, 80, 80 ], c2 := [ 
    IntegerRing() | 1, 1, 1, 1, 1, 1, 1, 1, 1, 1, 1, 1, 1, 1, 1, 1, 2, 2, 2, 2, 
    2, 2, 2, 2, 2, 2, 2, 2, 2, 2, 2, 2, 2, 2, 2, 2, 2, 2, 2, 2, 2, 2, 2, 2, 2, 
    2, 2, 2, 2, 2, 2, 2, 2, 2, 2, 2, 2, 2, 2, 2, 2, 2, 2, 2, 2, 2, 2, 2, 2, 2, 
    2, 2, 2, 2, 2, 2, 2, 2, 2, 2, 2, 2, 2, 2, 2, 2, 2, 2, 2, 2, 2, 2, 2, 2, 2, 
    2, 2, 2, 2, 2, 2, 2, 2, 2, 2, 2, 2, 2, 2, 2, 2, 2, 2, 2, 2, 2, 2, 2, 2, 2, 
    2, 2, 2, 2, 2, 2, 2, 2, 2, 2, 2, 2, 2, 2, 2, 2, 2, 2, 2, 2, 2, 2, 2, 2, 2, 
    2, 2, 2, 2, 2, 2, 2, 2, 2, 2, 2, 2, 2, 2, 2, 2, 2, 2, 2, 2, 2, 2, 2, 2, 2, 
    2, 2, 2, 2, 2, 2, 2, 2, 2, 2, 2, 2, 2, 2, 2, 2, 2, 2 ], c3 := [ 
    IntegerRing() | 3, 3, 3, 3, 3, 3, 3, 3, 3, 3, 3, 3, 3, 3, 3, 3, 3, 3, 3, 3, 
    3, 3, 3, 3, 3, 3, 3, 3, 3, 3, 3, 3, 3, 3, 3, 3, 3, 3, 3, 3, 3, 3, 3, 3, 3, 
    3, 3, 3, 3, 3, 3, 3, 3, 3, 3, 3, 3, 3, 3, 3, 3, 3, 3, 3, 3, 3, 3, 3, 3, 3, 
    3, 3, 3, 3, 3, 3, 3, 3, 3, 3, 3, 3, 3, 3, 3, 3, 3, 3, 3, 3, 3, 3, 3, 3, 3, 
    3, 3, 3, 3, 3, 3, 3, 3, 3, 3, 3, 3, 3, 3, 3, 3, 3, 3, 3, 3, 3, 3, 3, 3, 3 ],
    gc := [ IntegerRing() | 1, 1, 1, 2, 2, 2, 4, 4, 4, 4, 4, 4, 4, 4, 4 ], 
    special_name := [], special_name_html := [], direct_subgroups := [], 
    direct_supergroups := [ IntegerRing() | 2408 ], length := 45, treename := [ 
        PowerSequence(IntegerRing()) |
        [ IntegerRing() | 320, 4, 3, 2, 5, 5, 21 ],
        [ IntegerRing() | 320, 4, 3, 2, 5, 5, 23 ],
        [ IntegerRing() | 320, 4, 3, 2, 5, 5, 25 ],
        [ IntegerRing() | 400, 4, 4, 5, 6, 12, 9 ],
        [ IntegerRing() | 400, 4, 4, 5, 6, 12, 24 ],
        [ IntegerRing() | 400, 4, 4, 5, 6, 12, 41 ],
        [ IntegerRing() | 480, 5, 4, 4, 5, 21, 5 ],
        [ IntegerRing() | 480, 5, 4, 4, 5, 21, 7 ],
        [ IntegerRing() | 480, 5, 4, 4, 5, 21, 9 ]
    ], treesupergroups := [ PowerSequence(IntegerRing()) |
        [ IntegerRing() | 320, 4, 3, 2, 5, 5 ],
        [ IntegerRing() | 320, 4, 3, 2, 5, 5 ],
        [ IntegerRing() | 320, 4, 3, 2, 5, 5 ],
        [ IntegerRing() | 400, 4, 4, 5, 6, 12 ],
        [ IntegerRing() | 400, 4, 4, 5, 6, 12 ],
        [ IntegerRing() | 400, 4, 4, 5, 6, 12 ],
        [ IntegerRing() | 480, 5, 4, 4, 5, 21 ],
        [ IntegerRing() | 480, 5, 4, 4, 5, 21 ],
        [ IntegerRing() | 480, 5, 4, 4, 5, 21 ]
    ]>,
    rec<recformat<generators: SeqEnum, level: IntegerRing(), genus: 
    IntegerRing(), index: IntegerRing(), contains_minus_one: BoolElt, subgroups:
    SeqEnum, supergroups: SeqEnum, name: MonStgElt, label: MonStgElt, order: 
    IntegerRing(), GLZConj: IntegerRing(), matgens: SeqEnum, cusps: SeqEnum, c2:
    SeqEnum, c3: SeqEnum, gc: SeqEnum, projections: SeqEnum, special_name: 
    SeqEnum, special_name_html: SeqEnum, direct_subgroups: SeqEnum, 
    direct_supergroups: SeqEnum, length: IntegerRing(), treename: SeqEnum, 
    treesupergroups: SeqEnum> | generators := [ PowerSequence(IntegerRing()) |
        [ IntegerRing() | 2, 2, 2, 2, 2, 2, 2, 2, 2, 2, 2, 2, 2, 2, 2, 2, 2, 2, 
        2, 2, 2, 2, 2, 2, 2, 2, 2, 2, 2, 2, 2, 2, 2, 2, 2, 2, 2, 2, 2, 2, 2, 2, 
        2, 2, 2, 2, 2, 2, 2, 2, 2, 2, 2, 2, 2, 2, 2, 2, 2, 2, 2, 2, 2, 2, 2, 2, 
        2, 2, 2, 2, 2, 2, 2, 2, 2, 2, 2, 2, 2, 2, 1, 2, 2, 2, 2, 2, 2, 2, 2, 2, 
        2, 2, 2, 2, 2, 2, 2, 2, 2, 2, 2, 2, 2, 2, 2, 2, 2, 2, 2, 2, 2, 2, 2, 2, 
        2, 2, 2, 2, 2, 2, 2, 2, 2, 2, 2, 2, 2, 2, 2, -1, 2, 2, 2, 2, 2, 2, 2, 2,
        2, 2, 2, 2, 2, 2, 2, 2 ],
        [ IntegerRing() | 2, 2, 2, 2, 1, 2, 2, 2, 2, 2, 2, 2, 2, 2, 2, 2, 2, 2, 
        2, 2, 2, 2, 2, 2, 2, 2, 2, 2, 2, 2, 2, 2, 2, -1, 2, 2, 2, 2, 1, 2, 2, 
        -1, 2, 2, 2, 2, 2, 2, 2, 2, 1, 2, 2, 1 ],
        [ IntegerRing() | 2, 2, 2, 2, 2, 2, 2, 2, 2, 2, 2, 2, 2, 2, 2, 2, 2, 2, 
        2, 2, 2, 2, 2, 2, 2, 2, 2, 2, 2, 2, 2, 2, 2, 2, 2, 2, 1, 2, 2, 2, 2, 2, 
        2, 2, 2, 2, 2, 2, 2, 2, 2, 2, 2, 2, 2, 2, 2, 2, 2, 2, 2, 2, 2, 2, 2, 2, 
        2, 2, 2, 2, 2, 2, 2, 2, 2, 2, 2, 2, 2, 2, 2, 2, 2, 2, 2, 2, 2, 2, 2, 2, 
        2, 1 ],
        [ IntegerRing() | 2, 2, 2, 2, 1, 2, 2, 2, 2, 2, 2, 2, 2, 2, 2, 2, 2, 2, 
        2, 2, 2, 2, 2, 2, 2, 2, 2, 2, 2, 2, 2, 2, 2, -1, 2, 2, 2, 2, 1, 2, 2, 
        -1, 2, 2, 2, 2, 2, 2, 2, 2, 1, 2, 2, -1 ],
        [ IntegerRing() | 2, 2, 2, 2, 2, 2, 2, 2, 2, 2, 2, 2, 2, 2, 2, 2, 2, 2, 
        2, 2, 2, 2, 2, 2, 2, 2, 2, 2, 2, 2, 2, 2, 2, 2, 2, 2, 2, 2, 2, 2, 2, 2, 
        2, 2, 2, 2, 2, 2, 2, 2, 2, 2, 2, 2, 2, 2 ],
        [ IntegerRing() | 2, 2, 2, 2, 2, 2, 2, 2, 2, 2, 2, 2, 2, 2, 2, 2, 1, 2, 
        2, 2, 2, 2, 2, 2, 2, 2, 2, 2, 2, 2, 2, 2, 2, 2, 2, -1, 2, 2, 2, 2, 2, 2,
        2, 2, 1, 2, 2, 2, 2, 2, 2, -1 ],
        [ IntegerRing() | 2, 2, 2, 2, 2, 2, 2, 2, 2, 2, 2, 2, 1, 2, 2, 2, 2, 2, 
        2, 2, 2, 2, 2, 2, 2, 2, 2, 2, 2, 2, 2, 2, 2, 2, 2, 2, 2, -1, 2, 2, 2, 2,
        2, 2, 2, 2, 2, 2, 2, 2 ],
        [ IntegerRing() | 2, 2, 2, 2, 2, 2, 2, 2, 2, 2, 2, 2, 1, 2, 2, 2, 2, 2, 
        2, 2, 2, 2, 2, 2, 2, 2, 2, -1, 2, 2, 2, 2, 2, 2, 2, 2, 1, 2, 2, -1, 2, 
        2, 2, 2, 2, 2, 2, 2, 1, 2, 2, 1, 2, 2 ],
        [ IntegerRing() | 2, 2, 2, 2, 2, 2, 2, 2, 2, 2, 2, 2, 2, 2, 2, 2, 2, 2, 
        2, 2, 2, 2, 2, 2, 2, 2, 2, 2, 2, 2, 2, 2, 2, 2, 2, 2, 2, 2, 2, 2, 2, 2 ]
    ], level := 84, genus := 24, index := 336, contains_minus_one := true, 
    subgroups := [], supergroups := [ IntegerRing() | 2, 3, 4, 6, 26, 29, 32, 
    2977 ], name := "84A24", label := "A", order := 1152, GLZConj := 2, matgens 
    := [ PowerSequence(IntegerRing(84)) |
        [ IntegerRing(84) | 1, 42, 0, 1 ],
        [ IntegerRing(84) | 1, 56, 0, 1 ],
        [ IntegerRing(84) | 11, 48, 54, 83 ],
        [ IntegerRing(84) | 13, 0, 0, 13 ],
        [ IntegerRing(84) | 25, 60, 36, 73 ],
        [ IntegerRing(84) | 37, 72, 0, 25 ],
        [ IntegerRing(84) | 43, 42, 42, 43 ],
        [ IntegerRing(84) | 49, 12, 60, 49 ],
        [ IntegerRing(84) | 71, 0, 0, 71 ]
    ], cusps := [ IntegerRing() | 14, 14, 14, 14, 28, 42, 42, 42, 42, 84 ], c2 
    := [ IntegerRing() | 2, 2, 2, 2, 2, 2, 2, 2, 2, 2, 2, 2, 2, 2, 2, 2, 2, 2, 
    2, 2, 2, 2, 2, 2, 2, 2, 2, 2, 2, 2, 2, 2, 2, 2, 2, 2, 2, 2, 2, 2, 2, 2, 2, 
    2, 2, 2, 2, 2, 2, 2, 2, 2, 2, 2, 2, 2, 2, 2, 2, 2, 2, 2, 2, 2, 2, 2, 2, 2, 
    2, 2, 2, 2, 2, 2, 2, 2, 2, 2, 2, 2, 2, 2, 2, 2, 2, 2, 2, 2, 2, 2, 2, 2, 2, 
    2, 2, 2, 2, 2, 2, 2, 2, 2, 2, 2, 2, 2, 2, 2, 2, 2, 2, 2, 2, 2, 2, 2, 2, 2, 
    2, 2, 2, 2, 2, 2, 2, 2, 2, 2, 2, 2, 2, 2, 2, 2, 2, 2, 2, 2, 2, 2, 2, 2, 2, 
    2, 2, 2, 2, 2, 2, 2, 2, 2, 2, 2, 2, 2, 2, 2, 2, 2, 2, 2, 2, 2, 2, 2, 2, 2 ],
    c3 := [ IntegerRing() | 3, 3, 3, 3, 3, 3, 3, 3, 3, 3, 3, 3, 3, 3, 3, 3, 3, 
    3, 3, 3, 3, 3, 3, 3, 3, 3, 3, 3, 3, 3, 3, 3, 3, 3, 3, 3, 3, 3, 3, 3, 3, 3, 
    3, 3, 3, 3, 3, 3, 3, 3, 3, 3, 3, 3, 3, 3, 3, 3, 3, 3, 3, 3, 3, 3, 3, 3, 3, 
    3, 3, 3, 3, 3, 3, 3, 3, 3, 3, 3, 3, 3, 3, 3, 3, 3, 3, 3, 3, 3, 3, 3, 3, 3, 
    3, 3, 3, 3, 3, 3, 3, 3, 3, 3, 3, 3, 3, 3, 3, 3, 3, 3, 3, 3 ], gc := [ 
    IntegerRing() | 2, 2, 2, 2, 2, 2, 4, 4, 4, 6, 6, 6, 6, 6, 6, 6, 6, 6, 6, 6, 
    6, 12, 12, 12, 12, 12, 12 ], special_name := [], special_name_html := [], 
    direct_subgroups := [], direct_supergroups := [ IntegerRing() | 2977 ], 
    length := 84, treename := [ PowerSequence(IntegerRing()) |
        [ IntegerRing() | 336, 2, 3, 5, 5, 14 ],
        [ IntegerRing() | 336, 2, 3, 5, 5, 24 ],
        [ IntegerRing() | 336, 2, 3, 5, 5, 28 ],
        [ IntegerRing() | 420, 2, 5, 7, 12, 23 ],
        [ IntegerRing() | 420, 2, 5, 7, 12, 33 ],
        [ IntegerRing() | 420, 2, 5, 7, 12, 34 ],
        [ IntegerRing() | 504, 2, 2, 8, 11, 24 ],
        [ IntegerRing() | 504, 2, 2, 8, 11, 26 ],
        [ IntegerRing() | 504, 2, 2, 8, 11, 34 ],
        [ IntegerRing() | 588, 2, 2, 6, 9, 7 ],
        [ IntegerRing() | 588, 2, 2, 6, 9, 13 ],
        [ IntegerRing() | 588, 2, 2, 6, 9, 30 ]
    ], treesupergroups := [ PowerSequence(IntegerRing()) |
        [ IntegerRing() | 336, 2, 3, 5, 5 ],
        [ IntegerRing() | 336, 2, 3, 5, 5 ],
        [ IntegerRing() | 336, 2, 3, 5, 5 ],
        [ IntegerRing() | 300, 7, 7 ],
        [ IntegerRing() | 300, 4, 7 ],
        [ IntegerRing() | 300, 4, 6, 11 ],
        [ IntegerRing() | 300, 4, 6 ],
        [ IntegerRing() | 300, 8 ],
        [ IntegerRing() | 300, 7 ],
        [ IntegerRing() | 300, 4 ],
        [ IntegerRing() | 420, 2, 5, 7, 12 ],
        [ IntegerRing() | 420, 2, 5, 7, 12 ],
        [ IntegerRing() | 420, 2, 5, 7, 12 ],
        [ IntegerRing() | 504, 2, 2, 8, 11 ],
        [ IntegerRing() | 504, 2, 2, 8, 11 ],
        [ IntegerRing() | 504, 2, 2, 8, 11 ],
        [ IntegerRing() | 588, 2, 2, 6, 9 ],
        [ IntegerRing() | 588, 2, 2, 6, 9 ],
        [ IntegerRing() | 588, 2, 2, 6, 9 ]
    ]>,
    rec<recformat<generators: SeqEnum, level: IntegerRing(), genus: 
    IntegerRing(), index: IntegerRing(), contains_minus_one: BoolElt, subgroups:
    SeqEnum, supergroups: SeqEnum, name: MonStgElt, label: MonStgElt, order: 
    IntegerRing(), GLZConj: IntegerRing(), matgens: SeqEnum, cusps: SeqEnum, c2:
    SeqEnum, c3: SeqEnum, gc: SeqEnum, projections: SeqEnum, special_name: 
    SeqEnum, special_name_html: SeqEnum, direct_subgroups: SeqEnum, 
    direct_supergroups: SeqEnum, length: IntegerRing(), treename: SeqEnum, 
    treesupergroups: SeqEnum> | generators := [ PowerSequence(IntegerRing()) |
        [ IntegerRing() | 2, 2, 2, 2, 2, 2, 2, 2, 2, 2, 2, 2, 2, 2, 2, 2, 2, 2, 
        2, 2, 2, 2, 2, 2, 2, 2, 2, 2, 2, 2, 2, 2, 2, 2, 2, 2, 2, 2, 2, 2, 2, 2, 
        2, 2, 2, 2, 2, 2, 2, 2, 2, 2, 2, 2, 2, 2, 2, 2, 2, 2, 2, 2, 2, 2, 2, 2, 
        2, 2, 2, 2, 2, 2, 2, 2, 2, 2, 2, 2, 2, 2, 1, 2, 2, 2, 2, 2, 2, 2, 2, 2, 
        2, 2, 2, 2, 2, 2, 2, 2, 2, 2, 2, 2, 2, 2, 2, 2, 2, 2, 2, 2, 2, 2, 2, 2, 
        2, 2, 2, 2, 2, 2, 2, 2, 2, 2, 2, 2, 2, 2, 2, -1, 2, 2, 2, 2, 2, 2, 2, 2,
        2, 2, 2, 2, 2, 2, 2, 2 ],
        [ IntegerRing() | 2, 2, 2, 2, 1, 2, 2, 2, 2, 2, 2, 2, 2, 2, 2, 2, 2, 2, 
        2, 2, 2, 2, 2, 2, 2, 2, 2, 2, 2, 2, 2, 2, 2, -1, 2, 2, 2, 2, 1, 2, 2, 
        -1, 2, 2, 2, 2, 2, 2, 2, 2, 1, 2, 2, 1 ],
        [ IntegerRing() | 2, 2, 2, 2, 1, 2, 2, 2, 2, 2, 2, 2, 2, 2, 2, 2, 2, 2, 
        2, 2, 2, 2, 2, 2, 2, 2, 2, 2, 2, 2, 2, 2, 2, -1, 2, 2, 2, 2, 1, 2, 2, 
        -1, 2, 2, 2, 2, 2, 2, 2, 2, 1, 2, 2, -1 ],
        [ IntegerRing() | 2, 2, 2, 2, 2, 2, 2, 2, 2, 2, 2, 2, 2, 2, 2, 2, 2, 2, 
        2, 2, 2, 2, 2, 2, 2, 2, 2, 2, 2, 2, 2, 2, 2, 2, 2, 2, 2, 2, 2, 2, 2, 2, 
        2, 2, 2, 2, 2, 2, 2, 2, 2, 2, 2, 2, 2, 2 ],
        [ IntegerRing() | 2, 2, 2, 2, 2, 2, 2, 2, 2, 2, 2, 2, 2, 2, 2, 2, 1, 2, 
        2, 2, 2, 2, 2, 2, 2, 2, 2, 2, 2, 2, 2, 2, 2, 2, 2, -1, 2, 2, 2, 2, 2, 2,
        2, 2, 1, 2, 2, 2, 2, 2, 2, -1 ],
        [ IntegerRing() | 2, 2, 2, 2, 2, 2, 2, 2, 2, 2, 2, 2, 1, 2, 2, 2, 2, 2, 
        2, 2, 2, 2, 2, 2, 2, 2, 2, 2, 2, 2, 2, 2, 2, 2, 2, 2, 2, -1, 2, 2, 2, 2,
        2, 2, 2, 2, 2, 2, 2, 2 ],
        [ IntegerRing() | 2, 2, 2, 2, 2, 2, 2, 2, 2, 2, 2, 2, 2, 2, 2, 2, 1, 2, 
        2, 2, 2, 2, 2, 2, 2, 2, 2, 2, 2, 2, 2, 2, 2, 2, 2, 2, 2, 2, 2, 2, 2, 2, 
        2, 2, 2, 2, 2, 2, 2, 2, 2, 2, 2, 2, 2, 2, 2, 2, 2, 2, 2, 2, 2, 2, 2, 2, 
        2, 2, 2, 2, 2, 2, 2, 2, 2, 2, 2, 2, 2, 2, 2, 2, 2, 2, 2, 2, 2, 2, 2, -1,
        2, 2, 2, 2, 2, 2, 2, 2 ],
        [ IntegerRing() | 2, 2, 2, 2, 2, 2, 2, 2, 2, 2, 2, 2, 1, 2, 2, 2, 2, 2, 
        2, 2, 2, 2, 2, 2, 2, 2, 2, -1, 2, 2, 2, 2, 2, 2, 2, 2, 1, 2, 2, -1, 2, 
        2, 2, 2, 2, 2, 2, 2, 1, 2, 2, 1, 2, 2 ],
        [ IntegerRing() | 2, 2, 2, 2, 2, 2, 2, 2, 2, 2, 2, 2, 2, 2, 2, 2, 2, 2, 
        2, 2, 2, 2, 2, 2, 2, 2, 2, 2, 2, 2, 2, 2, 2, 2, 2, 2, 2, 2, 2, 2, 2, 2 ]
    ], level := 84, genus := 24, index := 336, contains_minus_one := true, 
    subgroups := [], supergroups := [ IntegerRing() | 2, 3, 4, 6, 26, 29, 32, 
    85, 2977 ], name := "84B24", label := "B", order := 1152, GLZConj := 2, 
    matgens := [ PowerSequence(IntegerRing(84)) |
        [ IntegerRing(84) | 1, 42, 0, 1 ],
        [ IntegerRing(84) | 1, 56, 0, 1 ],
        [ IntegerRing(84) | 13, 0, 0, 13 ],
        [ IntegerRing(84) | 25, 48, 12, 13 ],
        [ IntegerRing(84) | 25, 60, 36, 73 ],
        [ IntegerRing(84) | 37, 72, 0, 25 ],
        [ IntegerRing(84) | 43, 42, 42, 43 ],
        [ IntegerRing(84) | 49, 12, 60, 49 ],
        [ IntegerRing(84) | 71, 0, 0, 71 ]
    ], cusps := [ IntegerRing() | 14, 14, 14, 14, 28, 42, 42, 42, 42, 84 ], c2 
    := [ IntegerRing() | 2, 2, 2, 2, 2, 2, 2, 2, 2, 2, 2, 2, 2, 2, 2, 2, 2, 2, 
    2, 2, 2, 2, 2, 2, 2, 2, 2, 2, 2, 2, 2, 2, 2, 2, 2, 2, 2, 2, 2, 2, 2, 2, 2, 
    2, 2, 2, 2, 2, 2, 2, 2, 2, 2, 2, 2, 2, 2, 2, 2, 2, 2, 2, 2, 2, 2, 2, 2, 2, 
    2, 2, 2, 2, 2, 2, 2, 2, 2, 2, 2, 2, 2, 2, 2, 2, 2, 2, 2, 2, 2, 2, 2, 2, 2, 
    2, 2, 2, 2, 2, 2, 2, 2, 2, 2, 2, 2, 2, 2, 2, 2, 2, 2, 2, 2, 2, 2, 2, 2, 2, 
    2, 2, 2, 2, 2, 2, 2, 2, 2, 2, 2, 2, 2, 2, 2, 2, 2, 2, 2, 2, 2, 2, 2, 2, 2, 
    2, 2, 2, 2, 2, 2, 2, 2, 2, 2, 2, 2, 2, 2, 2, 2, 2, 2, 2, 2, 2, 2, 2, 2, 2 ],
    c3 := [ IntegerRing() | 3, 3, 3, 3, 3, 3, 3, 3, 3, 3, 3, 3, 3, 3, 3, 3, 3, 
    3, 3, 3, 3, 3, 3, 3, 3, 3, 3, 3, 3, 3, 3, 3, 3, 3, 3, 3, 3, 3, 3, 3, 3, 3, 
    3, 3, 3, 3, 3, 3, 3, 3, 3, 3, 3, 3, 3, 3, 3, 3, 3, 3, 3, 3, 3, 3, 3, 3, 3, 
    3, 3, 3, 3, 3, 3, 3, 3, 3, 3, 3, 3, 3, 3, 3, 3, 3, 3, 3, 3, 3, 3, 3, 3, 3, 
    3, 3, 3, 3, 3, 3, 3, 3, 3, 3, 3, 3, 3, 3, 3, 3, 3, 3, 3, 3 ], gc := [ 
    IntegerRing() | 2, 2, 2, 2, 2, 2, 4, 4, 4, 6, 6, 6, 6, 6, 6, 6, 6, 6, 6, 6, 
    6, 12, 12, 12, 12, 12, 12 ], special_name := [], special_name_html := [], 
    direct_subgroups := [], direct_supergroups := [ IntegerRing() | 85, 2977 ], 
    length := 84, treename := [ PowerSequence(IntegerRing()) |
        [ IntegerRing() | 336, 2, 3, 5, 5, 15 ],
        [ IntegerRing() | 336, 2, 3, 5, 5, 17 ],
        [ IntegerRing() | 336, 2, 3, 5, 5, 25 ],
        [ IntegerRing() | 420, 2, 5, 7, 12, 20 ],
        [ IntegerRing() | 420, 2, 5, 7, 12, 26 ],
        [ IntegerRing() | 420, 2, 5, 7, 12, 28 ],
        [ IntegerRing() | 504, 2, 2, 8, 11, 9 ],
        [ IntegerRing() | 504, 2, 2, 8, 11, 11 ],
        [ IntegerRing() | 504, 2, 2, 8, 11, 21 ],
        [ IntegerRing() | 588, 2, 2, 6, 9, 14 ],
        [ IntegerRing() | 588, 2, 2, 6, 9, 23 ],
        [ IntegerRing() | 588, 2, 2, 6, 9, 25 ]
    ], treesupergroups := [ PowerSequence(IntegerRing()) |
        [ IntegerRing() | 336, 2, 3, 5, 5 ],
        [ IntegerRing() | 336, 2, 3, 5, 5 ],
        [ IntegerRing() | 336, 2, 3, 5, 5 ],
        [ IntegerRing() | 300, 7, 7 ],
        [ IntegerRing() | 300, 4, 7 ],
        [ IntegerRing() | 300, 4, 6, 11, 12 ],
        [ IntegerRing() | 300, 4, 6, 11 ],
        [ IntegerRing() | 300, 4, 6 ],
        [ IntegerRing() | 300, 8 ],
        [ IntegerRing() | 300, 7 ],
        [ IntegerRing() | 300, 4 ],
        [ IntegerRing() | 420, 2, 5, 7, 12 ],
        [ IntegerRing() | 420, 2, 5, 7, 12 ],
        [ IntegerRing() | 420, 2, 5, 7, 12 ],
        [ IntegerRing() | 504, 2, 2, 8, 11 ],
        [ IntegerRing() | 504, 2, 2, 8, 11 ],
        [ IntegerRing() | 504, 2, 2, 8, 11 ],
        [ IntegerRing() | 588, 2, 2, 6, 9 ],
        [ IntegerRing() | 588, 2, 2, 6, 9 ],
        [ IntegerRing() | 588, 2, 2, 6, 9 ]
    ]>,
    rec<recformat<generators: SeqEnum, level: IntegerRing(), genus: 
    IntegerRing(), index: IntegerRing(), contains_minus_one: BoolElt, subgroups:
    SeqEnum, supergroups: SeqEnum, name: MonStgElt, label: MonStgElt, order: 
    IntegerRing(), GLZConj: IntegerRing(), matgens: SeqEnum, cusps: SeqEnum, c2:
    SeqEnum, c3: SeqEnum, gc: SeqEnum, projections: SeqEnum, special_name: 
    SeqEnum, special_name_html: SeqEnum, direct_subgroups: SeqEnum, 
    direct_supergroups: SeqEnum, length: IntegerRing(), treename: SeqEnum, 
    treesupergroups: SeqEnum> | generators := [ PowerSequence(IntegerRing()) |
        [ IntegerRing() | 2, 2, 2, 2, 2, 2, 2, 2, 2, 2, 2, 2, 2, 2, 2, 2, 2, 2, 
        2, 2, 2, 2, 2, 2, 2, 2, 2, 2, 2, 2, 2, 2, 2, 2, 2, 2, 2, 2, 2, 2, 2, 2, 
        2, 2, 2, 2, 2, 2, 2, 2, 2, 2, 2, 2, 2, 2 ],
        [ IntegerRing() | 2, 2, 2, 2, 2, 2, 2, 2, 2, 2, 2, 2, 2, 2, 2, 2, 2, 2, 
        2, 2, 2, 2, 2, 2, 2, 2, 2, 2, 2, 2, 2, 2, 2, 2, 2, 2, 2, 2, 2, 2, 2, 2 
        ],
        [ IntegerRing() | 2, 2, 2, 2, 2, 2, 2, 2, 2, 2, 2, 2, 2, 2, 2, 2, 2, 2, 
        2, 2, 2, 2, 2, 2, 2, 2, 2, 2, 2, 2, 2, 2, 2, 2, 2, 2, 2, 2, 2, 2, 2, 2, 
        2, 2, 2, 2, 2, 2, 2, 2, 2, 2, 2, 2, 2, 2, 2, 2, 2, 2, 2, 2, 2, 2, 2, 2, 
        2, 2, 2, 2, 2, 2, 2, 2, 2, 2, 2, 2, 2, 2, 1, 2, 2, 2, 2, 2, 2, 2, 2, 2, 
        2, 2, 2, 2, 2, 2, 2, 2, 2, 2, 2, 2, 2, 2, 2, 2, 2, 2, 2, 2, 2, 2, 2, 2, 
        2, 2, 2, 2, 2, 2, 2, 2, 2, 2, 2, 2, 2, 2, 2, -1, 2, 2, 2, 2, 2, 2, 2, 2,
        2, 2, 2, 2, 2, 2, 2, 2 ],
        [ IntegerRing() | 2, 2, 2, 2, 2, 2, 2, 2, 2, 2, 2, 2, 2, 2, 2, 2, 1, 2, 
        2, 2, 2, 2, 2, 2, 2, 2, 2, 2, 2, 2, 2, 2, 2, 2, 2, -1, 2, 2, 2, 2, 2, 2,
        2, 2, 1, 2, 2, 2, 2, 2, 2, -1 ],
        [ IntegerRing() | 2, 2, 2, 2, 2, 2, 2, 2, 2, 2, 2, 2, 2, 2, 2, 2, 1, 2, 
        2, 2, 2, 2, 2, 2, 2, 2, 2, 2, 2, 2, 2, 2, 2, 2, 2, 2, 2, 2, 2, 2, 2, 2, 
        2, 2, 2, -1, 2, 2, 2, 2, 1, 2, 2, -1, 2, 2, 2, 2, 2, 2, 2, 2, 1, 2, 2, 
        1, 2, 2 ],
        [ IntegerRing() | 2, 2, 2, 2, 2, 2, 2, 2, 2, 2, 2, 2, 1, 2, 2, 2, 2, 2, 
        2, 2, 2, 2, 2, 2, 2, 2, 2, 2, 2, 2, 2, 2, 2, 2, 2, 2, 2, -1, 2, 2, 2, 2,
        2, 2, 2, 2, 2, 2, 2, 2 ],
        [ IntegerRing() | 2, 2, 2, 2, 1, 2, 2, 2, 2, 2, 2, 2, 2, 2, 2, 2, 2, 2, 
        2, 2, 2, 2, 2, 2, 2, 2, 2, 2, 2, 2, 2, 2, 2, -1, 2, 2, 2, 2, 1, 2, 2, 
        -1, 2, 2, 2, 2, 2, 2, 2, 2, 1, 2, 2, -1 ],
        [ IntegerRing() | 2, 2, 2, 2, 2, 2, 2, 2, 2, 2, 2, 2, 2, 2, 2, 2, 2, 2, 
        2, 2, 2, 2, 2, 2, 2, 2, 2, 2, 2, 2, 2, 2, 2, 2, 2, 2, 2, 2, 2, 2, 2, 2, 
        2, 2, 2, 2, 2, 2, 2, 2, 2, 2, 2, 2, 2, 2, 2, 2, 2, 2, 2, 2, 2, 2, 2, 2, 
        2, 2, 2, 2, 2, 2, 2, 2, 2, 2, 1, 2, 2, 2, 2, 2, 2, 2, 2, 2, 2, 2, 2, 2, 
        2, 2, 2, 2, 2, 2, 2, 2, 2, 2, 2, 2, 2, 2, 2, 2, 2, 2, 2, 2, 2, 2, 2, 2, 
        2, 2, 2, 2, 2, 2, 2, 2, 2, 2, 2, 2, 2, 2, 2, 2, 2, 2, 2, -1, 2, 2, 2, 2,
        2, 2, 2, 2, 1, 2, 2, -1, 2, 2, 2, 2, 2, 2, 2, 2, 1, 2, 2, 1, 2 ],
        [ IntegerRing() | 2, 2, 2, 2, 2, 2, 2, 2, 2, 2, 2, 2, 2, 2, 2, 2, 2, 2, 
        2, 2, 2, 2, 2, 2, 2, 2, 2, 2, 2, 2, 2, 2, 2, 2, 2, 2, 2, 2, 2, 2, 2, 2, 
        2, 2, 1, 2, 2, 2, 2, 2, 2, 2, 2, 2, 2, 2, 2, 2, 2, 2, 2, 2, 2, 2, 2, 2, 
        2, 2, 2, 2, 2, 2, 2, 2, 2, 2, 2, 2, 2, 2, 2, 2, 2, 2, 2, 2, 2, 2, 2, 2, 
        2, 2, 2, 2, 2, 2, 2, 2, 2, 2, 2, -1, 2, 2, 2, 2, 2, 2, 2, 2, 1, 2, 2, 2,
        2, 2, 2, -1, 2, 2, 2, 2, 2, 2, 2, 2, 1, 2, 2, 1, 2, 2 ]
    ], level := 84, genus := 24, index := 336, contains_minus_one := true, 
    subgroups := [], supergroups := [ IntegerRing() | 3, 6, 10, 29, 81, 3047 ], 
    name := "84C24", label := "C", order := 1152, GLZConj := 2, matgens := [ 
        PowerSequence(IntegerRing(84)) |
        [ IntegerRing(84) | 1, 42, 0, 1 ],
        [ IntegerRing(84) | 1, 56, 0, 1 ],
        [ IntegerRing(84) | 13, 0, 0, 13 ],
        [ IntegerRing(84) | 25, 60, 36, 73 ],
        [ IntegerRing(84) | 31, 6, 24, 67 ],
        [ IntegerRing(84) | 37, 72, 0, 25 ],
        [ IntegerRing(84) | 43, 63, 0, 43 ],
        [ IntegerRing(84) | 49, 12, 60, 49 ],
        [ IntegerRing(84) | 71, 70, 0, 71 ]
    ], cusps := [ IntegerRing() | 7, 7, 14, 21, 21, 28, 28, 42, 84, 84 ], c2 := 
    [ IntegerRing() | 2, 2, 2, 2, 2, 2, 2, 2, 2, 2, 2, 2, 2, 2, 2, 2, 2, 2, 2, 
    2, 2, 2, 2, 2, 2, 2, 2, 2, 2, 2, 2, 2, 2, 2, 2, 2, 2, 2, 2, 2, 2, 2, 2, 2, 
    2, 2, 2, 2, 2, 2, 2, 2, 2, 2, 2, 2, 2, 2, 2, 2, 2, 2, 2, 2, 2, 2, 2, 2, 2, 
    2, 2, 2, 2, 2, 2, 2, 2, 2, 2, 2, 2, 2, 2, 2, 2, 2, 2, 2, 2, 2, 2, 2, 2, 2, 
    2, 2, 2, 2, 2, 2, 2, 2, 2, 2, 2, 2, 2, 2, 2, 2, 2, 2, 2, 2, 2, 2, 2, 2, 2, 
    2, 2, 2, 2, 2, 2, 2, 2, 2, 2, 2, 2, 2, 2, 2, 2, 2, 2, 2, 2, 2, 2, 2, 2, 2, 
    2, 2, 2, 2, 2, 2, 2, 2, 2, 2, 2, 2, 2, 2, 2, 2, 2, 2, 2, 2, 2, 2, 2, 2 ], c3
    := [ IntegerRing() | 3, 3, 3, 3, 3, 3, 3, 3, 3, 3, 3, 3, 3, 3, 3, 3, 3, 3, 
    3, 3, 3, 3, 3, 3, 3, 3, 3, 3, 3, 3, 3, 3, 3, 3, 3, 3, 3, 3, 3, 3, 3, 3, 3, 
    3, 3, 3, 3, 3, 3, 3, 3, 3, 3, 3, 3, 3, 3, 3, 3, 3, 3, 3, 3, 3, 3, 3, 3, 3, 
    3, 3, 3, 3, 3, 3, 3, 3, 3, 3, 3, 3, 3, 3, 3, 3, 3, 3, 3, 3, 3, 3, 3, 3, 3, 
    3, 3, 3, 3, 3, 3, 3, 3, 3, 3, 3, 3, 3, 3, 3, 3, 3, 3, 3 ], gc := [ 
    IntegerRing() | 2, 2, 2, 2, 2, 2, 2, 2, 4, 4, 4, 4, 4, 4, 6, 6, 6, 6, 6, 6, 
    6, 6, 6, 6, 6, 6, 6, 6, 6, 6, 8, 12, 12, 12, 12, 12, 12, 12, 12, 12, 12, 12,
    12, 24, 24 ], special_name := [], special_name_html := [], direct_subgroups 
    := [], direct_supergroups := [ IntegerRing() | 3047 ], length := 168, 
    treename := [ PowerSequence(IntegerRing()) |
        [ IntegerRing() | 336, 2, 3, 5, 7, 10 ],
        [ IntegerRing() | 336, 2, 3, 5, 7, 14 ],
        [ IntegerRing() | 420, 2, 5, 7, 19, 13 ],
        [ IntegerRing() | 420, 2, 5, 7, 19, 20 ],
        [ IntegerRing() | 504, 2, 2, 8, 7, 12 ],
        [ IntegerRing() | 504, 2, 2, 8, 7, 28 ],
        [ IntegerRing() | 588, 2, 2, 6, 13, 5 ],
        [ IntegerRing() | 588, 2, 2, 6, 13, 14 ]
    ], treesupergroups := [ PowerSequence(IntegerRing()) |
        [ IntegerRing() | 336, 2, 3, 5, 7 ],
        [ IntegerRing() | 336, 2, 3, 5, 7 ],
        [ IntegerRing() | 300, 7, 6 ],
        [ IntegerRing() | 300, 4, 6, 8 ],
        [ IntegerRing() | 300, 4, 6 ],
        [ IntegerRing() | 300, 7 ],
        [ IntegerRing() | 300, 4 ],
        [ IntegerRing() | 420, 2, 5, 7, 19 ],
        [ IntegerRing() | 420, 2, 5, 7, 19 ],
        [ IntegerRing() | 504, 2, 2, 8, 7 ],
        [ IntegerRing() | 504, 2, 2, 8, 7 ],
        [ IntegerRing() | 588, 2, 2, 6, 13 ],
        [ IntegerRing() | 588, 2, 2, 6, 13 ]
    ]>,
    rec<recformat<generators: SeqEnum, level: IntegerRing(), genus: 
    IntegerRing(), index: IntegerRing(), contains_minus_one: BoolElt, subgroups:
    SeqEnum, supergroups: SeqEnum, name: MonStgElt, label: MonStgElt, order: 
    IntegerRing(), GLZConj: IntegerRing(), matgens: SeqEnum, cusps: SeqEnum, c2:
    SeqEnum, c3: SeqEnum, gc: SeqEnum, projections: SeqEnum, special_name: 
    SeqEnum, special_name_html: SeqEnum, direct_subgroups: SeqEnum, 
    direct_supergroups: SeqEnum, length: IntegerRing(), treename: SeqEnum, 
    treesupergroups: SeqEnum> | generators := [ PowerSequence(IntegerRing()) |
        [ IntegerRing() | 2, 2, 2, 2, 2, 2, 2, 2, 2, 2, 2, 2, 2, 2, 2, 2, 2, 2, 
        2, 2, 2, 2, 2, 2, 2, 2, 2, 2, 2, 2, 2, 2, 2, 2, 2, 2, 2, 2, 2, 2, 2, 2, 
        2, 2, 2, 2, 2, 2, 2, 2, 2, 2, 2, 2, 2, 2 ],
        [ IntegerRing() | 2, 2, 2, 2, 2, 2, 2, 2, 2, 2, 2, 2, 2, 2, 2, 2, 2, 2, 
        2, 2, 2, 2, 2, 2, 2, 2, 2, 2, 2, 2, 2, 2, 2, 2, 2, 2, 2, 2, 2, 2, 2, 2 
        ],
        [ IntegerRing() | 2, 2, 2, 2, 2, 2, 2, 2, 2, 2, 2, 2, 2, 2, 2, 2, 2, 2, 
        2, 2, 2, 2, 2, 2, 2, 2, 2, 2, 2, 2, 2, 2, 2, 2, 2, 2, 2, 2, 2, 2, 2, 2, 
        2, 2, 2, 2, 2, 2, 2, 2, 2, 2, 2, 2, 2, 2, 2, 2, 2, 2, 2, 2, 2, 2, 2, 2, 
        2, 2, 2, 2, 2, 2, 2, 2, 2, 2, 2, 2, 2, 2, 1, 2, 2, 2, 2, 2, 2, 2, 2, 2, 
        2, 2, 2, 2, 2, 2, 2, 2, 2, 2, 2, 2, 2, 2, 2, 2, 2, 2, 2, 2, 2, 2, 2, 2, 
        2, 2, 2, 2, 2, 2, 2, 2, 2, 2, 2, 2, 2, 2, 2, -1, 2, 2, 2, 2, 2, 2, 2, 2,
        2, 2, 2, 2, 2, 2, 2, 2 ],
        [ IntegerRing() | 2, 2, 2, 2, 2, 2, 2, 2, 2, 2, 2, 2, 2, 2, 2, 2, 1, 2, 
        2, 2, 2, 2, 2, 2, 2, 2, 2, 2, 2, 2, 2, 2, 2, 2, 2, -1, 2, 2, 2, 2, 2, 2,
        2, 2, 1, 2, 2, 2, 2, 2, 2, -1 ],
        [ IntegerRing() | 2, 2, 2, 2, 2, 2, 2, 2, 2, 2, 2, 2, 2, 2, 2, 2, 1, 2, 
        2, 2, 2, 2, 2, 2, 2, 2, 2, 2, 2, 2, 2, 2, 2, 2, 2, 2, 2, 2, 2, 2, 2, 2, 
        2, 2, 2, -1, 2, 2, 2, 2, 1, 2, 2, -1, 2, 2, 2, 2, 2, 2, 2, 2, 1, 2, 2, 
        1, 2, 2 ],
        [ IntegerRing() | 2, 2, 2, 2, 2, 2, 2, 2, 2, 2, 2, 2, 1, 2, 2, 2, 2, 2, 
        2, 2, 2, 2, 2, 2, 2, 2, 2, 2, 2, 2, 2, 2, 2, 2, 2, 2, 2, -1, 2, 2, 2, 2,
        2, 2, 2, 2, 2, 2, 2, 2 ],
        [ IntegerRing() | 2, 2, 2, 2, 2, 2, 2, 2, 2, 2, 2, 2, 2, 2, 2, 2, 2, 2, 
        2, 2, 2, 2, 2, 2, 2, 2, 2, 2, 2, 2, 2, 2, 2, 2, 2, 2, 2, 2, 2, 2, 2, 2, 
        2, 2, 2, 2, 2, 2, 2, 2, 2, 2, 1, 2, 2, 2, 2, 2, 2, 2, 2, 2, 2, 2, 2, 2, 
        2, 2, 2, 2, 2, 2, 2, 2, 2, 2, 2, 2, 2, 2, 2, 2, 2, 2, 2, 2, 2, 2, 2, 2, 
        2, 2, 2, 2, 2, 2, 2, 2, 2, 2, 2, 2, 2, 2, 2, 2, 2, 2, 2, 2, 2, 2, 2, -1,
        2, 2, 2, 2, 2, 2, 2, 2 ],
        [ IntegerRing() | 2, 2, 2, 2, 1, 2, 2, 2, 2, 2, 2, 2, 2, 2, 2, 2, 2, 2, 
        2, 2, 2, 2, 2, 2, 2, 2, 2, 2, 2, 2, 2, 2, 2, -1, 2, 2, 2, 2, 1, 2, 2, 
        -1, 2, 2, 2, 2, 2, 2, 2, 2, 1, 2, 2, -1 ],
        [ IntegerRing() | 2, 2, 2, 2, 2, 2, 2, 2, 2, 2, 2, 2, 2, 2, 2, 2, 2, 2, 
        2, 2, 2, 2, 2, 2, 2, 2, 2, 2, 2, 2, 2, 2, 2, 2, 2, 2, 2, 2, 2, 2, 2, 2, 
        2, 2, 2, 2, 2, 2, 2, 2, 2, 2, 2, 2, 2, 2, 2, 2, 2, 2, 2, 2, 2, 2, 2, 2, 
        2, 2, 2, 2, 2, 2, 2, 2, 2, 2, 1, 2, 2, 2, 2, 2, 2, 2, 2, 2, 2, 2, 2, 2, 
        2, 2, 2, 2, 2, 2, 2, 2, 2, 2, 2, 2, 2, 2, 2, 2, 2, 2, 2, 2, 2, 2, 2, 2, 
        2, 2, 2, 2, 2, 2, 2, 2, 2, 2, 2, 2, 2, 2, 2, 2, 2, 2, 2, -1, 2, 2, 2, 2,
        2, 2, 2, 2, 1, 2, 2, -1, 2, 2, 2, 2, 2, 2, 2, 2, 1, 2, 2, 1, 2 ]
    ], level := 84, genus := 24, index := 336, contains_minus_one := true, 
    subgroups := [], supergroups := [ IntegerRing() | 3, 6, 10, 29, 81, 86, 3047
    ], name := "84D24", label := "D", order := 1152, GLZConj := 2, matgens := [ 
        PowerSequence(IntegerRing(84)) |
        [ IntegerRing(84) | 1, 42, 0, 1 ],
        [ IntegerRing(84) | 1, 56, 0, 1 ],
        [ IntegerRing(84) | 13, 0, 0, 13 ],
        [ IntegerRing(84) | 25, 60, 36, 73 ],
        [ IntegerRing(84) | 37, 72, 0, 25 ],
        [ IntegerRing(84) | 43, 63, 0, 43 ],
        [ IntegerRing(84) | 49, 12, 60, 49 ],
        [ IntegerRing(84) | 71, 70, 0, 71 ],
        [ IntegerRing(84) | 73, 48, 24, 25 ]
    ], cusps := [ IntegerRing() | 7, 7, 14, 21, 21, 28, 28, 42, 84, 84 ], c2 := 
    [ IntegerRing() | 2, 2, 2, 2, 2, 2, 2, 2, 2, 2, 2, 2, 2, 2, 2, 2, 2, 2, 2, 
    2, 2, 2, 2, 2, 2, 2, 2, 2, 2, 2, 2, 2, 2, 2, 2, 2, 2, 2, 2, 2, 2, 2, 2, 2, 
    2, 2, 2, 2, 2, 2, 2, 2, 2, 2, 2, 2, 2, 2, 2, 2, 2, 2, 2, 2, 2, 2, 2, 2, 2, 
    2, 2, 2, 2, 2, 2, 2, 2, 2, 2, 2, 2, 2, 2, 2, 2, 2, 2, 2, 2, 2, 2, 2, 2, 2, 
    2, 2, 2, 2, 2, 2, 2, 2, 2, 2, 2, 2, 2, 2, 2, 2, 2, 2, 2, 2, 2, 2, 2, 2, 2, 
    2, 2, 2, 2, 2, 2, 2, 2, 2, 2, 2, 2, 2, 2, 2, 2, 2, 2, 2, 2, 2, 2, 2, 2, 2, 
    2, 2, 2, 2, 2, 2, 2, 2, 2, 2, 2, 2, 2, 2, 2, 2, 2, 2, 2, 2, 2, 2, 2, 2 ], c3
    := [ IntegerRing() | 3, 3, 3, 3, 3, 3, 3, 3, 3, 3, 3, 3, 3, 3, 3, 3, 3, 3, 
    3, 3, 3, 3, 3, 3, 3, 3, 3, 3, 3, 3, 3, 3, 3, 3, 3, 3, 3, 3, 3, 3, 3, 3, 3, 
    3, 3, 3, 3, 3, 3, 3, 3, 3, 3, 3, 3, 3, 3, 3, 3, 3, 3, 3, 3, 3, 3, 3, 3, 3, 
    3, 3, 3, 3, 3, 3, 3, 3, 3, 3, 3, 3, 3, 3, 3, 3, 3, 3, 3, 3, 3, 3, 3, 3, 3, 
    3, 3, 3, 3, 3, 3, 3, 3, 3, 3, 3, 3, 3, 3, 3, 3, 3, 3, 3 ], gc := [ 
    IntegerRing() | 2, 2, 2, 2, 2, 2, 2, 2, 4, 4, 4, 4, 4, 4, 6, 6, 6, 6, 6, 6, 
    6, 6, 6, 6, 6, 6, 6, 6, 6, 6, 8, 12, 12, 12, 12, 12, 12, 12, 12, 12, 12, 12,
    12, 24, 24 ], special_name := [], special_name_html := [], direct_subgroups 
    := [], direct_supergroups := [ IntegerRing() | 86, 3047 ], length := 168, 
    treename := [ PowerSequence(IntegerRing()) |
        [ IntegerRing() | 336, 2, 3, 5, 7, 12 ],
        [ IntegerRing() | 336, 2, 3, 5, 7, 16 ],
        [ IntegerRing() | 420, 2, 5, 7, 19, 19 ],
        [ IntegerRing() | 420, 2, 5, 7, 19, 21 ],
        [ IntegerRing() | 504, 2, 2, 8, 7, 21 ],
        [ IntegerRing() | 504, 2, 2, 8, 7, 35 ],
        [ IntegerRing() | 588, 2, 2, 6, 13, 6 ],
        [ IntegerRing() | 588, 2, 2, 6, 13, 16 ]
    ], treesupergroups := [ PowerSequence(IntegerRing()) |
        [ IntegerRing() | 336, 2, 3, 5, 7 ],
        [ IntegerRing() | 336, 2, 3, 5, 7 ],
        [ IntegerRing() | 300, 7, 6 ],
        [ IntegerRing() | 300, 4, 6, 8, 9 ],
        [ IntegerRing() | 300, 4, 6, 8 ],
        [ IntegerRing() | 300, 4, 6 ],
        [ IntegerRing() | 300, 7 ],
        [ IntegerRing() | 300, 4 ],
        [ IntegerRing() | 420, 2, 5, 7, 19 ],
        [ IntegerRing() | 420, 2, 5, 7, 19 ],
        [ IntegerRing() | 504, 2, 2, 8, 7 ],
        [ IntegerRing() | 504, 2, 2, 8, 7 ],
        [ IntegerRing() | 588, 2, 2, 6, 13 ],
        [ IntegerRing() | 588, 2, 2, 6, 13 ]
    ]>,
    rec<recformat<generators: SeqEnum, level: IntegerRing(), genus: 
    IntegerRing(), index: IntegerRing(), contains_minus_one: BoolElt, subgroups:
    SeqEnum, supergroups: SeqEnum, name: MonStgElt, label: MonStgElt, order: 
    IntegerRing(), GLZConj: IntegerRing(), matgens: SeqEnum, cusps: SeqEnum, c2:
    SeqEnum, c3: SeqEnum, gc: SeqEnum, projections: SeqEnum, special_name: 
    SeqEnum, special_name_html: SeqEnum, direct_subgroups: SeqEnum, 
    direct_supergroups: SeqEnum, length: IntegerRing(), treename: SeqEnum, 
    treesupergroups: SeqEnum> | generators := [ PowerSequence(IntegerRing()) |
        [ IntegerRing() | 2, 2, 2, 2, 2, 2, 2, 2, 1, 2, 2, 2, 2, 2, 2, 2, 2, 2, 
        2, 2, 2, 2, 2, 2, 2, 2, 2, 2, 2, 2, 2, 2, 2, -1, 2, 2, 2, 2, 2, 2, 2, 2,
        2, 2 ],
        [ IntegerRing() | 2, 2, 2, 2, 2, 2, 2, 2, 2, 2, 2, 2, 2, 2, 2, 2, 1, 2, 
        2, 2, 2, 2, 2, 2, 2, 2, 2, 2, 2, 2, 2, 2, 2, 2, 2, 2, 2, 2, 2, 2, 2, 2, 
        2, 2, 2, 2, 2, 2, 2, 2, 2, 2, 2, 2, 2, 2, 2, 2, 2, 2, 2, 2, 2, 2, 2, 2, 
        2, 2, 2, 2, 2, 2, 2, 2, 2, 2, 2, -1, 2, 2 ],
        [ IntegerRing() | 2, 2, 2, 2, 1, 2, 2, 2, 2, 2, 2, 2, 2, 2, 2, 2, 2, 2, 
        2, 2, 2, 2, 2, 2, 2, 2, 2, 2, 2, 2, 2, 2, 2, -1, 2, 2, 2, 2, 2, 2, 2, 2,
        2, 2 ],
        [ IntegerRing() | 2, 2, 2, 2, 2, 2, 2, 2, 2, 2, 2, 2, 1, 2, 2, 2, 2, 2, 
        2, 2, 2, 2, 2, 2, 2, 2, 2, 2, 2, 2, 2, 2, 2, 2, 2, 2, 2, 2, 2, 2, 2, -1,
        2, 2, 2, 2, 2, 2, 2, 2, 1, 2, 2, 2, 2, 2, 2, -1, 2, 2, 2, 2, 1, 2, 2, -1
        ],
        [ IntegerRing() | 2, 2, 2, 2, 1, 2, 2, 2, 2, 2, 2, 2, 2, 2, 2, 2, 2, 2, 
        2, 2, 2, 2, 2, 2, 2, 2, 2, 2, 2, 2, 2, 2, 2, -1, 2, 2, 2, 2, 1, 2, 2, 
        -1, 2, 2, 2, 2, 2, 2, 2, 2, 1, 2, 2, 1 ],
        [ IntegerRing() | 2, 2, 2, 2, 2, 2, 2, 2, 2, 2, 2, 2, 2, 2, 2, 2, 2, 2, 
        2, 2, 2, 2, 2, 2, 2, 2, 2, 2, 2, 2, 2, 2, 2, 2, 2, 2, 2, 2, 2, 2, 2, 2, 
        2, 2, 2, 2, 2, 2, 2, 2, 2, 2, 2, 2, 2, 2, 2, 2, 2, 2, 2, 2, 2, 2, 1, 2, 
        2, 2, 2, 2, 2, 2, 2, 2, 2, 2, 2, 2, 2, 2, 2, 2, 2, 2, 2, 2, 2, 2, 2, 2, 
        2, 2, 2, 2, 2, 2, 2, 2, 2, 2, 2, 2, 2, 2, 2, 2, 2, 2, 2, 2, 2, 2, 2, 2, 
        2, 2, 2, 2, 2, 2, 2, -1, 2, 2, 2, 2, 2, 2 ],
        [ IntegerRing() | 2, 2, 2, 2, 1, 2, 2, 2, 2, 2, 2, 2, 2, 2, 2, 2, 2, 2, 
        2, 2, 2, 2, 2, 2, 2, 2, 2, 2, 2, 2, 2, 2, 2, -1, 2, 2, 2, 2, 1, 2, 2, 
        -1, 2, 2, 2, 2, 2, 2, 2, 2, 1, 2, 2, -1 ],
        [ IntegerRing() | 2, 2, 2, 2, 2, 2, 2, 2, 2, 2, 2, 2, 2, 2, 2, 2, 2, 2, 
        2, 2, 2, 2, 2, 2, 2, 2, 2, 2, 2, 2, 2, 2, 2, 2, 2, 2, 2, 2, 2, 2, 2, 2, 
        2, 2, 2, 2, 2, 2, 2, 2, 2, 2, 1, 2, 2, 2, 2, 2, 2, 2, 2, 2, 2, 2, 2, 2, 
        2, -1, 2, 2, 2, 2, 1, 2, 2, 2, 2, 2, 2, 2, 2, 2, 2, 2, 2, 2, 2, -1 ],
        [ IntegerRing() | 2, 2, 2, 2, 2, 2, 2, 2, 2, 2, 2, 2, 2, 2, 2, 2, 2, 2, 
        2, 2, 2, 2, 2, 2, 2, 2, 2, 2, 2, 2, 2, 2, 2, 2, 2, 2, 2, 2, 2, 2, 2, 2, 
        2, 2, 2, 2, 2, 2, 1, 2, 2, 2, 2, 2, 2, 2, 2, 2, 2, 2, 2, 2, 2, 2, 2, 2, 
        2, 2, 2, 2, 2, 2, 2, 2, 2, 2, 2, 2, 2, 2, 2, 2, 2, 2, 2, 2, 2, 2, 2, 2, 
        2, 2, 2, 2, 2, 2, 2, 2, 2, 2, 2, 2, 2, 2, 2, 2, 2, 2, 2, 2, 2, 2, 2, 2, 
        2, 2, 2, 2, 2, -1, 2, 2, 2, 2, 2, 2, 2, 2, 1, 2, 2, 2, 2, 2, 2, -1, 2, 
        2, 2, 2, 2, 2, 2, 2, 2, 2, 2, 2, 1, 1, 2, 2, 1, 2, 1 ],
        [ IntegerRing() | 2, 2, 2, 2, 2, 2, 2, 2, 2, 2, 2, 2, 2, 2, 2, 2, 2, 2, 
        2, 2, 2, 2, 2, 2, 2, 2, 2, 2, 2, 2, 2, 2, 2, 2, 2, 2, 2, 2, 2, 2, 2, 2, 
        2, 2, 2, 2, 2, 2, 2, 2, 2, 2, 2, 2, 2, 2, 1, 2, 2, 2, 2, 2, 2, 2, 2, 2, 
        2, 2, 2, 2, 2, -1, 2, 2, 2, 2, 2, 2, 2, 2, 1, 2, 2, -1, 2, 2, 2, 2, 2, 
        2, 2, 2, 1, 2, 2, 1 ]
    ], level := 84, genus := 24, index := 378, contains_minus_one := true, 
    subgroups := [], supergroups := [ IntegerRing() | 3, 5, 27, 1867, 2423 ], 
    name := "84E24", label := "E", order := 1024, GLZConj := 2, matgens := [ 
        PowerSequence(IntegerRing(84)) |
        [ IntegerRing(84) | 13, 0, 0, 13 ],
        [ IntegerRing(84) | 15, 70, 35, 57 ],
        [ IntegerRing(84) | 29, 0, 0, 29 ],
        [ IntegerRing(84) | 29, 70, 28, 1 ],
        [ IntegerRing(84) | 37, 48, 12, 61 ],
        [ IntegerRing(84) | 43, 0, 42, 43 ],
        [ IntegerRing(84) | 49, 30, 24, 49 ],
        [ IntegerRing(84) | 57, 70, 56, 57 ],
        [ IntegerRing(84) | 61, 30, 60, 13 ],
        [ IntegerRing(84) | 71, 0, 0, 71 ]
    ], cusps := [ IntegerRing() | 21, 21, 21, 21, 21, 21, 84, 84, 84 ], c2 := [ 
    IntegerRing() | 1, 1, 1, 1, 1, 1, 1, 1, 1, 1, 1, 1, 1, 1, 1, 1, 2, 2, 2, 2, 
    2, 2, 2, 2, 2, 2, 2, 2, 2, 2, 2, 2, 2, 2, 2, 2, 2, 2, 2, 2, 2, 2, 2, 2, 2, 
    2, 2, 2, 2, 2, 2, 2, 2, 2, 2, 2, 2, 2, 2, 2, 2, 2, 2, 2, 2, 2, 2, 2, 2, 2, 
    2, 2, 2, 2, 2, 2, 2, 2, 2, 2, 2, 2, 2, 2, 2, 2, 2, 2, 2, 2, 2, 2, 2, 2, 2, 
    2, 2, 2, 2, 2, 2, 2, 2, 2, 2, 2, 2, 2, 2, 2, 2, 2, 2, 2, 2, 2, 2, 2, 2, 2, 
    2, 2, 2, 2, 2, 2, 2, 2, 2, 2, 2, 2, 2, 2, 2, 2, 2, 2, 2, 2, 2, 2, 2, 2, 2, 
    2, 2, 2, 2, 2, 2, 2, 2, 2, 2, 2, 2, 2, 2, 2, 2, 2, 2, 2, 2, 2, 2, 2, 2, 2, 
    2, 2, 2, 2, 2, 2, 2, 2, 2, 2, 2, 2, 2, 2, 2, 2, 2, 2, 2, 2, 2, 2, 2, 2, 2, 
    2, 2 ], c3 := [ IntegerRing() | 3, 3, 3, 3, 3, 3, 3, 3, 3, 3, 3, 3, 3, 3, 3,
    3, 3, 3, 3, 3, 3, 3, 3, 3, 3, 3, 3, 3, 3, 3, 3, 3, 3, 3, 3, 3, 3, 3, 3, 3, 
    3, 3, 3, 3, 3, 3, 3, 3, 3, 3, 3, 3, 3, 3, 3, 3, 3, 3, 3, 3, 3, 3, 3, 3, 3, 
    3, 3, 3, 3, 3, 3, 3, 3, 3, 3, 3, 3, 3, 3, 3, 3, 3, 3, 3, 3, 3, 3, 3, 3, 3, 
    3, 3, 3, 3, 3, 3, 3, 3, 3, 3, 3, 3, 3, 3, 3, 3, 3, 3, 3, 3, 3, 3, 3, 3, 3, 
    3, 3, 3, 3, 3, 3, 3, 3, 3, 3, 3 ], gc := [ IntegerRing() | 6, 6, 6, 6, 6, 6,
    6, 6, 6, 6, 6, 6, 6, 6, 6, 6, 6, 6, 6, 6, 6, 12, 12, 12, 12, 12, 12, 12, 12,
    12, 12, 12, 12, 12, 12, 12, 12, 12, 12, 12, 12, 12 ], special_name := [], 
    special_name_html := [], direct_subgroups := [], direct_supergroups := [ 
    IntegerRing() | 1867, 2423 ], length := 189, treename := [ 
        PowerSequence(IntegerRing()) |
        [ IntegerRing() | 336, 2, 4, 3, 2, 5 ],
        [ IntegerRing() | 336, 2, 4, 3, 2, 6 ],
        [ IntegerRing() | 336, 2, 4, 3, 2, 8 ],
        [ IntegerRing() | 336, 2, 4, 3, 2, 21 ],
        [ IntegerRing() | 336, 2, 4, 3, 2, 22 ],
        [ IntegerRing() | 336, 2, 4, 3, 2, 24 ],
        [ IntegerRing() | 336, 2, 4, 3, 4, 2 ],
        [ IntegerRing() | 420, 2, 7, 6, 5, 7 ],
        [ IntegerRing() | 420, 2, 7, 6, 5, 8 ],
        [ IntegerRing() | 420, 2, 7, 6, 5, 15 ],
        [ IntegerRing() | 420, 2, 7, 6, 5, 16 ],
        [ IntegerRing() | 420, 2, 7, 6, 5, 23 ],
        [ IntegerRing() | 420, 2, 7, 6, 5, 24 ],
        [ IntegerRing() | 420, 2, 7, 6, 9, 5 ],
        [ IntegerRing() | 504, 2, 5, 4, 4, 12 ],
        [ IntegerRing() | 504, 2, 5, 4, 4, 16 ],
        [ IntegerRing() | 504, 2, 5, 4, 4, 20 ],
        [ IntegerRing() | 504, 2, 5, 4, 4, 24 ],
        [ IntegerRing() | 504, 2, 5, 4, 4, 28 ],
        [ IntegerRing() | 504, 2, 5, 4, 4, 32 ],
        [ IntegerRing() | 504, 2, 5, 4, 18, 3 ],
        [ IntegerRing() | 588, 2, 5, 4, 4, 4 ],
        [ IntegerRing() | 588, 2, 5, 4, 4, 6 ],
        [ IntegerRing() | 588, 2, 5, 4, 4, 8 ],
        [ IntegerRing() | 588, 2, 5, 4, 4, 20 ],
        [ IntegerRing() | 588, 2, 5, 4, 4, 22 ],
        [ IntegerRing() | 588, 2, 5, 4, 4, 24 ],
        [ IntegerRing() | 588, 2, 5, 5, 6, 3 ]
    ], treesupergroups := [ PowerSequence(IntegerRing()) |
        [ IntegerRing() | 336, 2, 4, 3, 2 ],
        [ IntegerRing() | 336, 2, 4, 3, 2 ],
        [ IntegerRing() | 336, 2, 4, 3, 2 ],
        [ IntegerRing() | 336, 2, 4, 3, 2 ],
        [ IntegerRing() | 336, 2, 4, 3, 2 ],
        [ IntegerRing() | 336, 2, 4, 3, 2 ],
        [ IntegerRing() | 336, 2, 4, 3, 4 ],
        [ IntegerRing() | 300, 6, 5 ],
        [ IntegerRing() | 300, 7 ],
        [ IntegerRing() | 300, 6 ],
        [ IntegerRing() | 420, 2, 7, 6, 5 ],
        [ IntegerRing() | 420, 2, 7, 6, 5 ],
        [ IntegerRing() | 420, 2, 7, 6, 5 ],
        [ IntegerRing() | 420, 2, 7, 6, 5 ],
        [ IntegerRing() | 420, 2, 7, 6, 5 ],
        [ IntegerRing() | 420, 2, 7, 6, 5 ],
        [ IntegerRing() | 420, 2, 7, 6, 9 ],
        [ IntegerRing() | 504, 2, 5, 4, 4 ],
        [ IntegerRing() | 504, 2, 5, 4, 4 ],
        [ IntegerRing() | 504, 2, 5, 4, 4 ],
        [ IntegerRing() | 504, 2, 5, 4, 4 ],
        [ IntegerRing() | 504, 2, 5, 4, 4 ],
        [ IntegerRing() | 504, 2, 5, 4, 4 ],
        [ IntegerRing() | 504, 2, 5, 4, 18 ],
        [ IntegerRing() | 588, 2, 5, 4, 4 ],
        [ IntegerRing() | 588, 2, 5, 4, 4 ],
        [ IntegerRing() | 588, 2, 5, 4, 4 ],
        [ IntegerRing() | 588, 2, 5, 4, 4 ],
        [ IntegerRing() | 588, 2, 5, 4, 4 ],
        [ IntegerRing() | 588, 2, 5, 4, 4 ],
        [ IntegerRing() | 588, 2, 5, 5, 6 ]
    ]>
]
;

