// list of all congruence groups with genus  4
// with  64 <= level < 72
//
// by c cummins and s pauli
// load "csg4-lev56.dat";
import "csg4-lev56.dat" : L4_56;
L4_64 := L4_56 cat 
[ PowerStructure(Rec) |
    rec<recformat<generators: SeqEnum, level: IntegerRing(), genus: 
    IntegerRing(), index: IntegerRing(), contains_minus_one: BoolElt, subgroups:
    SeqEnum, supergroups: SeqEnum, name: MonStgElt, label: MonStgElt, order: 
    IntegerRing(), GLZConj: IntegerRing(), matgens: SeqEnum, cusps: SeqEnum, c2:
    SeqEnum, c3: SeqEnum, gc: SeqEnum, projections: SeqEnum, special_name: 
    SeqEnum, special_name_html: SeqEnum, direct_subgroups: SeqEnum, 
    direct_supergroups: SeqEnum, length: IntegerRing(), treename: SeqEnum, 
    treesupergroups: SeqEnum> | generators := [ PowerSequence(IntegerRing()) |
        [ IntegerRing() | -1, 2, 2, 2, 2, 2, 2, 2, 2, 2, 2, 2, 2, 2, 2, 2, 2, 2,
        2, 2, 2, 2, 2, 2, 2, 2, 2, 2, 2, 2, 2, 2, 2, 2, 2, 2, 2, 2, 2, 2, 2, 2, 
        2, 2, 2, 2, 2, 2, 2, 2, 2, 2, 2, 2, 2, 2, 2, 2, 2, 2, 2, 2, 2, 2, 2, 2, 
        2, 2, 2, 2, 2, 2, 2, 2, 2, 2, 2, 2, 2, 2, 2, 2, 2, 2, 2, 2, 2, 2, 2, 2, 
        2, 2, 2, 2, 2, 2, 2, 2, 2, 2, 2, 2, 2, 2, 2, 2, 1, 2, 2, 2, 2, 2, 2, 2, 
        2, 2, 2, 2, 2, 2, 2, 2, 2, 2, 2, 2, 2, 2, 2, 2, 2, 2, 2, 2, 2, 2, 2, 2, 
        2, 2, 2, 2, 2, 2, 2, -1, 2, 2, 2, 2, 2, 2, 2, 2, 2, 2, 2, 2, 2, 2, 2, 2,
        2, 2, 2, 2, 2, 2, 2, 2, 2, 2, 2, 2, 2, 2, 2, 2, 2, 2, 2, 2, 2, 2, 2, 2, 
        2, 2, 2, 2, 2, 2, 2, 2, 2, 2, 2, 2, 2, 2, 2, 2, 2, 2, 2, 2, 2, 2, 2, 2, 
        2, 2, 2, 2, 2, 2, 2, 2, 2, 2, 2, 1, 1, 2, 2, 1, -2, -2, -1 ],
        [ IntegerRing() | -1, 2, 2, 2, 2, 2, 2, 2, 2, 2, 2, 2, 2, 2, 2, 2, 1, 2,
        2, 2, 2, 2, 2, 2, 2, 2, 2, 2, 2, 2, 2, -1, 2, 2, 2, 2, 2, 2, 2, 2, 2, 2,
        2, 2, 2, 2, 2, 1, 2, 1, 1 ],
        [ IntegerRing() | -1, 2, 2, 2, 2, 2, 2, 2, 2, 2, 2, 2, 2, 2, 2, 2, 2, 2,
        2, 2, 2, 2, 2, 2, 2, 2, 2, 2, 2, 2, 2, 2, 2, 2, 2, 2, 2, 2, 2, 2, 2, 2, 
        2, 2, 2, 2, 1, 2, 2, 2, 2, 2, 2, -1, 2, 2, 2, 2, 2, 2, 2, 2, 2, 2, 2, 2,
        2, 2, 2, 1, 2, 2, 2, 2, -1, 2, 2, 2, 2, 2, 2, 2, 2, 2, 2, 2, 2, 2, 2, 2 
        ],
        [ IntegerRing() | -1, 2, 2, 2, 2, 2, 2, 2, 2, 2, 2, 2, 2, 2, 2, 2, 1, 2,
        2, 2, 2, 2, 2, 2, 2, 2, 2, 2, 2, 2, 2, -1, 2, 2, 2, 2, 2, 2, 2, 2, 2, 2,
        2, 2, 2, 2, 2, 1, 2 ],
        [ IntegerRing() | -1, 2, 2, 2, 2, 2, 2, 2, 2, 2, 2, 2, 2, 2, 2, 2, 2, 2,
        2, 2, 2, 2, 2, 2, 2, 2, 2, 2, 2, 2, 2, 2, 2, 2, 2, 2, 2, 2, 2, 2, 2, 2, 
        2, 2, 2, 2, 1, 2, 2, 2, 2, 2, 2, 2, 2, 2, 2, 2, 2, -1, 2, 2, 2, 2, 2, 2,
        2, 2, 2, 2, 2, 2, 2, 2, 2, 1, 2, 2, 2 ],
        [ IntegerRing() | -1, 2, 2, 2, 2, 2, 2, 2, 2, 2, 2, 2, 2, 2, 2, 2, 1, 2,
        2, 2, 2, 2, 2, 2, 2, 2, 2, 2, 2, 2, 2, 2, 2, 2, 2, 2, 2, 2, 2, 2, 2, 2, 
        2, 1, -2, -2, -1 ],
        [ IntegerRing() | -1, 2, 2, 2, 2, 2, 2, 2, 2, 2, 2, 2, 2, 2, 2, 2, 2, 2,
        2, 2, 2, 2, 2, 2, 2, 2, 2, 2, 2, 2, 2, 1, 2, 2, 2, 2, 2, 2, 2, 2, 2, 2, 
        2, 2, 2, 2, 2, 2, 2, 2, 2, 2, 2, 2, 2, 2, 2, 2, 2, 2, 2, 2, 2, 2, 2, 2, 
        -1, 2, 2, 2, 2, 2, 2, 2, 2, 2, 2, 2, 2, 2, 2, 2, 1, 2 ],
        [ IntegerRing() | 2, 2, 2, 2, 2, 2, 2, 2, 2, 2, 2, 2, 2, 2, 2, 2, 2, 2, 
        2, 2, 2, 2, 2, 2, 2, 2, 2, 2, 2, 2, 2, 2, 2, 2, 2, 2, 2, 2, -1, 2, 2, 2,
        2, 2, 2, 2, 2, 2, 2, 2, 2, 2, 2, 2, 1, 2, 2 ]
    ], level := 65, genus := 4, index := 70, contains_minus_one := true, 
    subgroups := [ IntegerRing() | 1833, 1913, 2316, 3025, 3026, 3744, 3745, 
    3856, 3857, 4333, 4334, 4566, 4617, 5746, 7028, 7068 ], supergroups := [ 
    IntegerRing() | 16, 87 ], name := "65A4", label := "A", order := 3744, 
    GLZConj := 1, matgens := [ PowerSequence(IntegerRing(65)) |
        [ IntegerRing(65) | 11, 45, 45, 1 ],
        [ IntegerRing(65) | 14, 0, 0, 14 ],
        [ IntegerRing(65) | 16, 5, 50, 36 ],
        [ IntegerRing(65) | 16, 60, 45, 51 ],
        [ IntegerRing(65) | 27, 0, 0, 53 ],
        [ IntegerRing(65) | 40, 39, 26, 40 ],
        [ IntegerRing(65) | 51, 0, 0, 51 ],
        [ IntegerRing(65) | 53, 26, 52, 1 ]
    ], cusps := [ IntegerRing() | 5, 65 ], c2 := [ IntegerRing() | 1, 1, 2, 2, 
    2, 2, 2, 2, 2, 2, 2, 2, 2, 2, 2, 2, 2, 2, 2, 2, 2, 2, 2, 2, 2, 2, 2, 2, 2, 
    2, 2, 2, 2, 2, 2, 2 ], c3 := [ IntegerRing() | 1, 1, 1, 1, 3, 3, 3, 3, 3, 3,
    3, 3, 3, 3, 3, 3, 3, 3, 3, 3, 3, 3, 3, 3, 3, 3 ], gc := [ IntegerRing() | 1,
    1, 4, 4, 12, 48 ], special_name := [], special_name_html := [], 
    direct_subgroups := [ IntegerRing() | 1833, 1913, 2316, 3025, 3026, 3744, 
    3745, 3856, 3857, 4333, 4334, 4566, 4617, 5746, 7028, 7068 ], 
    direct_supergroups := [ IntegerRing() | 16, 87 ], length := 70, treename := 
    [ PowerSequence(IntegerRing()) |
        [ IntegerRing() | 325, 4, 4 ],
        [ IntegerRing() | 390, 4, 5 ],
        [ IntegerRing() | 455, 4, 7 ],
        [ IntegerRing() | 520, 4, 5 ],
        [ IntegerRing() | 585, 4, 6 ]
    ], treesupergroups := [ PowerSequence(IntegerRing()) |
        [ IntegerRing() | 325, 4 ],
        [ IntegerRing() | 300, 5 ],
        [ IntegerRing() | 390, 4 ],
        [ IntegerRing() | 455, 4 ],
        [ IntegerRing() | 520, 4 ],
        [ IntegerRing() | 585, 4 ]
    ]>,
    rec<recformat<generators: SeqEnum, level: IntegerRing(), genus: 
    IntegerRing(), index: IntegerRing(), contains_minus_one: BoolElt, subgroups:
    SeqEnum, supergroups: SeqEnum, name: MonStgElt, label: MonStgElt, order: 
    IntegerRing(), GLZConj: IntegerRing(), matgens: SeqEnum, cusps: SeqEnum, c2:
    SeqEnum, c3: SeqEnum, gc: SeqEnum, projections: SeqEnum, special_name: 
    SeqEnum, special_name_html: SeqEnum, direct_subgroups: SeqEnum, 
    direct_supergroups: SeqEnum, length: IntegerRing(), treename: SeqEnum, 
    treesupergroups: SeqEnum> | generators := [ PowerSequence(IntegerRing()) |
        [ IntegerRing() | -1, 2, 2, 2, 2, 2, 2, 2, 2, 2, 2, -1, -2, -2, 1, -2, 
        -2, -1, -2, -2, -1, -2, -2, 1, -2, -2, -1, -2, -2, -1, -2, -2, 1, -2, 
        -2, -1, -2, -2, -1, -2, -2, 1, -2, -2, -1, -2, -2, -1, -2, -2, 1, -2, 
        -2, -1, -2, -2, -2, -2, -2, -2, -2, -2, -2, -2, -2, -2, -2, -2, -2, -2, 
        -2, -2, -2, -2, -2, -2, -2, -2, -2, -2, -2, -2, -2, -2, -2, -2, -2, -2, 
        -2, -2, -2, -2, -2, -2, -2, -2, -2, -2, -2, -2, -2, -2, -2, -2, -2, -2, 
        -1, -2, -2, 1, -2, -2, -1, -1, -2, -2, 1, -2, -2, 1 ],
        [ IntegerRing() | -1, 2, 2, 2, 2, 2, 2, 2, 2, 2, 2, -1, -2, -2, 1, -2, 
        -2, -1, -2, -2, -2, -2, -2, -2, -2, -2, -2, -2, -2, -2, -2, -2, -2, -2, 
        -2, -2, -2, -2, -2, -2, -2, -2, -2, -2, -2, -2, -2, -2, -2, -2, -2, -2, 
        -2, -2, -2, -2, -2, -2, -2, -2, -2, -2, -2, -2, -2, -2, -2, -2, -2, -2, 
        -2, -2, -2, -2, 1, -2, -2, -2 ],
        [ IntegerRing() | -1, 2, 2, 2, 2, 2, 2, 2, 2, 2, 2, -1, -2, -2, 1, -2, 
        -2, -1, -2, -2, -1, -2, -2, 1, -2, -2, -1, -2, -2, -2, -2, -2, -2, -2, 
        -2, -2, -2, -2, -2, -2, -2, -2, -2, -2, -2, -2, -2, -2, -2, -2, -2, -2, 
        -2, -2, -2, -2, -2, -2, -2, -2, -2, -2, -2, -2, -2, -2, -2, -2, -2, -2, 
        -2, -2, -2, -2, -2, -2, -2, -2, -2, -2, -2, -2, -2, -2, -2, -1, -2, -2, 
        1, -2, -2, -1, -2, -2, -1, -2, -2, 1, -2, -2, -1, -2, -2, -2 ],
        [ IntegerRing() | -1, 2, 2, 2, 2, 2, 2, 2, 2, 2, 2, -1, -2, -2, 1, -2, 
        -2, -1, -2, -2, -2, -2, -2, -2, -2, -2, -2, -2, -2, -2, -2, -2, -2, -2, 
        -1, -2, -2, 1, -2, -2, -1, -2, -2, -2, -2, 1 ],
        [ IntegerRing() | -1, 2, 2, 2, 2, 2, 2, 2, 2, 2, 2, -1, -2, -2, 1, -2, 
        -2, -1, -2, -2, -1, -2, -2, 1, -2, -2, -1, -2, -2, -1, -2, -2, 1, -2, 
        -2, -1, -2, -2, -1, -2, -2, 1, -2, -2, -1, -2, -2, -1, -2, -2, 1, -2, 
        -2, -1, -2, -2, -2, -2, -2, -2, -2, -2, -2, -2, -2, -2, -2, -2, -2, -2, 
        -2, -2, -2, -2, -2, -2, -2, -2, -2, -2, -2, -2, -2, -2, -2, -2, -2, -2, 
        -2, -2, -1, -2, -2, 1, -2, -2, -1, -2, -2, -2, -2, -2, -2, -2, -2, -1, 
        -2, -2, 1, -2, -2, -2 ],
        [ IntegerRing() | -1, 2, 2, 2, 2, 2, 2, 2, 2, 2, 2, -1, -2, -2, 1, -2, 
        -2, -1, -2, -2, -2, -2, -2, -2, -2, -2, -2, -2, -2, -2, -2, -2, -2, -2, 
        -1, -2, -2, 1, -2, -2, -1, -2, -2, -2, -2, 1, 1, 1 ],
        [ IntegerRing() | -1, 2, 2, 2, 2, 2, 2, 2, 2, 2, 2, -1, -2, -2, 1, -2, 
        -2, -1, -2, -2, -1, -2, -2, 1, -2, -2, -1, -2, -2, -1, -2, -2, 1, -2, 
        -2, -1, -2, -2, -1, -2, -2, 1, -2, -2, -1, -2, -2, -1, -2, -2, 1, -2, 
        -2, -1, -2, -2, -1, -2, -2, 1, -2, -2, -1, -2, -2, -1, -2, -2, 1, -2, 
        -2, -1, -2, -2, -1, -2, -2, 1, -2, -2, -1, -2, -2, -1, -2, -2, 1, -2, 
        -2, -1, -2, -2, -1, -2, -2, 1, -2, -2, -1, -2, -2, -1, -2, -2, 1, -2, 
        -2, -1, -2, -2, -1, -2, -2, 1, -2, -2, -1, -2, -2, -1, -2, -2, 1, -2, 
        -2, -1, -2, -2, -1, -2, -2, 1, -2, -2, -1, -2, -2, -1, -2, -2, 1, -2, 
        -2, -1, -2, -2, -1, -2, -2, 1, -2, -2, -1, -2, -2, -2, -2, -2, -2, -2, 
        -2, -2, -2, -2, -2, -2, -2, -2, -2, -2, -2, -2, -2, -2, -2, -2, -2, -2, 
        -2, -2, -2, -2, -2, -2, -2, -2, -2, -2, -2, -2, -2, -2, -2, -2, -2, -2, 
        -2, -2, -2, -2, -2, -2, -2, -2, -2, -2, -2, -2, -2, 1, -2, -2, -2, -2 ]
    ], level := 66, genus := 4, index := 66, contains_minus_one := true, 
    subgroups := [ IntegerRing() | 4482, 5749, 6264, 6266, 7191, 8099 ], 
    supergroups := [ IntegerRing() | 2, 24, 249 ], name := "66A4", label := "A",
    order := 2880, GLZConj := 2, matgens := [ PowerSequence(IntegerRing(66)) |
        [ IntegerRing(66) | 1, 44, 44, 23 ],
        [ IntegerRing(66) | 23, 0, 0, 23 ],
        [ IntegerRing(66) | 34, 33, 11, 1 ],
        [ IntegerRing(66) | 40, 17, 1, 45 ],
        [ IntegerRing(66) | 43, 0, 0, 43 ],
        [ IntegerRing(66) | 45, 22, 44, 45 ],
        [ IntegerRing(66) | 48, 29, 7, 7 ]
    ], cusps := [ IntegerRing() | 66 ], c2 := [ IntegerRing() | 2, 2, 2, 2, 2, 
    2, 2, 2, 2, 2, 2, 2, 2, 2, 2, 2, 2, 2, 2, 2, 2, 2, 2, 2, 2, 2, 2, 2, 2, 2, 
    2, 2, 2 ], c3 := [ IntegerRing() | 1, 1, 1, 1, 1, 1, 3, 3, 3, 3, 3, 3, 3, 3,
    3, 3, 3, 3, 3, 3, 3, 3, 3, 3, 3, 3 ], gc := [ IntegerRing() | 4, 20, 20 ], 
    special_name := [], special_name_html := [], direct_subgroups := [ 
    IntegerRing() | 4482, 5749, 6264, 6266, 7191, 8099 ], direct_supergroups := 
    [ IntegerRing() | 24, 249 ], length := 22, treename := [ 
        PowerSequence(IntegerRing()) |
        [ IntegerRing() | 330, 3, 12, 10 ],
        [ IntegerRing() | 330, 3, 12, 11 ],
        [ IntegerRing() | 396, 3, 9, 8 ],
        [ IntegerRing() | 396, 3, 9, 10 ],
        [ IntegerRing() | 462, 3, 10, 8 ],
        [ IntegerRing() | 462, 3, 10, 9 ],
        [ IntegerRing() | 528, 3, 8, 7 ],
        [ IntegerRing() | 528, 3, 8, 9 ]
    ], treesupergroups := [ PowerSequence(IntegerRing()) |
        [ IntegerRing() | 330, 3, 12 ],
        [ IntegerRing() | 330, 3, 12 ],
        [ IntegerRing() | 300, 8, 6 ],
        [ IntegerRing() | 300, 8 ],
        [ IntegerRing() | 396, 3, 9 ],
        [ IntegerRing() | 396, 3, 9 ],
        [ IntegerRing() | 462, 3, 10 ],
        [ IntegerRing() | 462, 3, 10 ],
        [ IntegerRing() | 528, 3, 8 ],
        [ IntegerRing() | 528, 3, 8 ]
    ]>,
    rec<recformat<generators: SeqEnum, level: IntegerRing(), genus: 
    IntegerRing(), index: IntegerRing(), contains_minus_one: BoolElt, subgroups:
    SeqEnum, supergroups: SeqEnum, name: MonStgElt, label: MonStgElt, order: 
    IntegerRing(), GLZConj: IntegerRing(), matgens: SeqEnum, cusps: SeqEnum, c2:
    SeqEnum, c3: SeqEnum, gc: SeqEnum, projections: SeqEnum, special_name: 
    SeqEnum, special_name_html: SeqEnum, direct_subgroups: SeqEnum, 
    direct_supergroups: SeqEnum, length: IntegerRing(), treename: SeqEnum, 
    treesupergroups: SeqEnum> | generators := [ PowerSequence(IntegerRing()) |
        [ IntegerRing() | 1, 2, 2, 2, 2, 2, 2, 2, 2, 2, 2, -1, 2, 2, 2, 2, 2, 2,
        -1, -2, -2, -2, -2, 1, -2, -2, -2, -2, -2, -2, -2, -2, -2, -2, -2, -2, 
        -2, -2, -1, 2, 2, 2, 2, 2, 2, -1, -2, -2, -2, -2, 1, -2, -2, -2, -2, -2,
        -2, -2, -2, -2, -2, -2, -2, -2, -2, -1, 2, 2, 2, 2, 2, 2, -1, -2, -2, 
        -2, -2, 1, -2, -2, -2, -2, -2, -2, -2, -2, -2, -2, -2, -2, -2, -2, -1, 
        2, 2, 2, 2, 2, 2, -1, -2, -2, -2, -2, 1, -2, -2, -2, -2, -2, -2, -2, -2,
        -2, -2, -2, -2, -2, -2, -1, 2, 2, 2, 2, 2, 2, -1, -2, -2, -2, -2, 1, -2,
        -2, -2, -2, -1, 2, 2, 2, 2, 2, 2, -1, -2, -2, -2, -2, 1, 1, 2, 2 ],
        [ IntegerRing() | 1, 2, 2, 2, 2, 2, 2, 2, 2, 2, 2, -1, 2, 2, 2, 2, 2, 2,
        -1, -2, -2, -2, -2, 1, -2, -2, -2, -2, -2, -2, -2, -2, -2, -2, -2, -2, 
        -2, -2, -1, 2, 2, 2, 2, 2, 2, -1, -2, -2, -2, -2, 1, -2, -2, -2, -2, -2,
        -2, -2, -2, -2, -2, -2, -2, -2, -2, -1, 2, 2, 2, 2, 2, 2, -1, -2, -2, 
        -2, -2, 1, -2, -2, -2, -2, -2, -2, -2, -2, -2, -2, -2, -2, -2, -2, -1, 
        2, 2, 2, 2, 2, 2, -1, -2, -2, -2, -2, 1, -2, -2, -2, -2, -2, -2, -2, -2,
        -2, -2, -2, -2, -2, -2, -1, 2, 2, 2, 2, 2, 2, -1, -2, -2, -2, -2, 1, -2,
        -2, -2, -2, -2, -2, -2, -2, -2, -2, -2, -2, -2, -2, -1, 2, 2, 2, 2, 2, 
        2, -1, -2, -2, -2, -2, 1, -2, -2, -2, -2, -2, -2, -2, -2, -2, -2, -2, 
        -2, -2, -2, -1, 2, 2, 2, 2, 2, 2, -1, -2, -2, -2, -2, 1, 2, 2, 2, 2, 2, 
        2, 2, 2, 2, 2, 1, 1, 2, 1 ],
        [ IntegerRing() | 1, 2, 2, 2, 2, 2, 2, 2, 2, 2, 2, -1, 2, 2, 2, 2, 2, 2,
        -1, -2, -2, -2, -2, 1, -2, -2, -2, -2, -2, -2, -2, -2, -2, -2, -2, -2, 
        -2, -2, -2, -2, -2, -2, -1, 2, 2, 2, 2, 2, 2, -1, -2, -2, -2, -2 ],
        [ IntegerRing() | 1, 2, 2, 2, 2, 2, 2, 2, 2, 2, 2, -1, 2, 2, 2, 2, 2, 2,
        -1, -2, -2, -2, -2, 1, -2, -2, -2, -2, -2, -2, -2, -2, -2, -2, -2, -2, 
        -2, -2, -1, 2, 2, 2, 2, 2, 2, -1, -2, -2, -2, -2, 1, -2, -2, -2, -2, -2,
        -2, -2, -2, -2, -2, -2, -2, -2, -2, -1, 2, 2, 2, 2, 2, 2, -1, -2, -2, 
        -2, -2, 1, -2, -2, -2, -2, -2, -2, -2, -2, -2, -2, -2, -2, -2, -2, -1, 
        2, 2, 2, 2, 2, 2, -1, -2, -2, -2, -2, 1, -2, -2, -2, -2, -2, -2, -2, -2,
        -2, -2, -2, -2, -2, -2, -1, 2, 2, 2, 2, 2, 2, -1, -2, -2, -2, -2, 1, -2,
        -2, -2, -2, -2, -2, -2, -2, -2, -2, -2, -2, -2, -2, -1, 2, 2, 2, 2, 2, 
        2, -1, -2, -2, -2, -2, 1, -2, -2, -2, -2, -2, -2, -2, -2, -2, -2, -2, 
        -2, -2, -2, -1, 2, 2, 2, 2, 2, 2, -1, -2, -2, -2, -2, 1, -2, -2, -2, -2,
        -2, -2, -2, -2, -2, -2, -2, -2, -2, -2, -1, 2, 2, 2, 2, 2, 2, -1, -2, 
        -2, -2, -2, 1, -2, -2, -2, -2, -2, -2, -2, -2, -2, -2, -2, -2, -2, -2, 
        -1, 2, 2, 2, 2, 2, 2, -1, -2, -2, -2, -2, 1, -2, -2, -2, -2, -2, -2, -2,
        -2, -1, 2, 2, 2, 2, 2, 2, -1, -2, -2, -2, -2 ],
        [ IntegerRing() | 1, 2, 2, 2, 2, 2, 2, 2, 2, 2, 2, -1, 2, 2, 2, 2, 2, 2,
        -1, -2, -2, -2, -2, 1, -2, -2, -2, -2, -2, -2, -2, -2, -2, -2, -2, -2, 
        -2, -2, -1, 2, 2, 2, 2, 2, 2, -1, -2, -2, -2, -2, 1, -2, -2, -2, -2, -2,
        -2, -2, -2, -2, -2, -2, -2, -2, -2, -1, 2, 2, 2, 2, 2, 2, -1, -2, -2, 
        -2, -2, 1, -2, -2, -2, -2, -2, -2, -2, -2, -2, -2, -2, -2, -2, -2, -1, 
        2, 2, 2, 2, 2, 2, -1, -2, -2, -2, -2, 1, -2, -2, -2, -2, -2, -2, -2, -2,
        -2, -2, -2, -2, -2, -2, -1, 2, 2, 2, 2, 2, 2, -1, -2, -2, -2, -2, 1, -2,
        -2, -2, -2, -2, -2, -2, -2, -2, -2, -2, -2, -2, -2, -1, 2, 2, 2, 2, 2, 
        2, -1, -2, -2, -2, -2, 1, -2, -2, -2, -2, -2, -2, -2, -2, -2, -2, -2, 
        -2, -2, -2, -1, 2, 2, 2, 2, 2, 2, -1, -2, -2, -2, -2, 1, -2, -2, -2, -2,
        -2, -2, -2, -2, -2, -2, -2, -2, -2, -2, -1, 2, 2, 2, 2, 2, 2, -1, -2, 
        -2, -2, -2, 1, -2, -2, -2, -2, -2, -2, -2, -2, -2, -2, -2, -2, -2, -2, 
        -1, 2, 2, 2, 2, 2, 2, -1, -2, -2, -2, -2, 1, -2, -2, -2, -2, -2, -2, -2,
        -2, -2, -2, -2, -2, -2, -2, -1, 2, 2, 2, 2, 2, 2, -1, -2, -2, -2, -2, 1,
        2, 2, 2, 2, 2, 2, 2, 2, -1, 2, 2, 2, 2, 2, 2, -1, 2, 2, -1, -2, -2, -2, 
        -2 ],
        [ IntegerRing() | 1, 2, 2, 2, 2, 2, 2, 2, 2, 2, 2, -1, 2, 2, 2, 2, 2, 2,
        -1, -2, -2, -2, -2, 1, -2, -2, -2, -2, -2, -2, -2, -2, -2, -2, -2, -2, 
        -2, -2, -1, 2, 2, 2, 2, 2, 2, -1, -2, -2, -2, -2, 1, -2, -2, -2, -2, -2,
        -2, -2, -2, -2, -2, -2, -2, -2, -2, -1, 2, 2, 2, 2, 2, 2, -1, -2, -2, 
        -2, -2, 1, -2, -2, -2, -2, -2, -2, -2, -2, -2, -2, -2, -2, -2, -2, -1, 
        2, 2, 2, 2, 2, 2, -1, -2, -2, -2, -2, 1, -2, -2, -2, -2, -2, -2, -2, -2,
        -2, -2, -2, -2, -2, -2, -1, 2, 2, 2, 2, 2, 2, -1, -2, -2, -2, -2, 1, -2,
        -2, -2, -2, -2, -2, -2, -2, -2, -2, -2, -2, -2, -2, -1, 2, 2, 2, 2, 2, 
        2, -1, -2, -2, -2, -2, 1, -2, -2, -2, -2, -2, -2, -2, -2, -2, -2, -2, 
        -2, -2, -2, -1, 2, 2, 2, 2, 2, 2, -1, -2, -2, -2, -2, 1, -2, -2, -2, -2,
        -2, -2, -2, -2, -2, -2, -2, -2, -2, -2, -1, 2, 2, 2, 2, 2, 2, -1, -2, 
        -2, -2, -2, 1, -2, -2, -2, -2, -2, -2, -2, -2, -2, -2, -2, -2, -2, -2, 
        -1, 2, 2, 2, 2, 2, 2, -1, -2, -2, -2, -2, 1, -2, -2, -2, -2, -2, -2, -2,
        -2, -2, -2, -2, -2, -2, -2, -1, 2, 2, 2, 2, 2, 2, -1, -2, -2, -2, -2, 1,
        -2, -2, -2, -2, -2, -2, -2, -2, -2, -2, -2, -2, -2, -2, -1, 2, 2, 2, 2, 
        2, 2, -1, -2, -2, -2, -2, 1, -2, -2, -2, -2, -2, -2, -2, -2, -2, -2, -2,
        -2, -2, -2, -1, 2, 2, 2, 2, 2, 2, -1, -2, -2, -2, -2, 1, 2, 2, 2, 2, 2, 
        2, 2, 2, 2, 2, 2, 2, 2, 2, 2, 2, 2, 2, -1, 2, 2, 2, 2, 2, 2, -1, 2, 2, 
        -1, 2 ],
        [ IntegerRing() | 1, 2, 2, 2, 2, 2, 2, 2, 2, 2, 2, -1, 2, 2, 2, 2, 2, 2,
        -1, -2, -2, -2, -2, 1, -2, -2, -2, -2, -2, -2, -2, -2, -2, -2, -2, -2, 
        -2, -2, -2, -2, -2, -2, -1, 2, 2, 2, 2, 2, 2, -1, -2, -2, -2, -2, 1, 1 
        ],
        [ IntegerRing() | 1, 2, 2, 2, 2, 2, 2, 2, 2, 2, 2, -1, 2, 2, 2, 2, 2, 2,
        -1, -2, -2, -2, -2, 1, -2, -2, -2, -2, -2, -2, -2, -2, -2, -2, -2, -2, 
        -2, -2, -1, 2, 2, 2, 2, 2, 2, -1, -2, -2, -2, -2, 1, -2, -2, -2, -2, -2,
        -2, -2, -2, -2, -2, -2, -2, -2, -2, -1, 2, 2, 2, 2, 2, 2, -1, -2, -2, 
        -2, -2, 1, -2, -2, -2, -2, -2, -2, -2, -2, -2, -2, -2, -2, -2, -2, -1, 
        2, 2, 2, 2, 2, 2, -1, -2, -2, -2, -2, 1, -2, -2, -2, -2, -2, -2, -2, -2,
        -2, -2, -2, -2, -2, -2, -1, 2, 2, 2, 2, 2, 2, -1, -2, -2, -2, -2, 1, -2,
        -2, -2, -2, -2, -2, -2, -2, -2, -2, -2, -2, -2, -2, -1, 2, 2, 2, 2, 2, 
        2, -1, -2, -2, -2, -2, 1, -2, -2, -2, -2, -2, -2, -2, -2, -2, -2, -2, 
        -2, -2, -2, -1, 2, 2, 2, 2, 2, 2, -1, -2, -2, -2, -2, 1, -2, -2, -2, -2,
        -2, -2, -2, -2, -2, -2, -2, -2, -2, -2, -1, 2, 2, 2, 2, 2, 2, -1, -2, 
        -2, -2, -2, 1, 2, 2, 2, 2, 2, 2, 2, 2, 2, 2, 2, 2, -1, 2, 2, 2, 2, 2, 2,
        -1, 2, 2, -1, 2, 2, -1, -2, -2, 1, 2, 2 ],
        [ IntegerRing() | 1, 2, 2, 2, 2, 2, 2, 2, 2, 2, 2, 2, 2, 2, 2, 2, 2, 2, 
        2, 2, 2, 2, 2, 2, 2, 2, 2, 2, 2, 2, 2, 2, 2, 2, 2, -1, 2, 2, 2, 2, 2, 2,
        -1, -2, -2, -2, -2, 1, 2, 2, 2, 2, 2, 2, 2, 2, -1, 2, 2, 2, 2, 2, 2, -1,
        -2, -2, -2, -2 ],
        [ IntegerRing() | 1, 2, 2, 2, 2, 2, 2, 2, 2, 2, 2, -1, 2, 2, 2, 2, 2, 2,
        -1, -2, -2, -2, -2, 1, -2, -2, -2, -2, -2, -2, -2, -2, -2, -2, -2, -2, 
        -2, -2, -1, 2, 2, 2, 2, 2, 2, -1, -2, -2, -2, -2, 1, -2, -2, -2, -2, -2,
        -2, -2, -2, -2, -2, -2, -2, -2, -2, -1, 2, 2, 2, 2, 2, 2, -1, -2, -2, 
        -2, -2, 1, -2, -2, -2, -2, -2, -2, -2, -2, -2, -2, -2, -2, -2, -2, -1, 
        2, 2, 2, 2, 2, 2, -1, -2, -2, -2, -2, 1, -2, -2, -2, -2, -2, -2, -2, -2,
        -2, -2, -2, -2, -2, -2, -1, 2, 2, 2, 2, 2, 2, -1, -2, -2, -2, -2, 1, -2,
        -2, -2, -2, -2, -2, -2, -2, -2, -2, -2, -2, -2, -2, -1, 2, 2, 2, 2, 2, 
        2, -1, -2, -2, -2, -2, 1, -2, -2, -2, -2, -2, -2, -2, -2, -2, -2, -2, 
        -2, -2, -2, -1, 2, 2, 2, 2, 2, 2, -1, -2, -2, -2, -2, 1, -2, -2, -2, -2,
        -2, -2, -2, -2, -2, -2, -2, -2, -2, -2, -1, 2, 2, 2, 2, 2, 2, -1, -2, 
        -2, -2, -2, 1, -2, -2, -2, -2, -1, 2, 2, 2, 2, 2, 2, -1, -2, -2, -2, -2,
        1, 2, 2, -1, 2, 2, 2, 2, 2, 2, -1, -2, -2, -2, -2, 1, 2, 2, -1, 2, 2, 1,
        2, 2, 1, 2, 2, 2, 2 ]
    ], level := 70, genus := 4, index := 70, contains_minus_one := true, 
    subgroups := [ IntegerRing() | 2206, 3679, 3680, 3747, 3749, 4340, 4486, 
    4487, 5755, 6268, 6656, 7334 ], supergroups := [ IntegerRing() | 16, 90, 406
    ], name := "70A4", label := "A", order := 3456, GLZConj := 2, matgens := [ 
        PowerSequence(IntegerRing(70)) |
        [ IntegerRing(70) | 1, 35, 35, 36 ],
        [ IntegerRing(70) | 11, 10, 0, 51 ],
        [ IntegerRing(70) | 21, 60, 40, 21 ],
        [ IntegerRing(70) | 29, 0, 0, 29 ],
        [ IntegerRing(70) | 29, 28, 14, 57 ],
        [ IntegerRing(70) | 31, 20, 10, 11 ],
        [ IntegerRing(70) | 41, 0, 0, 41 ],
        [ IntegerRing(70) | 41, 55, 30, 1 ],
        [ IntegerRing(70) | 43, 0, 56, 57 ],
        [ IntegerRing(70) | 43, 42, 0, 57 ]
    ], cusps := [ IntegerRing() | 70 ], c2 := [ IntegerRing() | 1, 1, 1, 1, 2, 
    2, 2, 2, 2, 2, 2, 2, 2, 2, 2, 2, 2, 2, 2, 2, 2, 2, 2, 2, 2, 2, 2, 2, 2, 2, 
    2, 2, 2, 2, 2, 2, 2 ], c3 := [ IntegerRing() | 1, 1, 1, 1, 3, 3, 3, 3, 3, 3,
    3, 3, 3, 3, 3, 3, 3, 3, 3, 3, 3, 3, 3, 3, 3, 3 ], gc := [ IntegerRing() | 2,
    6, 6, 8, 24, 24 ], special_name := [], special_name_html := [], 
    direct_subgroups := [ IntegerRing() | 2206, 3679, 3680, 3747, 3749, 4340, 
    4486, 4487, 5755, 6268, 6656, 7334 ], direct_supergroups := [ IntegerRing() 
    | 90, 406 ], length := 35, treename := [ PowerSequence(IntegerRing()) |
        [ IntegerRing() | 350, 2, 4, 9 ],
        [ IntegerRing() | 350, 2, 8, 4 ],
        [ IntegerRing() | 420, 2, 6, 12 ],
        [ IntegerRing() | 420, 2, 12, 6 ],
        [ IntegerRing() | 490, 2, 5, 9 ],
        [ IntegerRing() | 490, 2, 10, 5 ],
        [ IntegerRing() | 560, 2, 5, 7 ],
        [ IntegerRing() | 560, 2, 9, 5 ]
    ], treesupergroups := [ PowerSequence(IntegerRing()) |
        [ IntegerRing() | 350, 2, 4 ],
        [ IntegerRing() | 350, 2, 8 ],
        [ IntegerRing() | 300, 5 ],
        [ IntegerRing() | 420, 2, 6 ],
        [ IntegerRing() | 420, 2, 12 ],
        [ IntegerRing() | 490, 2, 5 ],
        [ IntegerRing() | 490, 2, 10 ],
        [ IntegerRing() | 560, 2, 5 ],
        [ IntegerRing() | 560, 2, 9 ]
    ]>,
    rec<recformat<generators: SeqEnum, level: IntegerRing(), genus: 
    IntegerRing(), index: IntegerRing(), contains_minus_one: BoolElt, subgroups:
    SeqEnum, supergroups: SeqEnum, name: MonStgElt, label: MonStgElt, order: 
    IntegerRing(), GLZConj: IntegerRing(), matgens: SeqEnum, cusps: SeqEnum, c2:
    SeqEnum, c3: SeqEnum, gc: SeqEnum, projections: SeqEnum, special_name: 
    SeqEnum, special_name_html: SeqEnum, direct_subgroups: SeqEnum, 
    direct_supergroups: SeqEnum, length: IntegerRing(), treename: SeqEnum, 
    treesupergroups: SeqEnum> | generators := [ PowerSequence(IntegerRing()) |
        [ IntegerRing() | 1, 2, 2, 2, 2, 2, 2, 2, 2, 2, 2, -1, 2, 2, 2, 2, 2, 2,
        -1, -2, -2, -2, -2, 1, -2, -2, -2, -2, -2, -2, -2, -2, -2, -2, -2, -2, 
        -2, -2, -2, -2, -2, -2, -1, 2, 2, 2, 2, 2, 2, -1, -2, -2, -2, -2, 1, 1 
        ],
        [ IntegerRing() | 1, 2, 2, 2, 2, 2, 2, 2, 2, 2, 2, -1, 2, 2, 2, 2, 2, 2,
        -1, -2, -2, -2, -2, 1, -2, -2, -2, -2, -2, -2, -2, -2, -2, -2, -2, -2, 
        -2, -2, -1, 2, 2, 2, 2, 2, 2, -1, -2, -2, -2, -2, 1, -2, -2, -2, -2, -2,
        -2, -2, -2, -2, -2, -2, -2, -2, -2, -1, 2, 2, 2, 2, 2, 2, -1, -2, -2, 
        -2, -2, 1, -2, -2, -2, -2, -2, -2, -2, -2, -2, -2, -2, -2, -2, -2, -2, 
        -2, -2, -2, -2, -2, -2, -2, -2, -2, -1, 2, 2, 2, 2, 2 ],
        [ IntegerRing() | 1, 2, 2, 2, 2, 2, 2, 2, 2, 2, 2, -1, 2, 2, 2, 2, 2, 2,
        -1, -2, -2, -2, -2, 1, -2, -2, -2, -2, -2, -2, -2, -2, -2, -2, -2, -2, 
        -2, -2, -1, 2, 2, 2, 2, 2, 2, -1, -2, -2, -2, -2, 1, -2, -2, -2, -2, -2,
        -2, -2, -2, -2, -2, -2, -2, -2, -2, -1, 2, 2, 2, 2, 2, 2, -1, -2, -2, 
        -2, -2, 1, -2, -2, -2, -2, -2, -2, -2, -2, -2, -2, -2, -2, -2, -2, -1, 
        2, 2, 2, 2, 2, 2, -1, -2, -2, -2, -2, 1, -2, -2, -2, -2, -2, -2, -2, -2,
        -2, -2, -2, -2, -2, -2, -1, 2, 2, 2, 2, 2, 2, -1, -2, -2, -2, -2, 1, -2,
        -2, -2, -2, -2, -2, -2, -2, -2, -2, -2, -2, -2, -2, -1, 2, 2, 2, 2, 2, 
        2, -1, -2, -2, -2, -2, 1, -2, -2, -2, -2, -2, -2, -2, -2, -2, -2, -2, 
        -2, -2, -2, -1, 2, 2, 2, 2, 2, 2, -1, -2, -2, -2, -2, 1, -2, -2, -2, -2,
        -2, -2, -2, -2, -2, -2, -2, -2, -2, -2, -1, 2, 2, 2, 2, 2, 2, -1, -2, 
        -2, -2, -2, 1, -2, -2, -2, -2, -2, -2, -2, -2, -2, -2, -2, -2, -2, -2, 
        -1, 2, 2, 2, 2, 2, 2, -1, -2, -2, -2, -2, 1, -2, -2, -2, -2, -2, -2, -2,
        -2, -2, -2, -2, -2, -2, -2, -1, 2, 2, 2, 2, 2, 2, -1, -2, -2, -2, -2, 1,
        -2, -2, -2, -2, -1, 2, 2, 2, 2, 2, 2, -1, 2, 2, -1, -2, -2, -2, -2, 1, 
        2, 2, -1 ],
        [ IntegerRing() | 1, 2, 2, 2, 2, 2, 2, 2, 2, 2, 2, -1, 2, 2, 2, 2, 2, 2,
        -1, -2, -2, -2, -2, 1, -2, -2, -2, -2, -2, -2, -2, -2, -2, -2, -2, -2, 
        -2, -2, -1, 2, 2, 2, 2, 2, 2, -1, -2, -2, -2, -2, 1, -2, -2, -2, -2, -2,
        -2, -2, -2, -2, -2, -2, -2, -2, -2, -1, 2, 2, 2, 2, 2, 2, -1, -2, -2, 
        -2, -2, 1, -2, -2, -2, -2, -2, -2, -2, -2, -2, -2, -2, -2, -2, -2, -1, 
        2, 2, 2, 2, 2, 2, -1, -2, -2, -2, -2, 1, -2, -2, -2, -2, -2, -2, -2, -2,
        -2, -2, -2, -2, -2, -2, -1, 2, 2, 2, 2, 2, 2, -1, -2, -2, -2, -2, 1, -2,
        -2, -2, -2, -2, -2, -2, -2, -2, -2, -2, -2, -2, -2, -1, 2, 2, 2, 2, 2, 
        2, -1, -2, -2, -2, -2, 1, -2, -2, -2, -2, -2, -2, -2, -2, -2, -2, -2, 
        -2, -2, -2, -1, 2, 2, 2, 2, 2, 2, -1, -2, -2, -2, -2, 1, -2, -2, -2, -2,
        -2, -2, -2, -2, -2, -2, -2, -2, -2, -2, -1, 2, 2, 2, 2, 2, 2, -1, -2, 
        -2, -2, -2, 1, -2, -2, -2, -2, -2, -2, -2, -2, -2, -2, -2, -2, -2, -2, 
        -1, 2, 2, 2, 2, 2, 2, -1, -2, -2, -2, -2, 1, -2, -2, -2, -2, -2, -2, -2,
        -2, -2, -2, -2, -2, -2, -2, -1, 2, 2, 2, 2, 2, 2, -1, -2, -2, -2, -2, 1,
        2, 2, 2, 2, 2, 2, 2, 2, 2, 2, 2, 2, 2, 2, 2, 2, 2, 2, 2, 2, 2, 2, 2, 2, 
        -1, 2, 2, 2, 2, 2, 2, -1, -2, -2, -2, -2, 1, 2, 2, 2, 2, 2, 2, 2, 2, -1,
        2, 2, 2, 2, 2, 2, 2, 2, 1, 2, 2 ],
        [ IntegerRing() | 1, 2, 2, 2, 2, 2, 2, 2, 2, 2, 2, -1, 2, 2, 2, 2, 2, 2,
        -1, -2, -2, -2, -2, 1, -2, -2, -2, -2, -2, -2, -2, -2, -2, -2, -2, -2, 
        -2, -2, -1, 2, 2, 2, 2, 2, 2, -1, -2, -2, -2, -2, 1, -2, -2, -2, -2, -2,
        -2, -2, -2, -2, -2, -2, -2, -2, -2, -1, 2, 2, 2, 2, 2, 2, -1, -2, -2, 
        -2, -2, 1, -2, -2, -2, -2, -2, -2, -2, -2, -2, -2, -2, -2, -2, -2, -1, 
        2, 2, 2, 2, 2, 2, -1, -2, -2, -2, -2, 1, -2, -2, -2, -2, -2, -2, -2, -2,
        -2, -2, -2, -2, -2, -2, -1, 2, 2, 2, 2, 2, 2, -1, -2, -2, -2, -2, 1, -2,
        -2, -2, -2, -2, -2, -2, -2, -2, -2, -2, -2, -2, -2, -1, 2, 2, 2, 2, 2, 
        2, -1, -2, -2, -2, -2, 1, 2, 2, 2, 2, 2, 2, 2, 2, 2, 2, 2, 2, 2, 2, 2, 
        2, 2, 2, 2, 2, 2, 2, 2, 2, 2, 2, 2, 2, 2, 2, -1, 2, 2, 2, 2, 2, 2, -1, 
        2, 2, -1, 2, 2, -1, -2, -2, 1, 2, 2, 1, 2, 2, 2, 2, 1 ],
        [ IntegerRing() | 1, 2, 2, 2, 2, 2, 2, 2, 2, 2, 2, -1, 2, 2, 2, 2, 2, 2,
        -1, -2, -2, -2, -2, 1, -2, -2, -2, -2, -2, -2, -2, -2, -2, -2, -2, -2, 
        -2, -2, -1, 2, 2, 2, 2, 2, 2, -1, -2, -2, -2, -2, 1, -2, -2, -2, -2, -2,
        -2, -2, -2, -2, -2, -2, -2, -2, -2, -1, 2, 2, 2, 2, 2, 2, -1, -2, -2, 
        -2, -2, 1, -2, -2, -2, -2, -2, -2, -2, -2, -2, -2, -2, -2, -2, -2, -1, 
        2, 2, 2, 2, 2, 2, -1, -2, -2, -2, -2, 1, -2, -2, -2, -2, -2, -2, -2, -2,
        -2, -2, -2, -2, -2, -2, -1, 2, 2, 2, 2, 2, 2, -1, -2, -2, -2, -2, 1, -2,
        -2, -2, -2, -2, -2, -2, -2, -2, -2, -2, -2, -2, -2, -1, 2, 2, 2, 2, 2, 
        2, -1, -2, -2, -2, -2, 1, -2, -2, -2, -2, -2, -2, -2, -2, -2, -2, -2, 
        -2, -2, -2, -1, 2, 2, 2, 2, 2, 2, -1, -2, -2, -2, -2, 1, -2, -2, -2, -2,
        -2, -2, -2, -2, -2, -2, -2, -2, -2, -2, -1, 2, 2, 2, 2, 2, 2, -1, -2, 
        -2, -2, -2, 1, 2, 2, 2, 2, 2, 2, 2, 2, 2, 2, 2, 2, -1, 2, 2, 2, 2, 2, 2,
        -1, 2, 2, -1, 2, 2, -1, -2, -2, 1, 2, 2 ],
        [ IntegerRing() | 1, 2, 2, 2, 2, 2, 2, 2, 2, 2, 2, -1, 2, 2, 2, 2, 2, 2,
        -1, -2, -2, -2, -2, 1, -2, -2, -2, -2, -2, -2, -2, -2, -2, -2, -2, -2, 
        -2, -2, -1, 2, 2, 2, 2, 2, 2, -1, -2, -2, -2, -2, 1, -2, -2, -2, -2, -2,
        -2, -2, -2, -2, -2, -2, -2, -2, -2, -1, 2, 2, 2, 2, 2, 2, -1, -2, -2, 
        -2, -2, 1, -2, -2, -2, -2, -2, -2, -2, -2, -2, -2, -2, -2, -2, -2, -1, 
        2, 2, 2, 2, 2, 2, -1, -2, -2, -2, -2, 1, -2, -2, -2, -2, -2, -2, -2, -2,
        -2, -2, -2, -2, -2, -2, -1, 2, 2, 2, 2, 2, 2, -1, -2, -2, -2, -2, 1, -2,
        -2, -2, -2, -2, -2, -2, -2, -2, -2, -2, -2, -2, -2, -1, 2, 2, 2, 2, 2, 
        2, -1, -2, -2, -2, -2, 1, -2, -2, -2, -2, -2, -2, -2, -2, -2, -2, -2, 
        -2, -2, -2, -1, 2, 2, 2, 2, 2, 2, -1, -2, -2, -2, -2, 1, -2, -2, -2, -2,
        -2, -2, -2, -2, -2, -2, -2, -2, -2, -2, -1, 2, 2, 2, 2, 2, 2, -1, -2, 
        -2, -2, -2, 1, -2, -2, -2, -2, -2, -2, -2, -2, -2, -2, -2, -2, -2, -2, 
        -1, 2, 2, 2, 2, 2, 2, -1, -2, -2, -2, -2, 1, -2, -2, -2, -2, -2, -2, -2,
        -2, -2, -2, -2, -2, -2, -2, -1, 2, 2, 2, 2, 2, 2, -1, -2, -2, -2, -2, 1,
        -2, -2, -2, -2, -2, -2, -2, -2, -2, -2, -2, -2, -2, -2, -1, 2, 2, 2, 2, 
        2, 2, -1, -2, -2, -2, -2, 1, 2, 2, 2, 2, 2, 2, 2, 2, 2, 2, 2, 2, 2, 2, 
        2, 2, 2, 2, 2, 2, 2, 2, -1, 2, 2, 2, 2, 2, 2, -1, -2, -2, -2, -2 ],
        [ IntegerRing() | 1, 2, 2, 2, 2, 2, 2, 2, 2, 2, 2, 2, 2, 2, 2, 2, 2, 2, 
        2, 2, 2, 2, 2, 2, 2, 2, 2, 2, 2, 2, 2, 2, 2, 2, 2, 2, 2, 2, 2, 2, 2, 2, 
        2, 2, 2, 2, 2, 2, 2, 2, 2, 2, 2, 2, 2, 2, 2, 2, 2, 2, 2, -1 ]
    ], level := 70, genus := 4, index := 80, contains_minus_one := true, 
    subgroups := [ IntegerRing() | 1914, 3750, 3751, 3752, 3753, 4488, 4489, 
    4628, 4629, 4630, 5288, 5289, 5377, 5378, 5379, 5478, 5479, 5480, 5481, 
    6315, 6659, 7679, 7834 ], supergroups := [ IntegerRing() | 2, 16, 69, 91, 
    407 ], name := "70B4", label := "B", order := 3024, GLZConj := 1, matgens :=
    [ PowerSequence(IntegerRing(70)) |
        [ IntegerRing(70) | 1, 0, 10, 1 ],
        [ IntegerRing(70) | 15, 28, 28, 29 ],
        [ IntegerRing(70) | 29, 0, 0, 29 ],
        [ IntegerRing(70) | 31, 0, 40, 61 ],
        [ IntegerRing(70) | 36, 35, 35, 1 ],
        [ IntegerRing(70) | 43, 42, 0, 57 ],
        [ IntegerRing(70) | 51, 0, 40, 11 ],
        [ IntegerRing(70) | 57, 0, 14, 43 ]
    ], cusps := [ IntegerRing() | 10, 70 ], c2 := [ IntegerRing() | 2, 2, 2, 2, 
    2, 2, 2, 2, 2, 2, 2, 2, 2, 2, 2, 2, 2, 2, 2, 2, 2, 2, 2, 2, 2, 2, 2, 2, 2, 
    2, 2, 2, 2, 2, 2, 2, 2, 2, 2, 2 ], c3 := [ IntegerRing() | 1, 1, 1, 1, 1, 1,
    1, 1, 3, 3, 3, 3, 3, 3, 3, 3, 3, 3, 3, 3, 3, 3, 3, 3, 3, 3, 3, 3, 3, 3, 3, 3
    ], gc := [ IntegerRing() | 1, 1, 4, 4, 6, 24 ], special_name := [], 
    special_name_html := [], direct_subgroups := [ IntegerRing() | 1914, 3750, 
    3751, 3752, 3753, 4488, 4489, 4628, 4629, 4630, 5288, 5289, 5377, 5378, 
    5379, 5478, 5479, 5480, 5481, 6315, 6659, 7679, 7834 ], direct_supergroups 
    := [ IntegerRing() | 69, 91, 407 ], length := 40, treename := [ 
        PowerSequence(IntegerRing()) |
        [ IntegerRing() | 350, 1, 4, 11 ],
        [ IntegerRing() | 350, 1, 7, 4 ],
        [ IntegerRing() | 420, 1, 6, 20 ],
        [ IntegerRing() | 420, 1, 13, 6 ],
        [ IntegerRing() | 490, 1, 5, 10 ],
        [ IntegerRing() | 490, 1, 10, 5 ],
        [ IntegerRing() | 560, 1, 5, 10 ],
        [ IntegerRing() | 560, 1, 10, 5 ]
    ], treesupergroups := [ PowerSequence(IntegerRing()) |
        [ IntegerRing() | 350, 1, 4 ],
        [ IntegerRing() | 350, 1, 7 ],
        [ IntegerRing() | 300, 5, 10 ],
        [ IntegerRing() | 300, 8 ],
        [ IntegerRing() | 300, 5 ],
        [ IntegerRing() | 420, 1, 6 ],
        [ IntegerRing() | 420, 1, 13 ],
        [ IntegerRing() | 490, 1, 5 ],
        [ IntegerRing() | 490, 1, 10 ],
        [ IntegerRing() | 560, 1, 5 ],
        [ IntegerRing() | 560, 1, 10 ]
    ]>,
    rec<recformat<generators: SeqEnum, level: IntegerRing(), genus: 
    IntegerRing(), index: IntegerRing(), contains_minus_one: BoolElt, subgroups:
    SeqEnum, supergroups: SeqEnum, name: MonStgElt, label: MonStgElt, order: 
    IntegerRing(), GLZConj: IntegerRing(), matgens: SeqEnum, cusps: SeqEnum, c2:
    SeqEnum, c3: SeqEnum, gc: SeqEnum, projections: SeqEnum, special_name: 
    SeqEnum, special_name_html: SeqEnum, direct_subgroups: SeqEnum, 
    direct_supergroups: SeqEnum, length: IntegerRing(), treename: SeqEnum, 
    treesupergroups: SeqEnum> | generators := [ PowerSequence(IntegerRing()) |
        [ IntegerRing() | 1, 2, 2, 2, 2, 2, 2, 2, 2, 2, 2, -1, 2, 2, 2, 2, 2, 2,
        -1, -2, -2, -2, -2, 1, -2, -2, -2, -2, -2, -2, -2, -2, -2, -2, -2, -2, 
        -2, -2, -2, -2, -2, -2, -1, 2, 2, 2, 2, 2, 2, -1, -2, -2, -2, -2, 1, 1 
        ],
        [ IntegerRing() | 1, 2, 2, 2, 2, 2, 2, 2, 2, 2, 2, -1, 2, 2, 2, 2, 2, 2,
        -1, -2, -2, -2, -2, 1, -2, -2, -2, -2, -2, -2, -2, -2, -2, -2, -2, -2, 
        -2, -2, -1, 2, 2, 2, 2, 2, 2, -1, -2, -2, -2, -2, 1, -2, -2, -2, -2, -2,
        -2, -2, -2, -2, -2, -2, -2, -2, -2, -1, 2, 2, 2, 2, 2, 2, -1, -2, -2, 
        -2, -2, 1, -2, -2, -2, -2, -2, -2, -2, -2, -2, -2, -2, -2, -2, -2, -1, 
        2, 2, 2, 2, 2, 2, -1, -2, -2, -2, -2, 1, -2, -2, -2, -2, -2, -2, -2, -2,
        -2, -2, -2, -2, -2, -2, -1, 2, 2, 2, 2, 2, 2, -1, -2, -2, -2, -2, 1, -2,
        -2, -2, -2, -2, -2, -2, -2, -2, -2, -2, -2, -2, -2, -1, 2, 2, 2, 2, 2, 
        2, -1, -2, -2, -2, -2, 1, -2, -2, -2, -2, -2, -2, -2, -2, -2, -2, -2, 
        -2, -2, -2, -1, 2, 2, 2, 2, 2, 2, -1, -2, -2, -2, -2, 1, -2, -2, -2, -2,
        -2, -2, -2, -2, -2, -2, -2, -2, -2, -2, -1, 2, 2, 2, 2, 2, 2, -1, -2, 
        -2, -2, -2, 1, -2, -2, -2, -2, -2, -2, -2, -2, -2, -2, -2, -2, -2, -2, 
        -1, 2, 2, 2, 2, 2, 2, -1, -2, -2, -2, -2, 1, -2, -2, -2, -2, -2, -2, -2,
        -2, -2, -2, -2, -2, -2, -2, -1, 2, 2, 2, 2, 2, 2, -1, -2, -2, -2, -2, 1,
        -2, -2, -2, -2, -1, 2, 2, 2, 2, 2, 2, -1, -2, -2, -2, -2, 1, 2, 2, -1, 
        2, 2, 2, 2, 2, 2, -1, -2, -2, -2, -2 ],
        [ IntegerRing() | 1, 2, 2, 2, 2, 2, 2, 2, 2, 2, 2, -1, 2, 2, 2, 2, 2, 2,
        -1, -2, -2, -2, -2, 1, -2, -2, -2, -2, -2, -2, -2, -2, -2, -2, -2, -2, 
        -2, -2, -1, 2, 2, 2, 2, 2, 2, -1, -2, -2, -2, -2, 1, -2, -2, -2, -2, -2,
        -2, -2, -2, -2, -2, -2, -2, -2, -2, -1, 2, 2, 2, 2, 2, 2, -1, -2, -2, 
        -2, -2, 1, -2, -2, -2, -2, -1, 2, 2, 2, 2, 2, 2, -1, 2, 2, -1, -2, -2, 
        -2, -2, 1, 2, 2, -1, 2, 2, 2, 2, 1, 2, 2, 1, 2, 2, 2, 1 ],
        [ IntegerRing() | 1, 2, 2, 2, 2, 2, 2, 2, 2, 2, 2, -1, 2, 2, 2, 2, 2, 2,
        -1, -2, -2, -2, -2, 1, -2, -2, -2, -2, -2, -2, -2, -2, -2, -2, -2, -2, 
        -2, -2, -1, 2, 2, 2, 2, 2, 2, -1, -2, -2, -2, -2, 1, -2, -2, -2, -2, -2,
        -2, -2, -2, -2, -2, -2, -2, -2, -2, -1, 2, 2, 2, 2, 2, 2, -1, -2, -2, 
        -2, -2, 1, -2, -2, -2, -2, -2, -2, -2, -2, -2, -2, -2, -2, -2, -2, -1, 
        2, 2, 2, 2, 2, 2, -1, -2, -2, -2, -2, 1, -2, -2, -2, -2, -2, -2, -2, -2,
        -2, -2, -2, -2, -2, -2, -1, 2, 2, 2, 2, 2, 2, -1, -2, -2, -2, -2, 1, -2,
        -2, -2, -2, -2, -2, -2, -2, -2, -2, -2, -2, -2, -2, -1, 2, 2, 2, 2, 2, 
        2, -1, -2, -2, -2, -2, 1, -2, -2, -2, -2, -2, -2, -2, -2, -2, -2, -2, 
        -2, -2, -2, -1, 2, 2, 2, 2, 2, 2, -1, -2, -2, -2, -2, 1, 2, 2, 2, 2, 2, 
        2, 2, 2, 2, 2, 1, 1, 2, 1 ],
        [ IntegerRing() | 1, 2, 2, 2, 2, 2, 2, 2, 2, 2, 2, -1, 2, 2, 2, 2, 2, 2,
        -1, -2, -2, -2, -2, 1, -2, -2, -2, -2, -2, -2, -2, -2, -2, -2, -2, -2, 
        -2, -2, -1, 2, 2, 2, 2, 2, 2, -1, -2, -2, -2, -2, 1, -2, -2, -2, -2, -2,
        -2, -2, -2, -2, -2, -2, -2, -2, -2, -1, 2, 2, 2, 2, 2, 2, -1, -2, -2, 
        -2, -2, 1, -2, -2, -2, -2, -2, -2, -2, -2, -2, -2, -2, -2, -2, -2, -1, 
        2, 2, 2, 2, 2, 2, -1, -2, -2, -2, -2, 1, -2, -2, -2, -2, -2, -2, -2, -2,
        -2, -2, -2, -2, -2, -2, -1, 2, 2, 2, 2, 2, 2, -1, -2, -2, -2, -2, 1, -2,
        -2, -2, -2, -2, -2, -2, -2, -2, -2, -2, -2, -2, -2, -1, 2, 2, 2, 2, 2, 
        2, -1, -2, -2, -2, -2, 1, -2, -2, -2, -2, -2, -2, -2, -2, -2, -2, -2, 
        -2, -2, -2, -1, 2, 2, 2, 2, 2, 2, -1, -2, -2, -2, -2, 1, -2, -2, -2, -2,
        -2, -2, -2, -2, -2, -2, -2, -2, -2, -2, -1, 2, 2, 2, 2, 2, 2, -1, -2, 
        -2, -2, -2, 1, -2, -2, -2, -2, -2, -2, -2, -2, -2, -2, -2, -2, -2, -2, 
        -1, 2, 2, 2, 2, 2, 2, -1, -2, -2, -2, -2, 1, -2, -2, -2, -2, -2, -2, -2,
        -2, -2, -2, -2, -2, -2, -2, -1, 2, 2, 2, 2, 2, 2, -1, -2, -2, -2, -2, 1,
        2, 2, 2, 2, 2, 2, 2, 2, -1, 2, 2, 2, 2, 2, 2, -1, 2, 2, -1, -2, -2, -2, 
        -2 ],
        [ IntegerRing() | 1, 2, 2, 2, 2, 2, 2, 2, 2, 2, 2, -1, 2, 2, 2, 2, 2, 2,
        -1, -2, -2, -2, -2, 1, -2, -2, -2, -2, -2, -2, -2, -2, -2, -2, -2, -2, 
        -2, -2, -2, -2, -2, -2, -1, 2, 2, 2, 2, 2, 2, -1, -2, -2, -2, -2 ],
        [ IntegerRing() | 1, 2, 2, 2, 2, 2, 2, 2, 2, 2, 2, -1, 2, 2, 2, 2, 2, 2,
        -1, -2, -2, -2, -2, 1, -2, -2, -2, -2, -2, -2, -2, -2, -2, -2, -2, -2, 
        -2, -2, -1, 2, 2, 2, 2, 2, 2, -1, -2, -2, -2, -2, 1, -2, -2, -2, -2, -2,
        -2, -2, -2, -2, -2, -2, -2, -2, -2, -1, 2, 2, 2, 2, 2, 2, -1, -2, -2, 
        -2, -2, 1, -2, -2, -2, -2, -2, -2, -2, -2, -2, -2, -2, -2, -2, -2, -1, 
        2, 2, 2, 2, 2, 2, -1, -2, -2, -2, -2, 1, -2, -2, -2, -2, -2, -2, -2, -2,
        -2, -2, -2, -2, -2, -2, -1, 2, 2, 2, 2, 2, 2, -1, -2, -2, -2, -2, 1, -2,
        -2, -2, -2, -2, -2, -2, -2, -2, -2, -2, -2, -2, -2, -1, 2, 2, 2, 2, 2, 
        2, -1, -2, -2, -2, -2, 1, 2, 2, 2, 2, 2, 2, 2, 2, 2, 2, 2, 2, 2, 2, 2, 
        2, 2, 2, 2, 2, 2, 2, 2, 2, 2, 2, 2, 2, 2, 2, 2, 2, 2, 2, 2, 2, 2, 2, 2, 
        2, 2, 2, 2, 2, -1, 2, 2, 2, 2, 2, 2, -1, 2, 2, -1, 2, 2, -1, -2, -2, 1, 
        2, 2, 1, 2, 2, 2, 2, 1 ],
        [ IntegerRing() | 1, 2, 2, 2, 2, 2, 2, 2, 2, 2, 2, -1, 2, 2, 2, 2, 2, 2,
        -1, -2, -2, -2, -2, 1, -2, -2, -2, -2, -2, -2, -2, -2, -2, -2, -2, -2, 
        -2, -2, -1, 2, 2, 2, 2, 2, 2, -1, -2, -2, -2, -2, 1, -2, -2, -2, -2, -2,
        -2, -2, -2, -2, -2, -2, -2, -2, -2, -1, 2, 2, 2, 2, 2, 2, -1, -2, -2, 
        -2, -2, 1, -2, -2, -2, -2, -2, -2, -2, -2, -2, -2, -2, -2, -2, -2, -1, 
        2, 2, 2, 2, 2, 2, -1, -2, -2, -2, -2, 1, -2, -2, -2, -2, -2, -2, -2, -2,
        -2, -2, -2, -2, -2, -2, -1, 2, 2, 2, 2, 2, 2, -1, -2, -2, -2, -2, 1, -2,
        -2, -2, -2, -2, -2, -2, -2, -2, -2, -2, -2, -2, -2, -1, 2, 2, 2, 2, 2, 
        2, -1, -2, -2, -2, -2, 1, -2, -2, -2, -2, -2, -2, -2, -2, -2, -2, -2, 
        -2, -2, -2, -1, 2, 2, 2, 2, 2, 2, -1, -2, -2, -2, -2, 1, -2, -2, -2, -2,
        -2, -2, -2, -2, -2, -2, -2, -2, -2, -2, -1, 2, 2, 2, 2, 2, 2, -1, -2, 
        -2, -2, -2, 1, 2, 2, 2, 2, 2, 2, 2, 2, 2, 2, 2, 2, 2, 2, 2, 2, 2, 2, 2, 
        2, 2, 2, 2, 2, 2, 2, 2, 2, 2, 2, 2, 2, 2, 2, 2, 2, 2, 2, -1, 2, 2, 2, 2,
        2, 2, -1, 2, 2, -1, 2, 2, -1, -2, -2, -2, -2, 1, 1, 1, 2, 1 ],
        [ IntegerRing() | 1, 2, 2, 2, 2, 2, 2, 2, 2, 2, 2, -1, 2, 2, 2, 2, 2, 2,
        -1, -2, -2, -2, -2, 1, -2, -2, -2, -2, -2, -2, -2, -2, -2, -2, -2, -2, 
        -2, -2, -1, 2, 2, 2, 2, 2, 2, -1, -2, -2, -2, -2, 1, -2, -2, -2, -2, -2,
        -2, -2, -2, -2, -2, -2, -2, -2, -2, -1, 2, 2, 2, 2, 2, 2, -1, -2, -2, 
        -2, -2, 1, -2, -2, -2, -2, -2, -2, -2, -2, -2, -2, -2, -2, -2, -2, -1, 
        2, 2, 2, 2, 2, 2, -1, -2, -2, -2, -2, 1, -2, -2, -2, -2, -2, -2, -2, -2,
        -2, -2, -2, -2, -2, -2, -1, 2, 2, 2, 2, 2, 2, -1, -2, -2, -2, -2, 1, -2,
        -2, -2, -2, -2, -2, -2, -2, -2, -2, -2, -2, -2, -2, -1, 2, 2, 2, 2, 2, 
        2, -1, -2, -2, -2, -2, 1, -2, -2, -2, -2, -2, -2, -2, -2, -2, -2, -2, 
        -2, -2, -2, -1, 2, 2, 2, 2, 2, 2, -1, -2, -2, -2, -2, 1, -2, -2, -2, -2,
        -2, -2, -2, -2, -2, -2, -2, -2, -2, -2, -2, -2, -2, -2, -1, 2, 2, 2, 2, 
        2, 2, -1, 2, 2, -1, 2, 2, -1, -2, -2, -2, -2, 1, 2, 2, -1 ]
    ], level := 70, genus := 4, index := 84, contains_minus_one := true, 
    subgroups := [ IntegerRing() | 2209, 2781, 2917, 2918, 2919, 2920, 3133, 
    3487, 3754, 4492, 6660, 6939 ], supergroups := [ IntegerRing() | 17, 70, 408
    ], name := "70C4", label := "C", order := 2880, GLZConj := 2, matgens := [ 
        PowerSequence(IntegerRing(70)) |
        [ IntegerRing(70) | 1, 35, 35, 36 ],
        [ IntegerRing(70) | 11, 10, 0, 51 ],
        [ IntegerRing(70) | 11, 50, 60, 31 ],
        [ IntegerRing(70) | 15, 28, 28, 57 ],
        [ IntegerRing(70) | 29, 0, 0, 29 ],
        [ IntegerRing(70) | 41, 0, 0, 41 ],
        [ IntegerRing(70) | 43, 42, 35, 57 ],
        [ IntegerRing(70) | 51, 15, 45, 16 ],
        [ IntegerRing(70) | 61, 30, 50, 51 ]
    ], cusps := [ IntegerRing() | 14, 70 ], c2 := [ IntegerRing() | 1, 1, 1, 1, 
    1, 1, 1, 1, 1, 1, 1, 1, 2, 2, 2, 2, 2, 2, 2, 2, 2, 2, 2, 2, 2, 2, 2, 2, 2, 
    2, 2, 2, 2, 2, 2, 2, 2, 2, 2, 2, 2, 2, 2, 2, 2, 2, 2, 2 ], c3 := [ 
    IntegerRing() | 3, 3, 3, 3, 3, 3, 3, 3, 3, 3, 3, 3, 3, 3, 3, 3, 3, 3, 3, 3, 
    3, 3, 3, 3, 3, 3, 3, 3 ], gc := [ IntegerRing() | 2, 2, 6, 6, 6, 6, 8, 24, 
    24 ], special_name := [], special_name_html := [], direct_subgroups := [ 
    IntegerRing() | 2209, 2781, 2917, 2918, 2919, 2920, 3133, 3487, 3754, 4492, 
    6660, 6939 ], direct_supergroups := [ IntegerRing() | 70, 408 ], length := 
    42, treename := [ PowerSequence(IntegerRing()) |
        [ IntegerRing() | 350, 2, 2, 12 ],
        [ IntegerRing() | 420, 2, 2, 12 ],
        [ IntegerRing() | 490, 2, 3, 12 ],
        [ IntegerRing() | 560, 2, 2, 9 ]
    ], treesupergroups := [ PowerSequence(IntegerRing()) |
        [ IntegerRing() | 350, 2, 2 ],
        [ IntegerRing() | 300, 2, 13 ],
        [ IntegerRing() | 300, 2 ],
        [ IntegerRing() | 420, 2, 2 ],
        [ IntegerRing() | 490, 2, 3 ],
        [ IntegerRing() | 560, 2, 2 ]
    ]>
]
;

